2.549776066790352615e+02 8.228512059369202802e+01 1.811999257884972110e+02
2.549760482374768173e+02 8.260517625231911154e+01 1.809397773654916648e+02
2.549735250463821785e+02 8.013434137291280024e+01 1.800905936920222530e+02
2.549789053803339414e+02 9.826348794063079595e+01 1.862534508348794020e+02
2.549837476808905308e+02 9.197044526901669315e+01 1.838189239332096463e+02
2.549764007421150325e+02 8.784350649350649576e+01 1.821876066790352411e+02
2.549781076066790320e+02 8.771348794063079879e+01 1.820450834879406443e+02
2.549832096474953573e+02 9.645235621521335645e+01 1.859176623376623354e+02
2.549830055658626975e+02 9.903513914656771533e+01 1.871960296846011147e+02
2.549882745825603081e+02 1.004717254174396999e+02 1.884244526901669872e+02
2.549862523191094681e+02 1.004331539888682698e+02 1.887496289424860834e+02
2.549897588126159462e+02 1.002056215213358001e+02 1.888205009276437920e+02
2.549897402597402731e+02 1.005653988868274524e+02 1.886374397031540013e+02
2.549876252319109540e+02 1.014150278293135443e+02 1.887030612244898009e+02
2.549880519480519467e+02 1.026533951762523174e+02 1.887027643784786619e+02
2.549893135435992519e+02 1.039365491651205957e+02 1.892091465677179940e+02
2.549882745825603081e+02 1.014813914656771772e+02 1.883243599257884853e+02
2.549909833024118768e+02 1.018910760667903475e+02 1.881520037105751442e+02
2.549895547309833148e+02 1.027768460111317239e+02 1.882870871985157635e+02
2.549886641929498978e+02 1.031197217068645671e+02 1.891105565862708602e+02
2.549921706864564044e+02 1.041379591836734733e+02 1.891230426716140869e+02
2.549825788497217047e+02 1.048529499072356259e+02 1.893745640074211565e+02
2.549855844155844125e+02 1.024791465677179900e+02 1.884250463821892367e+02
2.549850278293135375e+02 9.631443413729128622e+01 1.859327643784786517e+02
2.549848979591836837e+02 9.221398886827458341e+01 1.843019666048237468e+02
2.549846196660482462e+02 9.346241187384045190e+01 1.848312430426716162e+02
2.549858998144712530e+02 9.883048237476809561e+01 1.872452319109461882e+02
2.549855473098330378e+02 1.017138775510204027e+02 1.887399257884972030e+02
2.549861038961038844e+02 1.053742857142857190e+02 1.898578849721706945e+02
2.549862337662337666e+02 1.051944526901669690e+02 1.902726159554730998e+02
2.549853988868274541e+02 1.048205936920222570e+02 1.899020964749536233e+02
2.549843413729128088e+02 1.045845083487940599e+02 1.895547495361781216e+02
2.549832282003710588e+02 1.042186456400742145e+02 1.895798886827458318e+02
2.549833209647495380e+02 1.008248794063079714e+02 1.880439888682745959e+02
2.549903525046382242e+02 1.013291651205936859e+02 1.885236178107606690e+02
2.549900556586270852e+02 1.023232838589981384e+02 1.891619480519480589e+02
2.549920222634508207e+02 1.032498515769944305e+02 1.899124304267161278e+02
2.549889424860853353e+02 1.046878107606679009e+02 1.902753803339517731e+02
2.549891280148422936e+02 1.054891651205936967e+02 1.905089610389610471e+02
2.549897402597402731e+02 1.051257884972170729e+02 1.899341372912801376e+02
2.549880705009276483e+02 1.009734322820037136e+02 1.881917068645639972e+02
2.549844155844155864e+02 9.246283858998144467e+01 1.847964564007421018e+02
2.549829313543599199e+02 8.960189239332096633e+01 1.829333951762523327e+02
2.549826530612244824e+02 9.096068645640073669e+01 1.836090538033395205e+02
2.549825602968460032e+02 9.471717996289424946e+01 1.852393320964749535e+02
2.549882189239332035e+02 1.002902226345083534e+02 1.880629684601113070e+02
2.549892949907235504e+02 1.062803153988868274e+02 1.908724489795918373e+02
2.549914285714285711e+02 1.071713358070500988e+02 1.913660111317254291e+02
2.549923191094619597e+02 1.045786827458256028e+02 1.904354545454545473e+02
2.549913172541743904e+02 1.043330983302411852e+02 1.898618923933209715e+02
2.549900927643784883e+02 1.040869573283859069e+02 1.891769202226345215e+02
2.549903525046382242e+02 1.042010018552875721e+02 1.889690352504638327e+02
2.549910018552875783e+02 1.015534322820037119e+02 1.879671799628942495e+02
2.549909090909090992e+02 1.017043228200371061e+02 1.875878107606679066e+02
2.549905009276437795e+02 1.026524304267161369e+02 1.876144341372912834e+02
2.549910389610389529e+02 1.029701298701298668e+02 1.879077179962894206e+02
2.549907235621521409e+02 1.032517625231910898e+02 1.879568831168831196e+02
2.549878107606679123e+02 1.033805380333951831e+02 1.875112244897959215e+02
2.549873283858998150e+02 9.773051948051947591e+01 1.848239146567717910e+02
2.549843599257885103e+02 9.119111317254174764e+01 1.823317625231910881e+02
2.549764564007421086e+02 8.987040816326531001e+01 1.809588868274582580e+02
2.549768645640074283e+02 9.088730983302411914e+01 1.812357699443413708e+02
2.549777551020408168e+02 9.315977736549164945e+01 1.824817439703153923e+02
2.549791094619666012e+02 9.877710575139145988e+01 1.853678107606679077e+02
2.549873098330241135e+02 1.038592022263450900e+02 1.878790352504638292e+02
2.549875510204081763e+02 1.043795176252319123e+02 1.881804638218924026e+02
2.549897773654916477e+02 1.041202597402597405e+02 1.883456215213358007e+02
2.549881076066790229e+02 1.039604081632652992e+02 1.883153061224489875e+02
2.549871985157699328e+02 1.042345083487940656e+02 1.883707050092764348e+02
2.549897959183673493e+02 1.049676066790352564e+02 1.885371614100185411e+02
2.549900742115027867e+02 1.024841001855287601e+02 1.871513543599257900e+02
2.549893135435992519e+02 1.032180519480519507e+02 1.878697773654916432e+02
2.549879591836734676e+02 1.035797217068645608e+02 1.881518923933209635e+02
2.549898701298701269e+02 1.038342857142857127e+02 1.881772356215213335e+02
2.549900927643784883e+02 1.036366048237476747e+02 1.877504823747680973e+02
2.549856586270871901e+02 9.702248608534323182e+01 1.851890166975881300e+02
2.549837847866419338e+02 8.657269016697587460e+01 1.808405194805194753e+02
2.549777922077922199e+02 8.012205936920223337e+01 1.782009090909090787e+02
2.549785528756957262e+02 8.098597402597403061e+01 1.784425788497217127e+02
2.549771057513914627e+02 8.474415584415584135e+01 1.799378664192949770e+02
2.549809647495361844e+02 9.169667903525046881e+01 1.836278849721706763e+02
2.549854730983302318e+02 9.837552875695732268e+01 1.869939888682745845e+02
2.549855473098330378e+02 9.959094619666048231e+01 1.874514842300556552e+02
2.549870129870129745e+02 9.905721706864564169e+01 1.869391094619666092e+02
2.549868089053803430e+02 9.830506493506493371e+01 1.870776994434137350e+02
2.549845825602968432e+02 9.821601113172542341e+01 1.865235992578849675e+02
2.549869202226344953e+02 9.828658627087197885e+01 1.865174211502782953e+02
2.549898886827458284e+02 9.873092764378478137e+01 1.872338033395176353e+02
2.549891280148422936e+02 9.938897959183672981e+01 1.869477736549165172e+02
2.549878107606679123e+02 9.934551020408163424e+01 1.869142671614100095e+02
2.549867346938775370e+02 1.000152133580704970e+02 1.872967161410018662e+02
2.549841372912801489e+02 1.007560853432282073e+02 1.877375881261595509e+02
2.549832838589981350e+02 9.676536178107606645e+01 1.861508905380333943e+02
2.549653803339517708e+02 7.896254174397031989e+01 1.784264007421150211e+02
2.549248608534322784e+02 6.589397031539888872e+01 1.720641187384044599e+02
2.549096103896103784e+02 6.329690166975881027e+01 1.709810946196660382e+02
2.549126530612244892e+02 6.583061224489796359e+01 1.721319666048237593e+02
2.549479406307977740e+02 7.839957328385899871e+01 1.795871428571428510e+02
2.549763636363636294e+02 9.273647495361781523e+01 1.875689053803339448e+02
2.549878849721706899e+02 1.016564749536178169e+02 1.918384415584415592e+02
2.549904823747680780e+02 1.043446011131725442e+02 1.934000371057513803e+02
2.549899443413729045e+02 1.050193877551020449e+02 1.939417439703154002e+02
2.549866975881261624e+02 1.047192949907235686e+02 1.933795732838590027e+02
2.549845083487940656e+02 1.047569758812615959e+02 1.928071243042671483e+02
2.549865862708719817e+02 1.027114285714285700e+02 1.920445825602968455e+02
2.549847309833023985e+02 1.037547866419294991e+02 1.925020222634508400e+02
2.549868831168831207e+02 1.050426530612244846e+02 1.930267161410018559e+02
2.549894248608534326e+02 1.071299628942486066e+02 1.937237476808905399e+02
2.549923376623376612e+02 1.052772912801484182e+02 1.926321892393320923e+02
2.549924304267161403e+02 1.061901855287569560e+02 1.928754730983302466e+02
2.549855287569573363e+02 1.015531539888682744e+02 1.901578478664193028e+02
2.549673840445269093e+02 8.646280148423005585e+01 1.832411131725417306e+02
2.549529870129870233e+02 7.580912801484230101e+01 1.785933209647495232e+02
2.549596103896103898e+02 7.796354359925788913e+01 1.794447309833024065e+02
2.549736549165120607e+02 8.370897959183673720e+01 1.825248979591836758e+02
2.549817068645640177e+02 9.330300556586270488e+01 1.881661224489795927e+02
2.549835807050092740e+02 1.041539703153988938e+02 1.925454359925788594e+02
2.549837105751391562e+02 1.059407977736549213e+02 1.931066975881261669e+02
2.549843784786641834e+02 1.059128756957328363e+02 1.928535807050092785e+02
2.549797402597402538e+02 9.979330241187383876e+01 1.902541372912801592e+02
2.549727272727272691e+02 9.823896103896103682e+01 1.891680705009276551e+02
2.549805194805194901e+02 9.874465677179962597e+01 1.894991836734693891e+02
2.549856586270871901e+02 9.995981447124304964e+01 1.901699443413729114e+02
2.549853246753246765e+02 1.011933766233766221e+02 1.903951020408163401e+02
2.549799628942486152e+02 1.023133209647495363e+02 1.901748423005565769e+02
2.549795547309832955e+02 1.032972170686456366e+02 1.909025231910946161e+02
2.549811688311688442e+02 1.043856957328385846e+02 1.909237847866419315e+02
2.549926530612245017e+02 1.061630983302411835e+02 1.919529128014842172e+02
2.549944155844155773e+02 1.072604823747680882e+02 1.927131354359925695e+02
2.549934508348794111e+02 1.013105194805194742e+02 1.906591094619666080e+02
2.549818181818181699e+02 8.882187384044526368e+01 1.852794063079777231e+02
2.549772727272727195e+02 8.019526901669759411e+01 1.816924860853432335e+02
2.549788311688311637e+02 8.336270871985158237e+01 1.822806679035250568e+02
2.549818738404452745e+02 8.762504638218923958e+01 1.843612987012986935e+02
2.549859740259740306e+02 9.777276437847866930e+01 1.890975695732838631e+02
2.549918181818181893e+02 1.067759740259740227e+02 1.931756957328385909e+02
2.549920593692022237e+02 1.097594805194805190e+02 1.947499628942485970e+02
2.549928942486085361e+02 1.102151762523191110e+02 1.951743413729128065e+02
2.549946938775510148e+02 1.068318923933209703e+02 1.935369758812615828e+02
2.549941743970315429e+02 1.066685528756957382e+02 1.929416512059369211e+02
2.549935250463821887e+02 1.035542300556586213e+02 1.912497031539888610e+02
2.549937476808905501e+02 1.046002597402597445e+02 1.912674025974025938e+02
2.549926345083488002e+02 1.052505194805194861e+02 1.910590723562152107e+02
2.549904081632653003e+02 1.024759369202226367e+02 1.900988682745825713e+02
2.549892949907235504e+02 1.034438589981447194e+02 1.901029128014842229e+02
2.549882560296846066e+02 1.042335621521335867e+02 1.897914100185528810e+02
2.549912244897959113e+02 1.048862152133580707e+02 1.901182560296846020e+02
2.549889981447124399e+02 1.057894248608534298e+02 1.902583116883116929e+02
2.549899443413729045e+02 1.036541001855287618e+02 1.897183487940630755e+02
2.549890538033395160e+02 1.045162152133580662e+02 1.899573840445268900e+02
2.549917439703154116e+02 1.049952504638218898e+02 1.901739703153988899e+02
2.549906307977736617e+02 9.640320964749535904e+01 1.870651391465677307e+02
2.549793135435992610e+02 8.063250463821891856e+01 1.794640074211502849e+02
2.549584786641929384e+02 7.163606679035250124e+01 1.753247866419295065e+02
2.549596289424860913e+02 7.428905380333951314e+01 1.760967346938775506e+02
2.549748979591836644e+02 8.194423005565862184e+01 1.800439888682745959e+02
2.549865120593692041e+02 9.574797773654916000e+01 1.870821150278293032e+02
2.549884230055658634e+02 1.039451576994434134e+02 1.913547124304267300e+02
2.549937105751391471e+02 1.096836363636363672e+02 1.937294805194805178e+02
2.549915398886827518e+02 1.048008348794063096e+02 1.918594619666048118e+02
2.549891465677179951e+02 1.021106307977736520e+02 1.901645083487940724e+02
2.549901484230055644e+02 9.841901669758811977e+01 1.884621335807050002e+02
2.549923933209647373e+02 9.969025974025973369e+01 1.891194434137291296e+02
2.549923933209647373e+02 1.007704823747680933e+02 1.892756771799628837e+02
2.549937847866419247e+02 1.021825602968460061e+02 1.900283858998144808e+02
2.549887940630797800e+02 1.016806122448979579e+02 1.894887384044527039e+02
2.549854174397031557e+02 1.013583116883116872e+02 1.892388682745825577e+02
2.549828571428571422e+02 1.023017810760667885e+02 1.893872727272727161e+02
2.549870315398886760e+02 1.004293506493506527e+02 1.888910018552875556e+02
2.549907977736549185e+02 1.047451020408163203e+02 1.903562337662337711e+02
2.549912801484230158e+02 1.061508534322820054e+02 1.909280890538033475e+02
2.549906493506493632e+02 1.074981818181818198e+02 1.914385714285714357e+02
2.549900371057513837e+02 1.056219666048237542e+02 1.905683302411873967e+02
2.549913172541743904e+02 1.059369202226345124e+02 1.906884415584415535e+02
2.549903896103895988e+02 1.039312987012987008e+02 1.895816326530612344e+02
2.549862152133580651e+02 8.998209647495362162e+01 1.832794619666048277e+02
2.549599814471243064e+02 7.352705009276438375e+01 1.760313172541744109e+02
2.549481632653061354e+02 7.212263450834879563e+01 1.741356400742114943e+02
2.549541929499072239e+02 7.748467532467532237e+01 1.761445640074211383e+02
2.549681261595547426e+02 8.688083487940630789e+01 1.810735435992578743e+02
2.549761410018552965e+02 9.426538033395176797e+01 1.851195547309833103e+02
2.549853988868274541e+02 1.007951948051948108e+02 1.887131354359925695e+02
2.549867532467532385e+02 1.055517439703153997e+02 1.909761595547309696e+02
2.549894619666048357e+02 1.058868831168831122e+02 1.912467903525046324e+02
2.549884786641929395e+02 1.030371614100185553e+02 1.903126530612244949e+02
2.549880890538033498e+02 1.037562708719851514e+02 1.900244526901669815e+02
2.549887569573283770e+02 1.046443599257884927e+02 1.900404823747680894e+02
2.549898701298701269e+02 1.052173469387755063e+02 1.903000742115027890e+02
2.549935621521335918e+02 1.057281447124304208e+02 1.903117068645640018e+02
2.549937105751391471e+02 1.038884044526901675e+02 1.898136363636363626e+02
2.549944526901669803e+02 1.053128756957328420e+02 1.900340259740259796e+02
2.549937476808905501e+02 1.066802968460111316e+02 1.905250278293135295e+02
2.549933209647495289e+02 1.080638404452690224e+02 1.908149721706864455e+02
2.549931168831168691e+02 1.090155287569573233e+02 1.907219109461966582e+02
2.549919666048237445e+02 1.066514285714285677e+02 1.897475695732838687e+02
2.549918738404452654e+02 1.071895732838590050e+02 1.890952504638218841e+02
2.549931725417439736e+02 1.024198886827458210e+02 1.875369944341372843e+02
2.549931354359925706e+02 9.459152133580704458e+01 1.844798886827458375e+02
2.549905009276437795e+02 8.681382189239332092e+01 1.812329870129870244e+02
2.549894619666048357e+02 8.762870129870130143e+01 1.808732467532467467e+02
2.549909647495361753e+02 9.268794063079776890e+01 1.836175695732838449e+02
2.549959183673469454e+02 9.700573283858997797e+01 1.853342857142857270e+02
2.549955844155844034e+02 1.036600185528756981e+02 1.888104267161409950e+02
2.549953246753246674e+02 1.070024304267161455e+02 1.903005380333951848e+02
2.549957699443413617e+02 1.077056586270872032e+02 1.904120964749536142e+02
2.549962894248608620e+02 1.074191836734693908e+02 1.900694063079777436e+02
2.549950649350649314e+02 1.044087384044526914e+02 1.891154359925788526e+02
2.549941929499072444e+02 1.042206493506493530e+02 1.883577365491651108e+02
2.549950463821892299e+02 1.053240074211502844e+02 1.888294805194805122e+02
2.549950092764378553e+02 1.028069202226345027e+02 1.877299257884972121e+02
2.549888868274582592e+02 1.031363821892393275e+02 1.874112987012987048e+02
2.549876623376623286e+02 1.036362708719851611e+02 1.873686827458255948e+02
2.549881261595547244e+02 1.037210389610389569e+02 1.873896103896103966e+02
2.549855287569573363e+02 1.041035250463821882e+02 1.869166233766233631e+02
2.549841743970315520e+02 1.050058627087198460e+02 1.873267346938775404e+02
2.549868645640074192e+02 1.056216326530612264e+02 1.871835064935064850e+02
2.549852504638218988e+02 1.031632653061224545e+02 1.869125046382189339e+02
2.549884786641929395e+02 1.035975139146567727e+02 1.869367161410018525e+02
2.549882374768089051e+02 1.031163265306122412e+02 1.865933766233766278e+02
2.549849165120593568e+02 9.572441558441558129e+01 1.834884972170686410e+02
2.549829499072356214e+02 8.952380333951762736e+01 1.802220037105751373e+02
2.549782745825602888e+02 9.005786641929499581e+01 1.797878107606678952e+02
2.549816697588126146e+02 9.357873840445269309e+01 1.811844526901669781e+02
2.549839703153988921e+02 9.707296846011131208e+01 1.834382560296845952e+02
2.549858441558441484e+02 1.031141372912801444e+02 1.867063636363636476e+02
2.549953432282003689e+02 1.049199628942486129e+02 1.876518552875695605e+02
2.549937105751391471e+02 1.056982931354359891e+02 1.880123747680890460e+02
2.549970500927643684e+02 1.058859183673469317e+02 1.877633580705009138e+02
2.549962708719851605e+02 1.059651020408163333e+02 1.870747309833024019e+02
2.549950463821892299e+02 1.030356400742115000e+02 1.851975510204081559e+02
2.549938775510204039e+02 1.028935807050092706e+02 1.849322820037105828e+02
2.549920593692022237e+02 1.031572170686456360e+02 1.847574582560296790e+02
2.549914842300556472e+02 1.029437291280148372e+02 1.844499628942486140e+02
2.549916326530612309e+02 1.035172170686456354e+02 1.842759925788497242e+02
2.549928571428571331e+02 1.038602226345083466e+02 1.846776808905380278e+02
2.549933580705009319e+02 1.044231168831168901e+02 1.850185157699443437e+02
2.549928571428571331e+02 1.048565306122448959e+02 1.858039146567718092e+02
2.549926901669758763e+02 1.031736549165120636e+02 1.853068274582560377e+02
2.549932838589981543e+02 1.036752690166975839e+02 1.854270871985157783e+02
2.549920037105751476e+02 1.028252133580704992e+02 1.851589610389610527e+02
2.549890166975881129e+02 9.497406307977736617e+01 1.812270686456400881e+02
2.549760667903524904e+02 8.786081632653061035e+01 1.781236549165120664e+02
2.549831539888682812e+02 8.817602968460111867e+01 1.778338775510204073e+02
2.549818923933209760e+02 8.848202226345082977e+01 1.779838033395176353e+02
2.549853061224489750e+02 9.498578849721707229e+01 1.811791651205936944e+02
2.549882374768089051e+02 1.006743042671614035e+02 1.844224304267161472e+02
2.549916512059369325e+02 1.056546753246753241e+02 1.864658441558441666e+02
2.549898886827458284e+02 1.034292393320964720e+02 1.857200742115027765e+02
2.549921706864564044e+02 1.031120964749536171e+02 1.851687755102040853e+02
2.549912987012986889e+02 1.026966233766233785e+02 1.846684972170686478e+02
2.549900927643784883e+02 1.026844526901669781e+02 1.842298515769944345e+02
2.549884044526901619e+02 1.023720964749536222e+02 1.841751576994434174e+02
2.549953432282003689e+02 9.991580705009276642e+01 1.831882189239332206e+02
2.549929870129870153e+02 1.030444526901669775e+02 1.843861966604823692e+02
2.549927643784786540e+02 1.034512430426716207e+02 1.843480519480519604e+02
2.549884044526901619e+02 1.037076623376623417e+02 1.844742857142857133e+02
2.549848237476808777e+02 1.013150649350649388e+02 1.831230983302411914e+02
2.549852875695732735e+02 1.014885343228200441e+02 1.836494619666048322e+02
2.549844341372912879e+02 1.014382560296845952e+02 1.837767903525046336e+02
2.549898701298701269e+02 1.019194805194805156e+02 1.840204081632653015e+02
2.549892393320964743e+02 1.007516512059369234e+02 1.836235807050092887e+02
2.549834879406307948e+02 9.186309833024118632e+01 1.795471057513914559e+02
2.549821706864564135e+02 8.430693877551020421e+01 1.760575695732838710e+02
2.549811131725417397e+02 8.391183673469387827e+01 1.758538961038960906e+02
2.549802226345083511e+02 8.726115027829312965e+01 1.771970871985157601e+02
2.549828942486085452e+02 9.462079777365491395e+01 1.810563636363636419e+02
2.549890166975881129e+02 1.010058627087198460e+02 1.841015213358070639e+02
2.549916883116883071e+02 1.036157699443413662e+02 1.858424118738404331e+02
2.549880890538033498e+02 1.044303339517625204e+02 1.864247309833024246e+02
2.549878107606679123e+02 1.047453617810760704e+02 1.866894434137291228e+02
2.549894619666048357e+02 1.046759925788497156e+02 1.863200742115027708e+02
2.549917439703154116e+02 1.045487384044526920e+02 1.862950092764378383e+02
2.549902411873840435e+02 1.017321150278293089e+02 1.856360667903525155e+02
2.549924304267161403e+02 1.016095918367346940e+02 1.850597773654916409e+02
2.549934508348794111e+02 1.024021521335806995e+02 1.856280519480519615e+02
2.549930241187384183e+02 1.031198515769944350e+02 1.859521521335807108e+02
2.549928385899814600e+02 1.036420593692022294e+02 1.861304823747680928e+02
2.549941929499072444e+02 1.046452133580705066e+02 1.863148423005565917e+02
2.549938404452690293e+02 1.052481076066790422e+02 1.866386641929499035e+02
2.549935064935064872e+02 1.031906493506493518e+02 1.859199999999999875e+02
2.549944897959183550e+02 1.035793135435992554e+02 1.858474582560296824e+02
2.549943042671613966e+02 1.035588868274582524e+02 1.855184972170686422e+02
2.549939703153988830e+02 9.876231910946196990e+01 1.837530797773654854e+02
2.549925231910946195e+02 8.997695732838589322e+01 1.801335250463821751e+02
2.549875881261595509e+02 8.419152133580705311e+01 1.776768831168831184e+02
2.549905751391465571e+02 8.603534322820037517e+01 1.780417625231910961e+02
2.549935621521335918e+02 9.302016697588126704e+01 1.815548794063079754e+02
2.549944526901669803e+02 9.627076066790353082e+01 1.832417810760667862e+02
2.549958812615955424e+02 1.023675139146567687e+02 1.864803710575139064e+02
2.549978107606679032e+02 1.042778849721706820e+02 1.880334693877551047e+02
2.549971985157699521e+02 1.052528200371057494e+02 1.883827458256029672e+02
2.549976437847866464e+02 1.057325417439703159e+02 1.886181261595547198e+02
