2.549687867469046125e+02 5.393259320744276408e+01 1.788956906688801212e+02
2.549541744483641139e+02 5.418579234972677483e+01 1.794250190219270849e+02
2.549604862696271823e+02 6.204452860206128406e+01 1.817153628000276626e+02
2.549577713218509984e+02 8.081232275022480849e+01 1.876983468216089079e+02
2.549620771944386775e+02 7.535038389707408157e+01 1.852099156118143526e+02
2.549647748495538622e+02 7.373364114269904235e+01 1.836713702704572313e+02
2.549664003596873556e+02 7.693108874593622204e+01 1.853516981393096899e+02
2.549665559936362911e+02 8.149064467040187765e+01 1.880489209379539375e+02
2.549710002075119348e+02 8.516334647575568795e+01 1.894428823407345988e+02
2.549696513799543425e+02 8.591405547485646821e+01 1.899278550183302343e+02
2.549676800166009514e+02 8.683386940582417424e+01 1.904471536280002795e+02
2.549640139724700703e+02 8.766165179497821214e+01 1.910867745728712634e+02
2.549681123331258163e+02 8.842640243480666129e+01 1.916767655806875439e+02
2.549620080237947093e+02 8.893745244518225945e+01 1.914220792695579973e+02
2.549596216365774239e+02 8.904867884070000628e+01 1.910773673652901721e+02
2.549546413502109772e+02 8.925876737912429348e+01 1.916576917756104308e+02
2.549583073943418299e+02 8.981104309331119850e+01 1.919397350764335499e+02
2.549534654492633194e+02 8.974059279241889442e+01 1.920116206681884137e+02
2.549599156118143526e+02 9.043679532406446242e+01 1.924804074150930262e+02
2.549574773466140982e+02 9.142290931728574321e+01 1.930383205367641892e+02
2.549548315694819109e+02 9.202088953448156872e+01 1.929936190080929634e+02
2.549594832952894876e+02 9.304975098568168335e+01 1.937001279656913653e+02
2.549501971363353334e+02 9.385643632842221962e+01 1.945157709068271288e+02
2.549520128657397890e+02 9.463292868506606226e+01 1.945617175070899805e+02
2.549481047243549767e+02 9.560735283945493279e+01 1.944644808743169335e+02
2.549522549629936918e+02 9.607444490558206951e+01 1.949242062668603523e+02
2.549462717022895504e+02 9.064690115514974877e+01 1.931557722902400087e+02
2.549403403195683779e+02 8.805435083350626257e+01 1.920682022549629835e+02
2.549440928270042264e+02 8.605234488483087318e+01 1.904608667081690498e+02
2.549432973645984646e+02 8.500271494777616965e+01 1.901078543266237943e+02
2.549400117590094794e+02 8.435237255308847182e+01 1.892889430725600164e+02
2.549435740471743657e+02 8.437096216365773671e+01 1.891535761222936856e+02
2.549465483848654515e+02 8.482541329459776591e+01 1.895957148786055200e+02
2.549496610638445020e+02 8.535887459362245977e+01 1.901417652348343381e+02
2.549485024555578718e+02 9.004847132876807336e+01 1.916525731479560193e+02
2.549515113785709275e+02 9.059647575568928346e+01 1.916877118350971898e+02
2.549540879850591466e+02 9.093669156809849596e+01 1.923668810956629898e+02
2.549554886905997080e+02 9.112718752161582358e+01 1.924285813100919995e+02
2.549557653731756375e+02 9.172279864425537710e+01 1.924063948260358359e+02
2.549532752299923857e+02 9.244577021512070303e+01 1.929503527702842973e+02
2.549525489382306205e+02 9.324427612921076047e+01 1.932510548523206637e+02
2.549601922943902537e+02 9.405711765926540124e+01 1.936476793248945114e+02
2.549586186622397577e+02 9.512180950404648172e+01 1.940585183648059626e+02
2.549575811025800647e+02 9.211376841668395343e+01 1.931347962924534727e+02
2.549597253925433904e+02 9.292641972746766044e+01 1.932119734384727110e+02
2.549579615411219606e+02 9.348756657674482540e+01 1.933857473888081984e+02
2.549592757833575547e+02 9.409282700421941570e+01 1.937244241543888847e+02
2.549615757072698443e+02 9.468638030020059659e+01 1.937604274745797852e+02
2.549626478522515072e+02 9.547236632773051213e+01 1.939948986650065592e+02
2.549589818081206261e+02 9.574138825482465620e+01 1.943171301099813206e+02
2.549592411980355564e+02 9.191950266306979245e+01 1.925909939821539751e+02
2.549596735145604214e+02 8.988562634018123276e+01 1.915255412602891454e+02
2.549573562979871326e+02 8.698102995088883915e+01 1.902727571418689934e+02
2.549548488621429101e+02 8.466984851628969011e+01 1.889151794978211285e+02
2.549504738189112629e+02 8.355274261603375408e+01 1.879803209517880589e+02
2.549515286712319266e+02 8.287421318392473779e+01 1.879345991561181393e+02
2.549510098914020944e+02 8.281522791727191191e+01 1.880371965137995574e+02
2.549491076986926714e+02 8.305573424638583901e+01 1.884698070139033064e+02
2.549593622466625220e+02 8.757838763228885171e+01 1.903552777201355752e+02
2.549552811786677751e+02 8.837499135366950043e+01 1.903677111433907498e+02
2.549580480044269279e+02 8.882081344677318668e+01 1.907900325102026784e+02
2.549609358788130180e+02 8.888453690253855655e+01 1.909212665144912364e+02
2.549551774227018086e+02 8.894628899495054952e+01 1.907383620391505872e+02
2.549509234280971270e+02 8.912739503354775650e+01 1.908997025662308999e+02
2.549505429895552311e+02 8.934535173272463737e+01 1.908105070208203529e+02
2.549522030850107228e+02 9.014985820017984963e+01 1.904782631251297005e+02
2.549497821124714676e+02 9.105403956560834899e+01 1.907902227294736122e+02
2.549521684996887245e+02 9.168437435152520720e+01 1.912282804177906996e+02
2.549505602822162302e+02 9.198789513730372391e+01 1.913115445804800459e+02
2.549459950197136209e+02 9.229503008923012430e+01 1.912758352355260456e+02
2.549501106730303661e+02 9.333189804247076893e+01 1.913779483986996013e+02
2.549474994812201771e+02 9.427510894376426620e+01 1.910611295566161800e+02
2.549509753060800961e+02 9.493916441862073441e+01 1.914486580895068073e+02
2.549487445528117746e+02 9.207169537248391578e+01 1.904461852389845831e+02
2.549532060593484175e+02 9.276276198381407312e+01 1.906405547485647105e+02
2.549432109012934973e+02 9.257354568721034127e+01 1.905980839731617777e+02
2.549494016739295716e+02 9.079279933596181706e+01 1.898387286435636838e+02
2.549434529985474285e+02 8.837092757833575263e+01 1.880199384381268715e+02
2.549391471259597495e+02 8.625306080099605310e+01 1.872392093795393180e+02
2.549451476793248901e+02 8.486129556616171499e+01 1.863699418966590713e+02
2.549440063636992591e+02 8.450880196444629178e+01 1.861024244310714550e+02
2.549456145811717533e+02 8.478567475963201616e+01 1.866954416545617903e+02
2.549424673168707329e+02 8.601561527287819331e+01 1.871720619768969982e+02
2.549449401673929572e+02 8.721346060731825389e+01 1.883440201978280299e+02
2.549493152106246043e+02 9.201775956284153324e+01 1.905009510963546973e+02
2.549500415023863980e+02 9.283635954900739762e+01 1.903304108736252260e+02
2.549526354015355878e+02 9.296475755689284881e+01 1.906050356228816440e+02
2.549473957252542107e+02 8.963927509165110052e+01 1.893554679394065090e+02
2.549411530746351389e+02 9.024199349795947001e+01 1.894274054091443702e+02
2.549431763159714990e+02 9.036971709206612502e+01 1.899814449747527192e+02
2.549417410251089393e+02 9.091073528394549896e+01 1.902595974268520536e+02
2.549468769454243500e+02 9.154406170021442790e+01 1.904029190011758885e+02
2.549408072214152412e+02 9.212967766479906118e+01 1.904959362246662522e+02
2.549447153628000251e+02 9.250129694957459492e+01 1.910762433423255118e+02
2.549457183371377198e+02 9.315959396831983952e+01 1.908185135228609113e+02
2.549472227986442476e+02 9.379707062322749778e+01 1.907578681607525652e+02
2.549437988517672977e+02 9.413137234557653699e+01 1.908575949367088640e+02
2.549411357819741397e+02 9.438758041087362471e+01 1.910435083350625973e+02
2.549431590233104998e+02 9.158907449678356727e+01 1.899169260565815875e+02
2.549488483087777411e+02 9.155282907933873560e+01 1.898012900325101953e+02
2.549459431417306519e+02 8.947501210486269940e+01 1.880714013972470013e+02
2.549417583177699385e+02 8.561810887459361652e+01 1.866769557999585061e+02
2.549361727882686637e+02 8.256386179705333461e+01 1.847328110949712823e+02
2.549368817873694297e+02 8.189902815245210377e+01 1.843045583454382097e+02
2.549425883654976701e+02 8.184341495469323036e+01 1.844348239607110713e+02
2.549425710728366994e+02 8.264627861935395003e+01 1.849646538009268966e+02
2.549428823407345988e+02 8.730443729681122988e+01 1.866858096423877669e+02
2.549473438472712132e+02 8.872119042678286860e+01 1.883145707961541007e+02
2.549491941619976387e+02 8.990096493048349657e+01 1.888408729335270095e+02
2.549490904060316723e+02 9.067284014664176084e+01 1.888305146295911925e+02
2.549517707684858578e+02 9.093627654423463014e+01 1.884162516428027914e+02
2.549545548869060099e+02 9.134427958774296030e+01 1.887454866154803881e+02
2.549537767171612472e+02 9.149536556685342248e+01 1.891203396278619380e+02
2.549560247630905394e+02 9.175359687348689874e+01 1.888684374351525150e+02
2.549552120080238069e+02 9.233239952963961628e+01 1.889072594590855658e+02
2.549563187383274396e+02 9.271169675589679571e+01 1.890248841391713484e+02
2.549526526941965869e+02 9.305526734453897575e+01 1.892006640381821967e+02
2.549574254686311008e+02 9.365418136542851357e+01 1.896591789444559595e+02
2.549577886145119976e+02 9.440110327177146132e+01 1.899749083488967187e+02
2.549596562218994222e+02 9.485273569896935442e+01 1.897765788199488100e+02
2.549566991768693356e+02 9.588624887597703150e+01 1.903443314657259577e+02
2.549561976897005025e+02 9.286451200110673199e+01 1.897043300823130778e+02
2.549557307878536392e+02 9.309327661340526561e+01 1.894461506536625848e+02
2.549526008162135895e+02 9.236245417444835937e+01 1.887209829148509357e+02
2.549552293006847776e+02 9.029387148094349413e+01 1.878663796084941566e+02
2.549487445528117746e+02 8.715015217541674986e+01 1.858682818012035796e+02
2.549476724078301118e+02 8.498371031334301051e+01 1.846671335685135205e+02
2.549493152106246043e+02 8.452353531161375599e+01 1.840359168568859332e+02
2.549429515113785669e+02 8.418031057619145940e+01 1.838943245486615581e+02
2.549440063636992591e+02 8.515518433976620827e+01 1.848437262225911297e+02
2.549457875077816880e+02 8.652502248045929889e+01 1.857120944870996766e+02
2.549432109012934973e+02 9.138823753199142175e+01 1.877744172373244851e+02
2.549456318738327525e+02 9.210360033201908436e+01 1.883586497890295277e+02
2.549520301584007882e+02 9.288387978142075951e+01 1.885787334855087636e+02
2.549579615411219606e+02 9.284258490696548449e+01 1.886104828110949825e+02
2.549521166217057555e+02 9.337376357473888788e+01 1.889122051601300427e+02
2.549510444767240642e+02 9.455547485647090866e+01 1.891746904613681863e+02
2.549479145050840430e+02 9.468942380853565055e+01 1.890023690945562578e+02
2.549571833713771980e+02 9.468172857439303414e+01 1.886248357197205507e+02
2.549529812547554855e+02 9.138509026769038712e+01 1.870024728505222242e+02
2.549576848585460311e+02 9.170941412464550524e+01 1.872845507366673701e+02
2.549611952687279484e+02 9.250672684512693422e+01 1.878982326900463420e+02
2.549546759355329471e+02 9.318679532406446242e+01 1.876370097530607950e+02
2.549561976897005025e+02 9.364971985889188488e+01 1.876532821470567853e+02
2.549455799958497551e+02 9.407593207442761241e+01 1.874831742408521791e+02
2.549509061354361279e+02 9.470541951995572560e+01 1.878412879573908754e+02
2.549474130179152098e+02 9.477588711350902884e+01 1.875238119941896571e+02
2.549494189665905708e+02 9.463519402365635358e+01 1.875005014871688331e+02
2.549469634087293457e+02 9.289560420557515386e+01 1.864856643840354025e+02
2.549408072214152412e+02 8.666332918309468880e+01 1.840557688317078373e+02
2.549422770975997707e+02 8.493468561942312078e+01 1.826764543127896445e+02
2.549403921975513470e+02 8.403226810541606540e+01 1.822253579580825829e+02
2.549477069931521100e+02 8.361326692951512030e+01 1.830493878398008007e+02
2.549446634848170561e+02 8.683205367641973282e+01 1.841128519056512403e+02
2.549496091858615330e+02 8.739411703672961096e+01 1.843197931797745071e+02
2.549547105208549453e+02 8.786378570934495258e+01 1.849911461575707392e+02
2.549463062876115487e+02 8.822677595628415759e+01 1.852871965137995574e+02
2.549541917410251131e+02 8.873753199142284132e+01 1.856389638237531869e+02
2.549522895483156901e+02 8.858765649858200675e+01 1.856831465725945804e+02
2.549572698346821653e+02 8.867925572387079569e+01 1.854304316248184250e+02
2.549571487860551997e+02 8.883513177007678507e+01 1.855775402919001067e+02
2.549544338382790443e+02 8.920578266583662241e+01 1.857747630905443827e+02
2.549565954209033691e+02 8.987836342256346711e+01 1.863472020474510487e+02
2.549568202254963012e+02 9.040191602683820804e+01 1.861475236909455759e+02
2.549598291485093853e+02 9.073127204814277036e+01 1.865943487583869285e+02
2.549613336100159131e+02 9.105336515182956703e+01 1.868186691568098468e+02
2.549639275091651029e+02 9.178074635124852421e+01 1.869284083834820365e+02
2.549644289963339645e+02 9.226485439579442982e+01 1.874849726775956356e+02
2.549623884623365768e+02 9.276637614996195680e+01 1.872406100850798794e+02
2.549649650688247959e+02 9.338602407138409944e+01 1.875848377948398706e+02
2.549636162412672036e+02 9.421679809089022228e+01 1.877160890917894562e+02
2.549602614650342503e+02 9.509407207581102739e+01 1.881268762537179100e+02
2.549605727329321496e+02 9.614435913398354216e+01 1.882924016047589362e+02
2.549638583385211348e+02 9.589420350003457827e+01 1.881250951096354811e+02
2.549602095870512528e+02 9.387199972331742970e+01 1.872775645016255055e+02
2.549600885384242872e+02 9.133255516358856596e+01 1.864932385695510959e+02
2.549572698346821653e+02 8.970771944386802943e+01 1.849430552673445334e+02
2.549551601300408095e+02 8.905652970879158659e+01 1.845340492494985085e+02
2.549623192916926087e+02 8.875392543404579726e+01 1.843110949712941817e+02
2.549618350971847462e+02 8.897961195268727863e+01 1.848622466625164407e+02
2.549567510548523330e+02 8.983073943418413876e+01 1.854237220723524899e+02
2.549562495676834715e+02 9.003090198519748810e+01 1.854809089022618878e+02
2.549577021512070303e+02 9.023538770145950139e+01 1.858623158331604088e+02
2.549533616932973530e+02 9.015954209033685629e+01 1.858245486615480502e+02
2.549567856401743029e+02 8.971256138894652565e+01 1.858261050010375470e+02
2.549618696825067445e+02 8.974263332641626789e+01 1.855548350280141108e+02
2.549538804731272137e+02 8.978809573217127138e+01 1.855561838555717031e+02
2.549574600539530991e+02 8.995880888151069144e+01 1.852610327177146132e+02
2.549520647437227581e+02 9.046456733762191504e+01 1.852267067856401752e+02
2.549549699107698757e+02 9.109746143736597901e+01 1.856358511447741648e+02
2.549537421318392489e+02 9.210676488898111813e+01 1.860813273846579534e+02
2.549578923704779641e+02 9.278264854395794714e+01 1.864879470152867214e+02
2.549615757072698443e+02 9.334881026492357137e+01 1.863723282838763282e+02
2.549576156879020630e+02 9.393428788822023989e+01 1.864836411426990423e+02
2.549605554402711505e+02 9.431730303659126946e+01 1.862057307878536392e+02
2.549641523137580350e+02 9.469350487653039750e+01 1.867074081759701301e+02
2.549651552880957297e+02 9.567252887874386147e+01 1.866986926748288056e+02
2.549680085771598499e+02 9.596515528809572970e+01 1.863147264301030646e+02
2.549669191395171879e+02 9.515034239468769783e+01 1.864316766964100509e+02
2.549643079477069989e+02 9.301807083073943261e+01 1.853651864148855282e+02
2.549677837725669178e+02 9.127092411980355280e+01 1.844936535934149617e+02
2.549671785294321182e+02 9.003515597980216967e+01 1.837552223836203780e+02
2.549669537248391862e+02 8.945682022549630119e+01 1.833538078439510173e+02
2.549646710935878673e+02 8.976196652140831134e+01 1.839216296603721332e+02
2.549635816559452053e+02 9.051060040118973404e+01 1.842332434114961472e+02
2.549631147540983704e+02 9.139122916234350669e+01 1.849285294321090021e+02
2.549683198450577493e+02 9.269717092066126440e+01 1.857793456457079628e+02
2.549673341633810537e+02 9.345164971985889224e+01 1.865975824859929446e+02
2.549678010652279170e+02 9.373647713910216339e+01 1.866106557377049171e+02
2.549681123331258163e+02 9.401831292799336381e+01 1.864174621290724190e+02
2.549646019229438991e+02 9.415359341495469891e+01 1.861537663415646477e+02
2.549664868229923229e+02 9.462580410873624714e+01 1.865126063498651092e+02
2.549666251642802877e+02 9.541813654285121515e+01 1.869507850868091623e+02
2.549644635816559344e+02 9.608433630767102329e+01 1.872724458739710940e+02
2.549634087293352707e+02 9.648448848308777315e+01 1.870239676281386210e+02
2.549678529432109144e+02 9.714022618800581199e+01 1.876295739088330947e+02
2.549682160890917828e+02 9.778142076502732039e+01 1.878858338521131657e+02
2.549638929238431331e+02 9.844545894722280366e+01 1.877040706923981475e+02
2.549642733623850006e+02 9.634244656567751974e+01 1.866457944248460876e+02
2.549626997302344762e+02 9.653351317700767709e+01 1.874434529985474285e+02
2.549654665559936291e+02 9.677865393926816751e+01 1.873399218371723123e+02
2.549615584146088452e+02 9.656754513384520067e+01 1.870299854741647607e+02
2.549598464411703560e+02 9.426020266998685315e+01 1.860317493255862189e+02
2.549564743722764035e+02 8.859490212353877325e+01 1.834904717437919430e+02
2.549574600539530991e+02 8.511610292591824134e+01 1.816703672961195366e+02
2.549513730372829912e+02 8.358820986373383732e+01 1.811566542159507378e+02
2.549437642664453278e+02 8.266364045099260238e+01 1.811623607940790066e+02
2.549471363353392803e+02 8.255327868852458550e+01 1.815225496299370604e+02
2.549469115307463483e+02 8.699036798782596236e+01 1.838264854395794430e+02
2.549444559728850948e+02 8.790184685619422567e+01 1.849558691291416039e+02
2.549447845334439933e+02 8.866460884000829878e+01 1.856863630075395974e+02
2.549469979940513156e+02 9.187257038113024521e+01 1.871395690668880150e+02
2.549484332849138752e+02 9.146448087431693352e+01 1.867996818150377010e+02
2.549505775748772294e+02 9.074278896036521758e+01 1.864447499481220234e+02
2.549525143529086222e+02 9.024439717783772608e+01 1.865305734246385896e+02
2.549471190426782812e+02 9.082408175970118691e+01 1.868339212838071433e+02
2.549458739710866837e+02 9.180822438956906240e+01 1.875500968389015668e+02
2.549491076986926714e+02 9.211983814069309062e+01 1.874585321989347619e+02
2.549524278896036549e+02 9.301580549214912708e+01 1.878836030988448442e+02
2.549448364114269907e+02 9.385826935048764597e+01 1.880867572802102927e+02
2.549421906342948034e+02 9.452415784740955473e+01 1.888421698831016045e+02
2.549446288994950578e+02 9.521501694680777916e+01 1.885362627101058308e+02
2.549439544857162616e+02 9.540457909663139446e+01 1.886873486892162930e+02
2.549329217680016484e+02 9.550093380369371232e+01 1.885991042401604716e+02
2.549316594037490518e+02 9.595356920522930011e+01 1.887610673030365831e+02
2.549309158193262874e+02 9.477547208964514880e+01 1.879238258283184564e+02
2.549348758386940688e+02 9.159739226672199663e+01 1.865779380231030018e+02
2.549310714532752229e+02 8.527891332918309786e+01 1.833041087362523456e+02
2.549206093933734394e+02 8.355160130040810884e+01 1.822610154250536141e+02
2.549257107283668802e+02 8.247542712872656523e+01 1.819780556131977676e+02
2.549268693366535103e+02 8.544533789859583806e+01 1.831720619768969982e+02
2.549309158193262874e+02 8.569542436190080537e+01 1.838258974891056141e+02
2.549342360102372425e+02 8.627019782804177339e+01 1.843342152590440719e+02
2.549288407000069299e+02 9.053256208065296562e+01 1.857726533859030269e+02
2.549286504807359677e+02 9.106830601092896416e+01 1.864384554195199541e+02
2.549246385833852173e+02 9.160494915957667672e+01 1.870816213598948536e+02
2.549321781835788840e+02 9.179572179566991963e+01 1.874255032164349473e+02
2.549272497751954063e+02 9.284033686103617811e+01 1.879115480390122457e+02
2.549328871826796785e+02 9.357781697447603619e+01 1.882307013903299548e+02
2.549322473542228806e+02 9.418482396071107132e+01 1.890410008992183748e+02
2.549374178598602612e+02 9.483172511586083431e+01 1.889496956491665003e+02
2.549433319499204629e+02 9.527543750432316472e+01 1.888234592239053882e+02
2.549377118350971898e+02 9.592033271079753831e+01 1.889942242512277915e+02
2.549410320260081733e+02 9.661432178183578401e+01 1.893899322127689118e+02
2.549445251435290913e+02 9.755236217749187233e+01 1.899431071453275308e+02
2.549439199003942633e+02 9.826525212699729650e+01 1.897448986650065592e+02
2.549417410251089393e+02 9.925338936155495162e+01 1.900606626547693168e+02
2.549414816351940374e+02 9.643708929930137685e+01 1.892569689423808654e+02
2.549486926748288056e+02 9.602844642733623459e+01 1.886463477899979182e+02
2.549390606626547822e+02 9.106621359894860745e+01 1.863638548799889350e+02
2.549264716054506437e+02 8.100859445251435886e+01 1.814201424915266045e+02
2.549325067441377826e+02 7.706097392266721613e+01 1.790556823684028416e+02
2.549421387563118344e+02 7.655576883170782310e+01 1.786331707823199793e+02
2.549377810057411580e+02 7.695640520163242115e+01 1.795056028221622739e+02
2.549426575361416667e+02 8.204433838279034319e+01 1.820324756173479841e+02
2.549467731894583835e+02 8.340947291969288813e+01 1.838342152590440719e+02
2.549455799958497551e+02 8.909695995019713166e+01 1.865558034170298072e+02
2.549541744483641139e+02 9.093200525696894942e+01 1.877979179636162428e+02
2.549533271079753831e+02 9.217552050909594641e+01 1.884403576122293771e+02
2.549505256968942319e+02 9.336926748288026090e+01 1.884679048211938834e+02
2.549505256968942319e+02 9.455948675382167323e+01 1.891532994397177845e+02
2.549472919692882442e+02 9.510842498443660986e+01 1.890081794286504930e+02
2.549494016739295716e+02 9.596074565954208424e+01 1.894854222867814997e+02
2.549521166217057555e+02 9.698929584284429950e+01 1.896079062046067634e+02
2.549539323511101827e+02 9.797108667081690214e+01 1.897989555232759358e+02
2.549513730372829912e+02 9.520804800442692795e+01 1.886721138548799956e+02
2.549478453344400748e+02 9.536383758732793581e+01 1.889504046482672663e+02
2.549528083281455224e+02 9.578838970740817160e+01 1.887266722003181769e+02
2.549499550390814022e+02 9.627682091720274116e+01 1.885894722279864482e+02
2.549493497959466026e+02 9.690354153697171569e+01 1.886001763851421344e+02
2.549520993290447564e+02 9.425485923773950958e+01 1.876671335685135205e+02
2.549468250674413810e+02 9.420623227502248653e+01 1.873359791104655301e+02
2.549491249913536706e+02 9.387144635816559912e+01 1.865525351041018212e+02
