2.530273470795957280e+02 5.621609773917278829e+01 1.463547306896131772e+02
2.530122275439379678e+02 5.645718837520801969e+01 1.476811097130332371e+02
2.530346328692616851e+02 5.676278564760319512e+01 1.480878455169054746e+02
2.530070524008604878e+02 6.947966473190729175e+01 1.527024698624020687e+02
2.530072046109510211e+02 6.995131306571417440e+01 1.531970105938223128e+02
2.529965701992937568e+02 7.069624954336973133e+01 1.534086637983520802e+02
2.530146629053862171e+02 7.127919389536063477e+01 1.537419125705240219e+02
2.531067398628079843e+02 7.459890611681616690e+01 1.558086516215448398e+02
2.531046698055769753e+02 7.485226488614685536e+01 1.559559706944839093e+02
2.531154665746641115e+02 7.497022770629540389e+01 1.560011973860453907e+02
2.530255915898851242e+02 7.222843690384381432e+01 1.544592178430815466e+02
2.528780695701587149e+02 6.478424727036571085e+01 1.512408268052116682e+02
2.527498579372488621e+02 6.046209968746195074e+01 1.491463855177172491e+02
2.527358546089215281e+02 6.036967772050168435e+01 1.490253176117222154e+02
2.527573263790234250e+02 6.196021228233956890e+01 1.500077830092949682e+02
2.528721841133254884e+02 6.521599626577911124e+01 1.520356273085197074e+02
2.530032978852944723e+02 7.097662053009700855e+01 1.555691541177903048e+02
2.530829037626334355e+02 7.512285383772375269e+01 1.577940698948735587e+02
2.531325952835166504e+02 7.575072046109509927e+01 1.581803892519381520e+02
2.531154056906279095e+02 7.605882412631407874e+01 1.582474530178187138e+02
2.531097130332426843e+02 7.485182855055404616e+01 1.574196229248690884e+02
2.531234829727645490e+02 7.609682591224580506e+01 1.580269005966635518e+02
2.531234626780858150e+02 7.692914112919592640e+01 1.579609530381134164e+02
2.531230872265292078e+02 7.777080204570361843e+01 1.581694707147785834e+02
2.531259386288915039e+02 7.828876283638429356e+01 1.581521187644599706e+02
2.531309717092178460e+02 7.623276981775379113e+01 1.574514551284653123e+02
2.530999512927710384e+02 7.633192961805414711e+01 1.570044546819823950e+02
2.531011689734951631e+02 7.615526443966392378e+01 1.566561066688314270e+02
2.530869626983804892e+02 7.600131915411779460e+01 1.564815825790477675e+02
2.530938628891504720e+02 7.282366968380890171e+01 1.550331817997321195e+02
2.529575333847465117e+02 6.741085562365547901e+01 1.526323010106750075e+02
2.528301639810041763e+02 6.422805130494784009e+01 1.509749766611194559e+02
2.528682570929902056e+02 6.618547306896131488e+01 1.519454681982384159e+02
2.529164671023257824e+02 6.864598977148192205e+01 1.528772983723667664e+02
2.529870925843243867e+02 7.086106262937857991e+01 1.545053172058286179e+02
2.530455514064212252e+02 7.457985956082315226e+01 1.561642448350042685e+02
2.530722287616187032e+02 7.510394934448187598e+01 1.564515261598408813e+02
2.530845070422535343e+02 7.544035393919713783e+01 1.565759528351666177e+02
2.530850448512400135e+02 7.554213175305434902e+01 1.566659089986605409e+02
2.531029346105451054e+02 7.566226610382757656e+01 1.563883995616349409e+02
2.531211592320493651e+02 7.528742338758777919e+01 1.566016560457848072e+02
2.530735174737183968e+02 7.240753744368227274e+01 1.546754170556480119e+02
2.530836242237285489e+02 7.268498599667167070e+01 1.548104984373097466e+02
2.531116613224012610e+02 7.288265616755286658e+01 1.548468563542639060e+02
2.531133051913788279e+02 7.243307829687056199e+01 1.545121159232049308e+02
2.530906461825709357e+02 7.252992450379510103e+01 1.546088302147176989e+02
2.531122092787271072e+02 7.296261720176970300e+01 1.550032370012582703e+02
2.530641007427852287e+02 7.204999594106425320e+01 1.546004992490968846e+02
2.529069184559808434e+02 6.577090351909728838e+01 1.512780979827089425e+02
2.527690668506717486e+02 6.050685960141250774e+01 1.489278930064537008e+02
2.527304257823598732e+02 5.998858424321142735e+01 1.486145431667816581e+02
2.527817002881844246e+02 6.075361245281487044e+01 1.492694930389251908e+02
2.528702053821488107e+02 6.496745748264804377e+01 1.513948735641514816e+02
2.529933331980354865e+02 7.081088403620570659e+01 1.550352924463205682e+02
2.531110930713966809e+02 7.266452896050655852e+01 1.564647785850550008e+02
2.531579331899175997e+02 7.576404391768478774e+01 1.581460202135000088e+02
2.531797804115760755e+02 7.592496042537646872e+01 1.581258371554978339e+02
2.531907192434143781e+02 7.588714129155334831e+01 1.585738827779356370e+02
2.532037281324836613e+02 7.389457929130982450e+01 1.577058387790721383e+02
2.532252709339611272e+02 7.449698624020781779e+01 1.580073263790234250e+02
2.532628668263181453e+02 7.550399805171083756e+01 1.584465945529082376e+02
2.532703555627714422e+02 7.620749279538904375e+01 1.586698360189958237e+02
2.532840950602752059e+02 7.735925640297114114e+01 1.596209461379226298e+02
2.532853330356780361e+02 7.802636278767707267e+01 1.598925904127937656e+02
2.532842574177050778e+02 7.821255631773348682e+01 1.596016053090879439e+02
2.532761091041928694e+02 7.637934813491902730e+01 1.585646182570930023e+02
2.532046312456873807e+02 7.334571985225474577e+01 1.569756463855177060e+02
2.529364979502374524e+02 6.178834679547022546e+01 1.509873970045054250e+02
2.527429070097820443e+02 5.432661241222551496e+01 1.466632301010675121e+02
2.526623777245606277e+02 5.024680358809919767e+01 1.446166538133701351e+02
2.527251694605674288e+02 5.410646588464504703e+01 1.469900048707228848e+02
2.528587084466452950e+02 5.867162195072452135e+01 1.500277631205098032e+02
2.530972622478386143e+02 6.918165766935909744e+01 1.562587673012136236e+02
2.532057170109997060e+02 7.486796282014856274e+01 1.596858485205179079e+02
2.532555404472947203e+02 7.522094816739050316e+01 1.600138206762186996e+02
2.532811015951617435e+02 7.471918253034054658e+01 1.596719872549417403e+02
2.532429780411576132e+02 7.481325851361772550e+01 1.596800949790964808e+02
2.532235458862686244e+02 7.621486991110930376e+01 1.601455128465316307e+02
2.532418821285058925e+02 7.544190648212038752e+01 1.597089134229005083e+02
2.532680622640743593e+02 7.616369687867840810e+01 1.601891362584730416e+02
2.533179364370662086e+02 7.720968462069245675e+01 1.607653021877663662e+02
2.533167593456995519e+02 7.728530259365994937e+01 1.606268924787920582e+02
2.533166375776271479e+02 7.730523196817794940e+01 1.604585887080407645e+02
2.533221069935462992e+02 7.639070300767139088e+01 1.600917522425619950e+02
2.533328124365791325e+02 7.771251572837601884e+01 1.605634208710476116e+02
2.532458700328773773e+02 7.491079473961927704e+01 1.593579879855501815e+02
2.531021532654138184e+02 6.699531192921216416e+01 1.556353249178065425e+02
2.529991273288143816e+02 6.245495596054714582e+01 1.531209156959045288e+02
2.529768234768843627e+02 6.140131712464991409e+01 1.522686913991151414e+02
2.530606810894183525e+02 6.576277550026382812e+01 1.545170069407801350e+02
2.531498153184235207e+02 7.224625563177335152e+01 1.575304724601209614e+02
2.532583918496570163e+02 7.480588139789746549e+01 1.594933027560173855e+02
2.533228883386775863e+02 7.868266225595648677e+01 1.613402707310143285e+02
2.533055262410196065e+02 7.672502739781629089e+01 1.598609002719487080e+02
2.532839732922027736e+02 7.629802735722692830e+01 1.593219547834557659e+02
2.532829078215691823e+02 7.553249178065510705e+01 1.586715103299914631e+02
2.532503957462353412e+02 7.200030442018102406e+01 1.567743536144822940e+02
2.532173357145756256e+02 7.217724357673418467e+01 1.564938304176644976e+02
2.532301619515363029e+02 7.306983398952795028e+01 1.569364066241831495e+02
2.532074014693347408e+02 7.341656857571945238e+01 1.569021390591387046e+02
2.532392742622884327e+02 7.389053050290213775e+01 1.574048585460892014e+02
2.532801984819580241e+02 7.467857287819133205e+01 1.577712789706538956e+02
2.532956427324755566e+02 7.576867110443642161e+01 1.582593862889150387e+02
2.533096359134634952e+02 7.643469172383001364e+01 1.584978893534115230e+02
2.532221759954539948e+02 7.306160449730080586e+01 1.571429252749929049e+02
2.530686771928400276e+02 6.643718796931445070e+01 1.539598063887648607e+02
2.529972399236920069e+02 6.482328408491294169e+01 1.525288285911433945e+02
2.530137090554856627e+02 6.432566870966432759e+01 1.521623269878637927e+02
2.530690120550391669e+02 6.654916385923610278e+01 1.532196290132727086e+02
2.531424889394000957e+02 7.128362828266428153e+01 1.559206883955027081e+02
2.532192738563948637e+02 7.555022932986970829e+01 1.582248244510289510e+02
2.532578337459918032e+02 7.615865365101269902e+01 1.582903965580224792e+02
2.532532775906157383e+02 7.624027884888582207e+01 1.583268458010309701e+02
2.532263871412915535e+02 7.377104558184844052e+01 1.572877075130900550e+02
2.532164326013719062e+02 7.365167228152778023e+01 1.573605755570889357e+02
2.531656654625157330e+02 7.331303527215163740e+01 1.566714392986158941e+02
2.531947172951252298e+02 7.334096075009132676e+01 1.565643544262694320e+02
2.531561472581888950e+02 7.306446604700246894e+01 1.564556865689816050e+02
2.531530320250030570e+02 7.296461622762511467e+01 1.559290700978203574e+02
2.531545642732475585e+02 7.311016966351422752e+01 1.562835775459674608e+02
2.531871981166538035e+02 7.360150383569427390e+01 1.558967914112919573e+02
2.531685777489142311e+02 7.389161626821447726e+01 1.562891078459227856e+02
2.531666599017737553e+02 7.401832609489791537e+01 1.561150809757681657e+02
2.530939339205260410e+02 6.986049437837398557e+01 1.544692028250192664e+02
2.528703474448999486e+02 6.128003612452815219e+01 1.503845943093720905e+02
2.528078195397166894e+02 5.917817713195599794e+01 1.490876527174574733e+02
2.528647359662296594e+02 6.117866420424564922e+01 1.499390246377399762e+02
2.529181414133214219e+02 6.347187157527296364e+01 1.510875613914031703e+02
2.530375147136420821e+02 6.897886309209725653e+01 1.546373036489832486e+02
2.531553557657182409e+02 7.343386978934123022e+01 1.575710415229126795e+02
2.532176198400779299e+02 7.439534034176239174e+01 1.584708568413362002e+02
2.532140987133173553e+02 7.476558631326865623e+01 1.585545926857977861e+02
2.532106790599504791e+02 7.509855095993830787e+01 1.591984312213337773e+02
2.532067317449364907e+02 7.551635751106060468e+01 1.589397248041563557e+02
2.532214250923407803e+02 7.363799366806023272e+01 1.581483642488939267e+02
2.532107196493079471e+02 7.374109063603523850e+01 1.581324329260867785e+02
2.532172545358606897e+02 7.378433859642001380e+01 1.580525936599423744e+02
2.532150322685391757e+02 7.419499127328813870e+01 1.579774830539432457e+02
2.532250071031375569e+02 7.470609246255631319e+01 1.580530908795713856e+02
2.532361285870844654e+02 7.538846044567114291e+01 1.579009619677720480e+02
2.532301923935544039e+02 7.363280837764338571e+01 1.571122600154239421e+02
2.532244794414904447e+02 7.372421561066688867e+01 1.571423468766489293e+02
2.531387141291553462e+02 6.995352518569630718e+01 1.551959958598855280e+02
2.529250111620733037e+02 6.146086171205909920e+01 1.508777550026383096e+02
2.528693733003206603e+02 5.877180663230100777e+01 1.490532633843406245e+02
2.528873543856800836e+02 5.947951252181677972e+01 1.492993160693266361e+02
2.529620793927832096e+02 6.180732232008767113e+01 1.506827028453139690e+02
2.530816049031943749e+02 6.786337622275439685e+01 1.540841315906969271e+02
2.532106283232536441e+02 7.276764622316028408e+01 1.569873767098266910e+02
2.532430084831757142e+02 7.373884807403499053e+01 1.578497990826805335e+02
2.532684884523278015e+02 7.412004302471892458e+01 1.580464849616430456e+02
2.532452510451759622e+02 7.418715752729634971e+01 1.580953748427162395e+02
2.532584324390144843e+02 7.451489629419165794e+01 1.582289950075090417e+02
2.532584730283719523e+02 7.482596298250598466e+01 1.575859987011405678e+02
2.532690567033323816e+02 7.330860088484799064e+01 1.573332690668506757e+02
2.532672200349068419e+02 7.383549133417217547e+01 1.574873361204692230e+02
2.532691480293866846e+02 7.427118764459959266e+01 1.575124609327434371e+02
2.532686812517757744e+02 7.476093883183828837e+01 1.578450196858383663e+02
2.532507407557738475e+02 7.539159597353574327e+01 1.579098611843974425e+02
2.532301923935544039e+02 7.597740187522830979e+01 1.576775479969152229e+02
2.532453423712302651e+02 7.437778544465641062e+01 1.572614766408247817e+02
2.532438913017006996e+02 7.412044891829361859e+01 1.566113366075414888e+02
2.531275114664934733e+02 6.898142022161789555e+01 1.538627572350529817e+02
2.529417644193692354e+02 6.050427202987376774e+01 1.503955737305678326e+02
2.528485306652595739e+02 5.737728822502739945e+01 1.482011304136055401e+02
2.528727016276332336e+02 5.931732759670414623e+01 1.490581544019158287e+02
2.529558590737508723e+02 6.289731907293907653e+01 1.508144863416812029e+02
2.531248427162398116e+02 6.933506514591873326e+01 1.547513293014571616e+02
2.532483155416649652e+02 7.403926005601331894e+01 1.581498254657628877e+02
2.532862158542030215e+02 7.542304257823599301e+01 1.588178451110119056e+02
2.532944859357876339e+02 7.613092097252101098e+01 1.589358789625360089e+02
2.533048362219425940e+02 7.650703210618175376e+01 1.596518346389576664e+02
2.532757032106181896e+02 7.445921784308154656e+01 1.588232536428948265e+02
2.532809696797499726e+02 7.459368023704185191e+01 1.585860798798555038e+02
2.532931769290092063e+02 7.503380078743353465e+01 1.584663311279782363e+02
2.532906705361854165e+02 7.555901692576206585e+01 1.586690546738645082e+02
2.532844806591711517e+02 7.603837723748833355e+01 1.586567865405690725e+02
2.532950541867922141e+02 7.416941997808174847e+01 1.577446929415107491e+02
2.532898181596785321e+02 7.465640094167309826e+01 1.580369769046556030e+02
2.532937045906563185e+02 7.516970410358403853e+01 1.585883528838738528e+02
2.533052116734992012e+02 7.582385233591752183e+01 1.584843020659982926e+02
2.533095344400698252e+02 7.626988878516053205e+01 1.589544181515606738e+02
2.533020659982952338e+02 7.660965214920648236e+01 1.589725514470106020e+02
2.532335410155457112e+02 7.341125136989082023e+01 1.572879206072167904e+02
2.531227828063481695e+02 6.733783536956609339e+01 1.545282704874781814e+02
2.530379409018955243e+02 6.442511263546697364e+01 1.530814729877826039e+02
2.530571802573365403e+02 6.550051751430774516e+01 1.527237082436984963e+02
2.530949486544627973e+02 6.800602751958436443e+01 1.535171490035312729e+02
2.531714088565977931e+02 7.080191378820472892e+01 1.555334354832162944e+02
2.532632118358566515e+02 7.523508341112960807e+01 1.580910114867881759e+02
2.532767179445549459e+02 7.631809879449608047e+01 1.585199801112148350e+02
2.532909952510451888e+02 7.724670211470552772e+01 1.588773288143848674e+02
2.532868652839225661e+02 7.775871656451678859e+01 1.590684133620164857e+02
2.533126293785769292e+02 7.590767950643341067e+01 1.583011020010553125e+02
2.532884178268458015e+02 7.599605268498599742e+01 1.579730486666396132e+02
2.532840240288996085e+02 7.631877866623371176e+01 1.576405000608840226e+02
2.532846633112797861e+02 7.660685148354102125e+01 1.573154503389211243e+02
2.532893919714250899e+02 7.443675163372164150e+01 1.564632564841498663e+02
2.532668344360108676e+02 7.492755814425457572e+01 1.565746336810488231e+02
2.532649977675853279e+02 7.509700856435442518e+01 1.565647806145228742e+02
2.532683666842553976e+02 7.546817794374315724e+01 1.563495859885537982e+02
2.532577931566343352e+02 7.588545683321832769e+01 1.568890388440150900e+02
2.532499695579818990e+02 7.604420181028534387e+01 1.564231440516296630e+02
2.532651195356577603e+02 7.645675203961521049e+01 1.562670678248163370e+02
2.532222267321508298e+02 7.400528676381053117e+01 1.551985935787636492e+02
2.531399013678613414e+02 6.973600681901206144e+01 1.532818727929536919e+02
2.530473474854892970e+02 6.583546089215407449e+01 1.515666680196452489e+02
2.530515789260055897e+02 6.652866623371352262e+01 1.513150444453464161e+02
2.530787839428501798e+02 6.879984373097373407e+01 1.523592462556317741e+02
2.531151418598043676e+02 7.121830985915492818e+01 1.537304663717173412e+02
2.531847323131874816e+02 7.494341843568616923e+01 1.556148983236595313e+02
2.532105775865568091e+02 7.568527012217396077e+01 1.558892519381418253e+02
2.532128911799326261e+02 7.587243779680967748e+01 1.562374172991841590e+02
2.532297662053009617e+02 7.607337541096724465e+01 1.559417948613873364e+02
2.532122924869099450e+02 7.614690303202500843e+01 1.559326013719202706e+02
2.531971729512521847e+02 7.611815561959653564e+01 1.557969212972358548e+02
2.531886694808621314e+02 7.395589966310832608e+01 1.543893026748386603e+02
2.531760157486706930e+02 7.407581077241547973e+01 1.542494216016560529e+02
2.531909120428623510e+02 7.414768437715630967e+01 1.541977412022567648e+02
2.531637577627146243e+02 7.409384259447172383e+01 1.540676015748670693e+02
2.531624690506149307e+02 7.414271218086618376e+01 1.542059503998051753e+02
2.531822259203636918e+02 7.410098632138652874e+01 1.540000608840362020e+02
2.531934996144011052e+02 7.426222754393798198e+01 1.542519482891585767e+02
2.531990603563745594e+02 7.455069610748061848e+01 1.545988858221374471e+02
2.531795368754312676e+02 7.431895117100296488e+01 1.540732232008767255e+02
2.530921581361367032e+02 7.083285302593660049e+01 1.526260198076064398e+02
2.529280452165442341e+02 6.460304623127815660e+01 1.494531192921216132e+02
2.528920323091285525e+02 6.343535130088890384e+01 1.485397166862848621e+02
2.529185574542354971e+02 6.434315257539472555e+01 1.487776312050980323e+02
2.529742663473637094e+02 6.608673945691440110e+01 1.504351280594228228e+02
2.530817672606242752e+02 7.115873482972764918e+01 1.532302837196087069e+02
2.531596379429313686e+02 7.309527336932256958e+01 1.543491902423184570e+02
2.532143219547834576e+02 7.631943824329260906e+01 1.559068880139627424e+02
2.532439826277550026e+02 7.677299387100701722e+01 1.567325262816089548e+02
2.532653021877663662e+02 7.666705564800909656e+01 1.568952084263506208e+02
2.531993546292162307e+02 7.467631002151236430e+01 1.559762044891829476e+02
2.532249157770832539e+02 7.538835897227747296e+01 1.563610017453423779e+02
2.532147075536794318e+02 7.588319397653934573e+01 1.561963104274059333e+02
2.532292791330113175e+02 7.613743556439501958e+01 1.564600296302309630e+02
2.531984007793156763e+02 7.636964727848358336e+01 1.562439217437188006e+02
2.532581787555303094e+02 7.704060965214920031e+01 1.561333157446117639e+02
2.532374375938628930e+02 7.701006616065266996e+01 1.561100681901205576e+02
2.532271481917441349e+02 7.746457563826764670e+01 1.563213053537362498e+02
2.532201972642773171e+02 7.584727239517798125e+01 1.558200369363152902e+02
2.532213236189471104e+02 7.582392336729309079e+01 1.553412144335755158e+02
2.531642549823436354e+02 7.262565450338921380e+01 1.540343284490806468e+02
2.530607927101513894e+02 6.814721759954539948e+01 1.519967224093842617e+02
2.530176462231602841e+02 6.749011649145593594e+01 1.514407395380931121e+02
2.530343893331168488e+02 6.993988716158622765e+01 1.524237731866704451e+02
2.531268721841133242e+02 7.247764541137313188e+01 1.533916670049113122e+02
2.531659394406786419e+02 7.398561107277672022e+01 1.544537585745017623e+02
2.532152352153265440e+02 7.684901773754921805e+01 1.559261476640824640e+02
2.532478792060721560e+02 7.701491658887039193e+01 1.558224621504241725e+02
2.532338048463692814e+02 7.482333482160977667e+01 1.546323314526931085e+02
2.532249360717619879e+02 7.465704022405324736e+01 1.545315582254332867e+02
2.532114908470998955e+02 7.462449770670130533e+01 1.547126577911271568e+02
2.532108008280228830e+02 7.443436700897024139e+01 1.543974814303689698e+02
2.531943215488898886e+02 7.400794536672484014e+01 1.542541705564800907e+02
2.532040832893615345e+02 7.400293258107724625e+01 1.542807362909445033e+02
2.531961176279579604e+02 7.419527539879044298e+01 1.540492145959329378e+02
2.532001562690262517e+02 7.434530381134067056e+01 1.543252932581077346e+02
2.532219426066485255e+02 7.464034785079351764e+01 1.545890936396476718e+02
2.532144944595526965e+02 7.504550066972440447e+01 1.550274282583106640e+02
2.532227239517798409e+02 7.544919227178634458e+01 1.552370824369850197e+02
2.532085988553801315e+02 7.534109266550311190e+01 1.552125969070909548e+02
2.531650870641717859e+02 7.309811462434549867e+01 1.540580021918252953e+02
2.530925437350326774e+02 7.079324796038478951e+01 1.529349657019929509e+02
2.531038478710881918e+02 7.069994317489954483e+01 1.529881682022973450e+02
2.531058671916223659e+02 7.173148110565409752e+01 1.533764155538417810e+02
2.531383183829200050e+02 7.311202662661850127e+01 1.539326216665990046e+02
2.532004606892072900e+02 7.444992288022081084e+01 1.546069935462921592e+02
2.532065287981491224e+02 7.503112188984047748e+01 1.547666720785809957e+02
2.532186142793359522e+02 7.559193489467061511e+01 1.549523379469902977e+02
2.532182388277793450e+02 7.550748873645329695e+01 1.552095628526200528e+02
2.531834233064090540e+02 7.485049924909688457e+01 1.542851300888906962e+02
2.531765231156390712e+02 7.482998132889557041e+01 1.540991395056216220e+02
2.531427832122417385e+02 7.496667613751674253e+01 1.541174453058408176e+02
2.531878272516946140e+02 7.561679587612128728e+01 1.544797053212647597e+02
2.531840524414498645e+02 7.669646263749645243e+01 1.550119637131144259e+02
2.532115618784754645e+02 7.762939887161586228e+01 1.553597942119576203e+02
2.532149815318423407e+02 7.850139018549336356e+01 1.556962495433697313e+02
2.531911048423103523e+02 7.894432154888987441e+01 1.557704671835044792e+02
2.532038803425741662e+02 7.947932986970816671e+01 1.557606039696391633e+02
2.532348804643422397e+02 7.910645573730568003e+01 1.559166294597556544e+02
2.531565835937817042e+02 7.685443641677152016e+01 1.545355055404473035e+02
2.530740248406867750e+02 7.312668953200470412e+01 1.530054897105978853e+02
2.530374639769452472e+02 7.113858221374356106e+01 1.517622376912773348e+02
2.530455514064212252e+02 7.141003368916669558e+01 1.516013008889069340e+02
2.530852985347241884e+02 7.282256362381782822e+01 1.525126131428339420e+02
2.531320270325120703e+02 7.498463692819743187e+01 1.532347485489304688e+02
2.531785931728700803e+02 7.640628932094004711e+01 1.540870337297560582e+02
2.531899581929617966e+02 7.709962657791126617e+01 1.543228173073020173e+02
