2.547448518917659328e+02 6.915865202574782700e+01 1.752382838668336547e+02
2.546900795153350998e+02 6.969737570267672311e+01 1.749967087059097537e+02
2.546896280546413038e+02 6.907262691870795379e+01 1.745808697171817130e+02
2.547082981388168719e+02 8.703598578626977655e+01 1.801310983601782425e+02
2.547362158855911218e+02 8.551872833716832645e+01 1.798971252148079145e+02
2.547366382197885457e+02 8.599659219992426529e+01 1.792490315439955850e+02
2.547363323915766102e+02 8.672447790755249741e+01 1.788278187166865791e+02
2.547420266216176969e+02 9.105701511665161263e+01 1.814607957358809358e+02
2.547523519645821750e+02 9.174509946698510987e+01 1.814337080942533476e+02
2.547285847435412052e+02 8.729943494597034714e+01 1.794259458829697280e+02
2.546923076923076792e+02 8.024971601666035781e+01 1.757258322896338711e+02
2.546623947805318551e+02 7.440092622258468680e+01 1.728075903649549900e+02
2.546651472344391607e+02 7.237621239041155263e+01 1.714690094078583229e+02
2.546679433780910529e+02 7.354951504383537042e+01 1.719219992427110810e+02
2.547016864241400356e+02 7.939472227885707412e+01 1.752249584947426797e+02
2.547429877959980331e+02 8.524860920979814694e+01 1.783286779483295845e+02
2.547673957999592176e+02 8.755375294905775263e+01 1.797700171846328487e+02
2.547794687327061354e+02 9.177694929076980657e+01 1.821245157719977783e+02
2.547749249992718319e+02 9.213858386974631287e+01 1.820673404596161049e+02
2.547725075000728054e+02 9.189330964378295619e+01 1.819093292167885068e+02
2.547727259487956246e+02 8.929621646812104530e+01 1.804001543704307835e+02
2.547776192001864217e+02 8.967002592258177174e+01 1.805226458509305871e+02
2.547903911688462983e+02 9.029256109282614773e+01 1.806481519238050737e+02
2.547876678414353648e+02 9.093624209943786241e+01 1.804046252876241567e+02
2.547847988815425424e+02 9.147444149943203229e+01 1.806928174059942194e+02
2.547871435645006386e+02 9.229063874406547541e+01 1.811925261410304984e+02
2.547942941193603872e+02 9.276403168962805523e+01 1.812116331226516763e+02
2.547983427023563365e+02 9.338889697958232716e+01 1.810559083097894018e+02
2.547968863775376462e+02 9.096169865726851356e+01 1.798778289109602895e+02
2.547843765473451185e+02 9.130307575801707287e+01 1.799060816124428470e+02
2.547842600413596301e+02 9.120346314041883318e+01 1.794924271109428275e+02
2.547586141613025461e+02 8.505857338420761948e+01 1.767890222235167244e+02
2.547218565228788520e+02 7.699324265284128899e+01 1.731122535170244419e+02
2.546873561879241663e+02 7.288077068709405637e+01 1.705588937756677126e+02
2.547052398566976308e+02 7.340213497218420002e+01 1.710622724492470752e+02
2.547244050913115530e+02 7.555756852008272517e+01 1.723542947018902964e+02
2.547554976261905324e+02 8.233424110913698257e+01 1.761138263478286206e+02
2.548004834998397996e+02 8.889352809250574694e+01 1.803086097923280704e+02
2.548117554539364562e+02 9.322236623656540644e+01 1.820494276643462683e+02
2.548160224856551963e+02 9.375867241429529031e+01 1.824581743512073047e+02
2.548105467043369288e+02 9.289365916173943560e+01 1.819231934290624224e+02
2.547948329595432995e+02 8.906958319983688455e+01 1.800057524830338025e+02
2.547865319080767676e+02 8.880131360498646131e+01 1.798576588122214730e+02
2.547791774677424144e+02 8.904026738123671691e+01 1.801702298080563764e+02
2.547944106253458756e+02 9.067574927911921634e+01 1.807320071068651259e+02
2.548016776861911410e+02 9.211017097253370878e+01 1.818979844464509483e+02
2.548088428042990756e+02 9.325675006553461799e+01 1.819104214604025174e+02
2.548058573384207648e+02 9.419806017534151010e+01 1.822013077796871698e+02
2.548182943523723623e+02 9.438267847260652843e+01 1.819742230507092415e+02
2.548172312352547237e+02 9.494830046893659414e+01 1.823124399266012290e+02
2.548085078495907680e+02 9.285506655404421394e+01 1.816880843503334972e+02
2.548154836454722840e+02 9.295386362974397798e+01 1.813243381003699142e+02
2.548148282993038833e+02 9.012927795415490095e+01 1.800147525704132931e+02
2.547772259924853699e+02 8.156953951009232640e+01 1.758074592957213156e+02
2.547412838959601515e+02 7.533422654588879652e+01 1.724764657909300070e+02
2.547211574869658932e+02 7.117366673462849747e+01 1.701419625433256613e+02
2.547490752337401432e+02 7.587283371683220423e+01 1.724560626802201853e+02
2.547613666152098517e+02 7.890953310226312567e+01 1.741049282031864323e+02
2.547945416945795500e+02 8.537826580840591362e+01 1.782386042582937762e+02
2.548238575131797461e+02 9.056215594326158680e+01 1.808563481198846716e+02
2.548370081262924884e+02 9.221418169108437723e+01 1.817835755686948289e+02
2.548366294818396227e+02 9.231459528733289233e+01 1.817506043747997637e+02
2.548404450528645953e+02 9.237059097661142459e+01 1.817716191419334280e+02
2.548508140855736599e+02 9.283354207322400953e+01 1.819647132496432107e+02
2.548415372964786059e+02 9.330782337692599526e+01 1.817174584219264375e+02
2.548436052777211387e+02 9.130384761017097617e+01 1.810430198351440367e+02
2.548398333964407527e+02 9.211711764191885266e+01 1.812478519208924297e+02
2.548384061981184345e+02 9.296743657705414421e+01 1.813607899105816443e+02
2.548275565782192018e+02 9.330556607345702957e+01 1.816131710016602199e+02
2.548397751434480085e+02 9.387602306818513398e+01 1.818350275245390719e+02
2.548332944980048467e+02 9.458210759327759831e+01 1.814670870590976506e+02
2.548446538315905912e+02 9.521268167652112879e+01 1.817672356042291710e+02
2.548365857920950646e+02 9.309166108408820151e+01 1.807593860134564352e+02
2.548336585792094979e+02 9.351249526694434167e+01 1.807728278915329270e+02
2.548264643346051912e+02 9.170135146943174220e+01 1.800666705501995182e+02
2.547831677977456195e+02 8.305531121661375948e+01 1.756907639879998726e+02
2.547439052806337827e+02 7.421370110389420915e+01 1.709721696327148948e+02
2.547225118690472812e+02 6.782260507383567472e+01 1.684216205982582437e+02
2.547217691433897357e+02 7.158124836163457871e+01 1.695683744502373713e+02
2.547478810473888018e+02 7.455049078146389263e+01 1.715870154079165957e+02
2.547834008097165963e+02 8.432244487810561395e+01 1.771444237322692459e+02
2.548120612821483633e+02 8.731801765065679888e+01 1.790478839600384333e+02
2.548268866688026151e+02 9.212782162933621066e+01 1.813062796726181887e+02
2.548333964407421490e+02 9.260778259983106864e+01 1.819125622578860089e+02
2.548404887426091534e+02 9.289333877027932829e+01 1.820940203302944553e+02
2.548363236536277157e+02 9.282710511752540583e+01 1.821770890979524040e+02
2.548327119680773478e+02 9.296030058544258168e+01 1.816317537063466716e+02
2.548305274808493266e+02 9.344585384324119559e+01 1.820529374071593054e+02
2.548321731278944355e+02 9.192885853260710860e+01 1.810795590248449116e+02
2.548456586957154855e+02 9.318358430664375192e+01 1.819494655287915350e+02
2.548478868726880933e+02 9.436667346284914970e+01 1.823363090903795296e+02
2.548479014359362793e+02 9.552286429965339210e+01 1.829022514781696884e+02
2.548558238429499454e+02 9.644664025864328494e+01 1.831548364547228687e+02
2.548470276410450595e+02 9.689788250371363176e+01 1.829517373955087010e+02
2.548398042699443806e+02 9.461994291206710272e+01 1.818805959281158096e+02
2.548315323449742209e+02 9.512383129933300552e+01 1.816203069932717824e+02
2.548320711851571332e+02 9.523927416771036292e+01 1.810003203914601215e+02
2.548076486179477342e+02 9.308657851047097154e+01 1.796200594180525911e+02
2.547775463839454630e+02 8.152433518772026844e+01 1.745407625316750568e+02
2.547199196108700221e+02 7.326088602801968364e+01 1.700593306731133225e+02
2.547314828299303997e+02 7.245479567762794204e+01 1.695683890134855574e+02
2.547458130661462690e+02 7.493686831910989099e+01 1.708191681472635537e+02
2.547780852241284038e+02 8.123352168467654622e+01 1.739942912067107557e+02
2.548101534966358770e+02 8.781769725919669156e+01 1.782491043602365153e+02
2.548247313080709660e+02 9.263635569277371928e+01 1.806191856231613997e+02
2.548284594996067938e+02 9.281223604112661008e+01 1.809282468761832661e+02
2.548321876911426216e+02 9.312422450703404309e+01 1.810733405178690987e+02
2.548231147875222007e+02 9.298278624064310804e+01 1.808958582122156429e+02
2.548388867853086026e+02 9.081953222846823337e+01 1.799612617598229178e+02
2.548361488946494546e+02 9.113817609879707504e+01 1.798915911804969028e+02
2.548449450965543406e+02 9.212562257885998918e+01 1.802184924125477039e+02
2.548476684239652741e+02 9.353353916057437800e+01 1.807538956688899816e+02
2.548497218419596209e+02 9.448036874144409580e+01 1.813079690094078558e+02
2.548402120408935900e+02 9.526842979058048400e+01 1.812897503859260837e+02
2.548508140855736599e+02 9.597720851658753816e+01 1.812519296303847511e+02
2.548519354556840426e+02 9.631041563510325432e+01 1.809977281332828341e+02
2.548494305769958999e+02 9.438710570005534350e+01 1.800112865173448427e+02
2.548424110913698257e+02 9.467091428072117765e+01 1.796693268866688129e+02
2.548455276264818110e+02 9.523995864037514991e+01 1.802719249701453350e+02
2.548332799347566606e+02 9.269615238982902383e+01 1.787775026942009049e+02
2.548104738880959985e+02 8.446152389829028095e+01 1.741507587452305472e+02
2.547830949815046608e+02 7.515236070253109801e+01 1.702531820697288367e+02
2.547602306818512830e+02 7.245160632627501229e+01 1.684977281332828341e+02
2.547683424110913677e+02 7.425389566888999582e+01 1.696606471907494154e+02
2.548099933009058304e+02 8.156033553723823104e+01 1.735925640054757935e+02
2.548274109457373413e+02 8.777387644540237943e+01 1.768891008650569461e+02
2.548536247924737097e+02 9.325647336381906882e+01 1.798154836454722840e+02
2.548736638219788517e+02 9.468984650336410880e+01 1.812793085369760888e+02
2.548750473305566118e+02 9.520156991815454717e+01 1.815766026854629729e+02
2.548619404071884276e+02 9.550001456324818605e+01 1.815199370867678397e+02
2.548584452276235766e+02 9.518498237846969801e+01 1.809672181283313535e+02
2.548552267497742605e+02 9.266332682841580493e+01 1.799938834357615178e+02
2.548508577753182180e+02 9.299296595112573982e+01 1.800718405033058502e+02
2.548471441470305479e+02 9.366606471907493869e+01 1.802384440625637012e+02
2.548607316575889001e+02 9.469377858037456974e+01 1.805509276789095168e+02
2.548528529403198206e+02 9.549341741181953580e+01 1.805751317973960965e+02
2.548565811318556484e+02 9.591119331255643488e+01 1.807719686598898932e+02
2.548564646258701600e+02 9.670436606180642514e+01 1.811214429266303512e+02
2.548623044883930788e+02 9.512541869338537026e+01 1.805612821483703669e+02
2.548662220021553537e+02 9.566947251915067341e+01 1.807092301867008359e+02
2.548559694754318059e+02 9.614455480150292033e+01 1.807346430547869431e+02
2.548485567821046800e+02 9.025013835085778169e+01 1.779394023242944058e+02
2.547971193895086230e+02 7.729761453994699139e+01 1.712828619695336840e+02
2.547627646870357978e+02 7.290117379780386386e+01 1.687976727929397498e+02
2.547789735822677812e+02 7.458373867707453542e+01 1.695238837270264867e+02
2.548162409343780155e+02 8.177224536160545654e+01 1.737033175079369585e+02
2.548431101272827846e+02 8.844011592345556494e+01 1.776979291061078357e+02
2.548649695628112966e+02 9.431842542160603671e+01 1.808358430664375476e+02
2.548668919115719689e+02 9.584061981184282786e+01 1.820286022194390227e+02
2.548733871202633168e+02 9.568493868872513985e+01 1.820632336236274114e+02
2.548639792619345883e+02 9.598629598345614511e+01 1.818711443800425229e+02
2.548743337313954385e+02 9.335672676433752315e+01 1.804674365770541442e+02
2.548634258585034900e+02 9.302740803308769557e+01 1.802720851658754100e+02
2.548703288381440473e+02 9.347377159001543134e+01 1.804065039466402709e+02
2.548703725278886338e+02 9.445961611277779468e+01 1.804631695453354041e+02
2.548742609151545082e+02 9.532956630646899043e+01 1.808780910494276668e+02
2.548665278303672892e+02 9.661937494538781834e+01 1.813997465994815457e+02
2.548708531150787735e+02 9.490761075350246756e+01 1.807775463839454630e+02
2.548637316867153970e+02 9.550342236332392076e+01 1.806948271342440080e+02
2.548698773774502797e+02 9.589692132933329560e+01 1.807705414615675750e+02
2.548704890338741222e+02 9.631344479072612330e+01 1.804638248915038048e+02
2.548698336877056931e+02 9.394966941426615392e+01 1.796451082049340187e+02
2.548657122884688135e+02 9.225143447994641122e+01 1.780663647219875827e+02
2.548518917659394845e+02 8.465524422567209228e+01 1.742253517024437031e+02
2.548127166283167924e+02 7.835235778988145228e+01 1.713168380275536720e+02
2.548059301546616950e+02 7.675813357411236382e+01 1.705121603122360341e+02
2.548045466460839350e+02 7.810567092884396345e+01 1.711437975125972173e+02
2.548277604636938349e+02 8.430552238371245721e+01 1.739713540908164191e+02
2.548628287653278051e+02 9.040131943028572437e+01 1.776535403256342249e+02
2.548747123758483042e+02 9.264360819037078443e+01 1.787894736842105203e+02
2.548836542102350506e+02 9.649889319313780334e+01 1.810717239973203618e+02
2.548873241487781343e+02 9.706468994844610165e+01 1.811257536480936778e+02
2.548878775522092326e+02 9.496025689569802353e+01 1.805311362246235376e+02
2.548806687443567398e+02 9.539485334809076278e+01 1.807968281245449020e+02
2.548815425392479597e+02 9.566256953951008768e+01 1.805646462587015435e+02
2.548714502082544584e+02 9.605324323537121245e+01 1.806193603821396323e+02
2.548713773920135282e+02 9.611609821454577229e+01 1.805449858736492672e+02
2.548769988058136562e+02 9.627419683686248675e+01 1.803526053651006293e+02
2.548731104185477534e+02 9.430042524684705540e+01 1.794014068097748407e+02
2.548830571170593942e+02 9.479091544578102457e+01 1.796940698453383050e+02
2.548900037864445380e+02 9.591748463577316386e+01 1.803626831328459446e+02
2.548901348556782125e+02 9.649663588966883765e+01 1.803667462790900800e+02
2.548945475198788415e+02 9.665981708560276786e+01 1.805536218798240782e+02
2.548982611481664833e+02 9.729915824425479798e+01 1.805675152185943659e+02
2.548847318906008752e+02 9.332294002854396808e+01 1.779836600355343137e+02
2.548465616171030774e+02 8.198149011155447852e+01 1.729448926688608594e+02
2.548362217108903849e+02 7.765269565723939138e+01 1.702104826260449215e+02
2.548101971863804636e+02 7.765208400081554885e+01 1.695796172778376558e+02
2.548318381731861564e+02 8.003833046922785854e+01 1.710919086593073644e+02
2.548631637200361126e+02 8.677348323770134186e+01 1.747977601724288661e+02
2.548776978417266150e+02 9.299826697346576054e+01 1.785046456761716058e+02
2.548950717968135677e+02 9.825037136282875849e+01 1.815199662132642118e+02
2.548994844610141968e+02 9.948022310896222109e+01 1.820810881659045322e+02
2.548968630763405372e+02 9.981618268138525707e+01 1.820839571257973262e+02
2.548862464684123097e+02 9.764888008621443305e+01 1.809466256953951131e+02
2.548882853231584704e+02 9.765282672647306583e+01 1.804341886814435156e+02
2.548823726443945930e+02 9.789861066612297691e+01 1.805673404596161049e+02
2.548863775376459841e+02 9.595363061777298697e+01 1.801084525092476554e+02
2.548934844027612030e+02 9.667344828590569250e+01 1.799973349255818107e+02
2.548913872950222697e+02 9.758488917368130444e+01 1.801314187516383640e+02
2.548917368129787633e+02 9.848974747327643797e+01 1.805597821338071185e+02
2.548924358488917505e+02 9.895138787755220733e+01 1.804094748492703673e+02
2.548905135001310782e+02 9.657902018466198513e+01 1.791088894066932653e+02
2.548928144933445878e+02 9.700550490781463964e+01 1.792567063757900598e+02
2.548867853085952220e+02 9.660252526723560607e+01 1.787852794687327105e+02
2.548705618501150525e+02 9.298516005009757635e+01 1.769010427285701894e+02
2.548636151807299086e+02 8.539861066612297691e+01 1.732981679433781039e+02
2.548516296274721071e+02 8.424986164914221831e+01 1.722353420906999020e+02
2.548535082864882213e+02 8.560379226982786349e+01 1.728526927445897456e+02
2.548671977397838759e+02 8.739338246002388644e+01 1.740235342090699930e+02
2.548743774211400250e+02 9.200423790522238221e+01 1.762427110942824697e+02
2.548724841988757248e+02 9.338126583753239629e+01 1.771874435674132826e+02
2.548932368275420117e+02 9.426891037777065208e+01 1.776144525675006491e+02
2.548932368275420117e+02 9.471591471761861669e+01 1.779377566772492969e+02
2.548876008504936976e+02 9.472739055718987800e+01 1.782814930242041100e+02
2.548881979436693541e+02 9.495132962455946313e+01 1.781822444878105500e+02
2.548847027641045031e+02 9.515241895552384221e+01 1.785543500422334091e+02
2.548809891358168613e+02 9.545315003058281889e+01 1.781930795444615967e+02
2.548941688754259758e+02 9.600262138467363116e+01 1.788052456819969223e+02
2.548853289837765317e+02 9.445931028456587342e+01 1.781584044505286499e+02
2.548955086942591777e+02 9.501722832260507801e+01 1.782486237730463472e+02
2.548978242507208734e+02 9.581897882503713504e+01 1.783670812337983875e+02
2.548964844318876999e+02 9.593456732589636715e+01 1.786697783473626089e+02
2.548851250983019270e+02 9.597865027815804240e+01 1.781202633035272243e+02
2.548852124777910433e+02 9.566966184137710627e+01 1.773003524306061252e+02
2.548713773920135282e+02 8.668501150496607011e+01 1.730533160516121427e+02
2.548484257128710055e+02 7.802778667754056130e+01 1.694086738706201061e+02
2.548286196953368403e+02 7.420369615238982419e+01 1.671140156700550392e+02
2.548268138525616848e+02 7.510677773570617433e+01 1.672665802580607703e+02
2.548363090903795296e+02 8.021753123816736775e+01 1.698682899833978865e+02
2.548575277429877985e+02 8.611633122651676331e+01 1.732639297468907387e+02
2.548768822998281678e+02 9.189412518568141763e+01 1.770245245099467013e+02
2.548870765735589714e+02 9.349935921707977116e+01 1.784449800483499757e+02
2.548978096874726873e+02 9.684309556403459851e+01 1.800513500131069122e+02
2.549019456499577529e+02 9.644361110302041595e+01 1.798026388605714487e+02
2.548957562694783405e+02 9.286486762007397999e+01 1.784080913406926356e+02
2.549022660414178745e+02 9.316201613607898935e+01 1.779382809541840231e+02
2.549037951824774950e+02 9.402088369789997557e+01 1.789349896600937768e+02
2.548994698977660107e+02 9.490688259109312241e+01 1.791120059418052506e+02
2.548964698686395138e+02 9.547733958582122682e+01 1.796110302041767284e+02
2.548921591471761872e+02 9.607453470422042585e+01 1.794426499286400940e+02
2.548988873678385119e+02 9.663686540646025946e+01 1.794341158652025854e+02
2.548977223079835710e+02 9.692814493344594950e+01 1.796587539684851436e+02
2.548910523403139905e+02 9.705813648676200955e+01 1.796179331838173141e+02
2.548885911513704059e+02 9.555388401829144129e+01 1.789302566044330547e+02
2.548568869600675839e+02 8.286865406460256622e+01 1.731901377683278440e+02
2.547994786357149053e+02 7.041866425887630498e+01 1.667709783590131849e+02
2.547468470567675354e+02 6.434469752133516351e+01 1.638746249963591879e+02
2.547285410537966470e+02 6.458638918824455288e+01 1.640874523053621772e+02
2.547752308274837674e+02 7.063872950222817337e+01 1.677336236274138628e+02
2.548334401304867072e+02 8.054140331459528568e+01 1.731070544374217093e+02
2.548628142020796190e+02 8.764036058602511048e+01 1.782616287536772290e+02
2.548803337896484322e+02 9.343169836600355893e+01 1.811667055019951533e+02
2.548900911659336543e+02 9.405247138321730915e+01 1.818060320973989974e+02
2.548836396469868646e+02 9.358168525908018864e+01 1.817156817056476257e+02
2.548961349139312063e+02 9.348312119535141562e+01 1.816191710599132136e+02
2.548836833367314227e+02 9.404360236507150717e+01 1.816845163545277160e+02
2.548906591326129387e+02 9.444815483645471943e+01 1.819990533888678499e+02
2.548942708181632781e+02 9.485071214283634333e+01 1.816812396236856557e+02
2.548899600966999799e+02 9.547687356187924479e+01 1.817550316022485788e+02
2.548899746599481659e+02 9.637297934931406473e+01 1.819556112195263893e+02
2.548932659540383838e+02 9.756311711764192296e+01 1.829633588675618228e+02
2.548949261643316788e+02 9.827894445577140914e+01 1.827908571927882804e+02
2.549000961174380393e+02 9.455906853464597361e+01 1.811136078991058298e+02
2.548478868726880933e+02 7.845508694259167726e+01 1.732559782133807005e+02
2.547483616345789699e+02 6.738921737104243448e+01 1.676559141350886932e+02
2.547052981096903750e+02 6.362949640287769881e+01 1.646781813415664146e+02
2.547085748405324352e+02 6.345499956310255385e+01 1.650945591704773960e+02
2.547401625258497688e+02 6.872487111525354919e+01 1.684336352780124173e+02
2.548068913290420312e+02 7.954441790696996861e+01 1.749198438819794319e+02
2.548775667724929406e+02 8.881679433780909960e+01 1.800783648384935702e+02
2.549023242944106187e+02 9.620162817114729137e+01 1.842272012349634451e+02
2.549046252876241567e+02 9.776965310342818327e+01 1.853371391955261629e+02
2.549138875134709963e+02 9.878051728657560204e+01 1.860373838580957226e+02
2.549073631782832763e+02 9.910814668103573410e+01 1.857804881600792157e+02
2.549048874260915056e+02 1.003422072058952068e+02 1.860602044680045424e+02
2.549057320944863534e+02 9.839173681297876328e+01 1.851279818250662572e+02
2.549106107826289644e+02 9.918345323741007746e+01 1.848867124923542917e+02
2.549180962921970206e+02 1.013262313226342002e+02 1.856724579850289842e+02
2.549207904931115820e+02 1.025258352022835169e+02 1.860671657006378723e+02
2.549189118340954678e+02 1.004572859930678987e+02 1.852857746191710646e+02
2.549216934144991740e+02 1.022363760813211826e+02 1.858832610025339989e+02
2.549242419829318749e+02 1.039869076398800019e+02 1.863939941164477432e+02
2.549202079631841116e+02 1.008833192555267573e+02 1.852472693909649593e+02
2.548960184079457179e+02 9.145265488014446476e+01 1.801516034136253666e+02
2.548266682200797959e+02 7.688908630180876003e+01 1.725497334925581754e+02
2.547627792502839839e+02 6.786393557219001593e+01 1.679769900678647332e+02
2.547355168496781630e+02 6.696190254274313247e+01 1.671307488422217773e+02
2.547622258468528855e+02 6.948309206885504352e+01 1.691931960504470851e+02
2.548197943669356107e+02 8.170429324556549489e+01 1.757933911979727952e+02
2.548945912096233997e+02 9.140318352605365249e+01 1.813524306061223967e+02
2.549131156613171072e+02 9.828803192264003030e+01 1.852155651996621373e+02
2.549210963213235175e+02 9.983882853231584420e+01 1.866057000553403498e+02
