2.520616283599532608e+02 3.507918452149071697e+01 1.493703285287624851e+02
2.521459550707700430e+02 3.519023503441111700e+01 1.499067263991689458e+02
2.521574860407739322e+02 3.557645760290871095e+01 1.499810284378652057e+02
2.521557719776652391e+02 4.635144786391377636e+01 1.536896117387352376e+02
2.520733930658356030e+02 4.456561485521361021e+01 1.526159719516945756e+02
2.519916114790287054e+02 4.068905336969224606e+01 1.502800155823919113e+02
2.519029476691338800e+02 4.009097519802622855e+01 1.495056616023892957e+02
2.520664978574211261e+02 4.423451499805219811e+01 1.522785092845085160e+02
2.520957018569017123e+02 4.465440851837423963e+01 1.524999480586936897e+02
2.521653811193351373e+02 4.509106609531229992e+01 1.531936631606284891e+02
2.522228541747824977e+02 4.564366965329178072e+01 1.535493702116608290e+02
2.523172704843526901e+02 4.802659394883781374e+01 1.548430853135956511e+02
2.523580314244903207e+02 4.832594468250876218e+01 1.552660693416439415e+02
2.523718737826256415e+02 4.826553694325412636e+01 1.550570055836904260e+02
2.523747565251265996e+02 4.811915335670692428e+01 1.548445526554992853e+02
2.523944682508765140e+02 4.842120503830671652e+01 1.551162316582262122e+02
2.524068692377613274e+02 4.873613816387481990e+01 1.550708219711725633e+02
2.523993247630178018e+02 4.892886638098948282e+01 1.553064147513310047e+02
2.524623425529152030e+02 4.932569796130372453e+01 1.552824957797688512e+02
2.525146734190364839e+02 4.993495649915595180e+01 1.556462797039345674e+02
2.524758083365796608e+02 5.086638098948188258e+01 1.558828723542397086e+02
2.524310998571613993e+02 5.136447214647448334e+01 1.555560966108297691e+02
2.524959096221269874e+02 4.984029346838072883e+01 1.553027788598883205e+02
2.525248019737696268e+02 4.998743020386962854e+01 1.553083106090118122e+02
2.525345409687053575e+02 5.028762498376833889e+01 1.554039605246071858e+02
2.524867679522139952e+02 5.062726918582002611e+01 1.556836255031814176e+02
2.524557719776652505e+02 5.125153876119984631e+01 1.552660174003376312e+02
2.524376574470848027e+02 5.160846643293078984e+01 1.550217893780028646e+02
2.524599792234774611e+02 5.165322685365536870e+01 1.551601740033761985e+02
2.524323854044929192e+02 4.987882093234644998e+01 1.540697701597195248e+02
2.524305155174652668e+02 4.875994026749772559e+01 1.534063628100246603e+02
2.523364627970393315e+02 4.657545773276197565e+01 1.522466303077522412e+02
2.522369562394494267e+02 4.533651473834567014e+01 1.507729255940786857e+02
2.522021815348655878e+02 4.528087261394624363e+01 1.502099987014673559e+02
2.521708739124788963e+02 4.551910141540059840e+01 1.507753928061290765e+02
2.521217114660433651e+02 4.590466173224256607e+01 1.508928580703804698e+02
2.521905077262693169e+02 4.825561615374626712e+01 1.519380599922087924e+02
2.522326580963511162e+02 4.868326191403713921e+01 1.523635631736138123e+02
2.522427217244513713e+02 4.901646539410466374e+01 1.527873003506038287e+02
2.522894299441630892e+02 4.944840929749383207e+01 1.533310349305284888e+02
2.522925594078691063e+02 4.969302687962602505e+01 1.530952343851447779e+02
2.522861836125178456e+02 4.959705233086611997e+01 1.528553304765614769e+02
2.522944942215296749e+02 4.957100376574470602e+01 1.527037917153616320e+02
2.522908323594338356e+02 5.011450460979093435e+01 1.533162446435527784e+02
2.522970133748863759e+02 5.033011297234125436e+01 1.533592910011686854e+02
2.523204259187118623e+02 5.041355668095052778e+01 1.536771717958706631e+02
2.523230749253343674e+02 5.067413322945071741e+01 1.535594857810673943e+02
2.523302168549539033e+02 5.078304116348526520e+01 1.534764056616023993e+02
2.523353720296065319e+02 5.083372289313076209e+01 1.532485781067393873e+02
2.523404882482794562e+02 5.104104661732242221e+01 1.534072458122321905e+02
2.523170886897805474e+02 5.167039345539540562e+01 1.540155694065705632e+02
2.523334631865991469e+02 5.168304116348526378e+01 1.535375665497987256e+02
2.523334761719257244e+02 5.188887157512011328e+01 1.534600311647837998e+02
2.523519023503441190e+02 5.219292299701337612e+01 1.536819503960524571e+02
2.523782885339566349e+02 5.266458901441371410e+01 1.540352681469939000e+02
2.523998441760810181e+02 5.260123360602518972e+01 1.538585378522269878e+02
2.522592910011686911e+02 4.807134138423581504e+01 1.516463316452408776e+02
2.521227373068432769e+02 4.566910790806388576e+01 1.495638098948188599e+02
2.520621088170367443e+02 4.487632774964290405e+01 1.485850668744319023e+02
2.520695104531878883e+02 4.478326191403714063e+01 1.485595507077003106e+02
2.521068043111284283e+02 4.511759511751720453e+01 1.491225035709648239e+02
2.521536813400857113e+02 4.711399818205428147e+01 1.505315673289183280e+02
2.521382677574341074e+02 4.721746526425139479e+01 1.504335930398649452e+02
2.522136605635631668e+02 4.754882482794442211e+01 1.510417348396312036e+02
2.523118556031684250e+02 4.827286066744578363e+01 1.518560186988702867e+02
2.523217763926762700e+02 5.064102064666926140e+01 1.527967017270484291e+02
2.523382028308012082e+02 5.050140241527074636e+01 1.527890923256719873e+02
2.523771847811972577e+02 5.047688611868588282e+01 1.525921308920919444e+02
2.523618880664848803e+02 4.861873782625632856e+01 1.518116997792494374e+02
2.523786521231008919e+02 4.887804181275159010e+01 1.522827425009739102e+02
2.523368783274899272e+02 4.921268666406960079e+01 1.519157641864692891e+02
2.523061680301259457e+02 4.951169977924944732e+01 1.520684326710816663e+02
2.523336319958446836e+02 4.978768991040124803e+01 1.524139722114011306e+02
2.523396052460719261e+02 5.036554992858070534e+01 1.524749513050253142e+02
2.523111284248798825e+02 5.083307362680171337e+01 1.526925074665627733e+02
2.523031554343591836e+02 5.119731203739774372e+01 1.528531619270224553e+02
2.522508635242176354e+02 5.136500454486430556e+01 1.526556421243994350e+02
2.522880405142189204e+02 5.138815738215816253e+01 1.528490066225165549e+02
2.522925334372159512e+02 5.167104272172445434e+01 1.529640696013504737e+02
2.522760031164783925e+02 5.170172704843526645e+01 1.527562524347487454e+02
2.523127645760290818e+02 5.219068952084145252e+01 1.531283599532528115e+02
2.523074016361511553e+02 5.169974029346838051e+01 1.529558628749512934e+02
2.522029216984807078e+02 4.943086612128295343e+01 1.512910271393325559e+02
2.521231917932736053e+02 4.764711076483573748e+01 1.502240228541747911e+02
2.520846513439813066e+02 4.741232307492533238e+01 1.499903259316971855e+02
2.520676535514868135e+02 4.718959875340864585e+01 1.500554343591741429e+02
2.521407998961173860e+02 4.756795221399818274e+01 1.504945981041423124e+02
2.521925464225425344e+02 4.811662121802363146e+01 1.511097000389559923e+02
2.522877548370341572e+02 4.855548630048046022e+01 1.517655239579275417e+02
2.523237761329697548e+02 5.077010777821062248e+01 1.533155044799376583e+02
2.524065705752499582e+02 5.091664718867679795e+01 1.531558888456044656e+02
2.524072977535385007e+02 5.105037008180755720e+01 1.532782236073237243e+02
2.523958446954941053e+02 5.124342293208674448e+01 1.534318270354499418e+02
2.523808076873133359e+02 5.169413063238540218e+01 1.533206986105700480e+02
2.523788988443059225e+02 4.969571484222828417e+01 1.528061680301259457e+02
2.523831969874042329e+02 4.950493442410076739e+01 1.525670692117906810e+02
2.523726529022204943e+02 4.980480457083495338e+01 1.528017140631086761e+02
2.523830151928320902e+02 4.996200493442410107e+01 1.530836514738345784e+02
2.523427217244513656e+02 5.016032982729515766e+01 1.525497987274380023e+02
2.523764056616023765e+02 5.059942864563043941e+01 1.530455135696662694e+02
2.523741072587975509e+02 5.128197636670562076e+01 1.535664589014413650e+02
2.524102584079989526e+02 5.191112842487988388e+01 1.537528372938579366e+02
2.524329048175561638e+02 5.245320088300221073e+01 1.544358654720166157e+02
2.524407609401376362e+02 5.261868588495000409e+01 1.542543435917413319e+02
2.524230489546812066e+02 5.279627321127126294e+01 1.539139592260745246e+02
2.524292819114400857e+02 5.328974159200103600e+01 1.546519932476301733e+02
2.523419166342033577e+02 5.175688871575120231e+01 1.533175172055577207e+02
2.523036229061160896e+02 5.176001817945721228e+01 1.530809894818854673e+02
2.522784183872224446e+02 5.065469419555901709e+01 1.522427996364108651e+02
2.521707570445396698e+02 4.838630048045708065e+01 1.509011297234125379e+02
2.521773795610959610e+02 4.726082326970523440e+01 1.504701467341903651e+02
2.521816127775613552e+02 4.667840540189585852e+01 1.502371899753278797e+02
2.521882872354239851e+02 4.710332424360472459e+01 1.508192312686664138e+02
2.521916764056616103e+02 4.742532138683287712e+01 1.516248798857291149e+02
2.521830671341384118e+02 4.977773016491364899e+01 1.523964939618231540e+02
2.521976496558888527e+02 5.026788728736527645e+01 1.527629788339176855e+02
2.522433190494740813e+02 4.988994935722633528e+01 1.536560057135436921e+02
2.523020776522529616e+02 4.988144396831579996e+01 1.536073367095182505e+02
2.522945591481625627e+02 5.003311258278145601e+01 1.535935073367095072e+02
2.522995714842228381e+02 5.007786001817945731e+01 1.537939488378132751e+02
2.523756265420075238e+02 5.020029866251136497e+01 1.535260875211011466e+02
2.523842228282041162e+02 5.021893260615504317e+01 1.538025970653162062e+02
2.523967276977016070e+02 5.037354888975458067e+01 1.540498376834177350e+02
2.524117517205557704e+02 5.039657187378262648e+01 1.543300480457083381e+02
2.523746656278405283e+02 5.047354888975457499e+01 1.541844176081028479e+02
2.523046357615893953e+02 5.079793533307362452e+01 1.541313725490196020e+02
2.523287624983768467e+02 5.097065316192702511e+01 1.542459161147902762e+02
2.523170757044539698e+02 5.097601610180495868e+01 1.543924685105830292e+02
2.523302298402804809e+02 4.938436566679651918e+01 1.535323594338397584e+02
2.523245942085443403e+02 4.957470458382028511e+01 1.537792754187767912e+02
2.522948578106739319e+02 4.966322555512271464e+01 1.537246201791975011e+02
2.523289313076223834e+02 5.030693416439423515e+01 1.541790027269185828e+02
2.522957927541877723e+02 5.070333722893131068e+01 1.544950006492663306e+02
2.523493702116608119e+02 5.102577587326321407e+01 1.550112842487988587e+02
2.523126866640695880e+02 5.097688611868588282e+01 1.544249188417088590e+02
2.522869887027658820e+02 4.942080249318270546e+01 1.538006232956758765e+02
2.522282430853136077e+02 4.804383846253733026e+01 1.528097130242825585e+02
2.521928450850538752e+02 4.754991559537722168e+01 1.522426048565121448e+02
2.522129463706012302e+02 4.770044150110375369e+01 1.527862095831710292e+02
2.522223867030255917e+02 4.780798597584729492e+01 1.523904947409427280e+02
2.522684846123879936e+02 4.798740423321646631e+01 1.531207765225295532e+02
2.522939358524866975e+02 4.881840020776522238e+01 1.536379171536163994e+02
2.523014933125568007e+02 4.937570445396701757e+01 1.538384755226593938e+02
2.523100116867939278e+02 4.909592260745358061e+01 1.538348006752369770e+02
2.523548240488248382e+02 4.931682898324893216e+01 1.541140111673808519e+02
2.523337878197636712e+02 4.929442929489676573e+01 1.541740033761849133e+02
2.523154914946110807e+02 4.946296584859108947e+01 1.542222049084534490e+02
2.523286066744578591e+02 4.985766783534605651e+01 1.541807167900272759e+02
2.523655758992338747e+02 5.019289702636021389e+01 1.545308791066095182e+02
2.523287365277236631e+02 5.041560836255031575e+01 1.543624204648747025e+02
2.523273341124529168e+02 5.078104142319179459e+01 1.543913517724970745e+02
2.523146864043630728e+02 5.114195559018309467e+01 1.550124009868848134e+02
2.523696403064537037e+02 5.143260615504480171e+01 1.550552265939488450e+02
2.523603428126217239e+02 5.165259057265290465e+01 1.547539670172704973e+02
2.523709258537852236e+02 5.171572523048954650e+01 1.547032982729515709e+02
2.523204518893650175e+02 5.191177769120893259e+01 1.547548110634982379e+02
2.523318400207765251e+02 5.172204908453447558e+01 1.547516815997922208e+02
2.523555512271133523e+02 4.987970393455395168e+01 1.537645760290871237e+02
2.523435527853525571e+02 5.014250097389949445e+01 1.537458382028308108e+02
2.522426957537982162e+02 5.052264640955719699e+01 1.537265160368783370e+02
2.522036488767692504e+02 4.955461628359953608e+01 1.526885599272821707e+02
2.521702895727827638e+02 4.779771458252174909e+01 1.520673678743020503e+02
2.521228801454356585e+02 4.681740033761849418e+01 1.513949097519802649e+02
2.521336060251915399e+02 4.666023893000908629e+01 1.509957797688611834e+02
2.521670302558109427e+02 4.698511881573821825e+01 1.517003895597974292e+02
2.522033761849110647e+02 4.893345020127256362e+01 1.527188936501752892e+02
2.521899233865731844e+02 4.922359433839761067e+01 1.529456693935852627e+02
2.521898454746136906e+02 4.931564731853006123e+01 1.530155044799376753e+02
2.522119075444747409e+02 4.955590183093104883e+01 1.533148552136086096e+02
2.522349564991559419e+02 5.000942734709777682e+01 1.534968835216205605e+02
2.522420594727957450e+02 5.008461238800155968e+01 1.537350733670951684e+02
2.522618361251785473e+02 5.028258667705492968e+01 1.536326191403713892e+02
2.522784443578755997e+02 5.086638098948188258e+01 1.542635501882872404e+02
2.522700428515777276e+02 5.105213608622256771e+01 1.543270224646149984e+02
2.522757953512530946e+02 5.091933515127905707e+01 1.543118685884950025e+02
2.524267497727567786e+02 5.086823789118296446e+01 1.548265549928580640e+02
2.524430982989222230e+02 5.087444487728866704e+01 1.551892741202441357e+02
2.524568627450980500e+02 5.101458252175041963e+01 1.549041812751590612e+02
2.525585768082067375e+02 5.193260615504480171e+01 1.559702636021295916e+02
2.526670821971172529e+02 5.256978314504609529e+01 1.565636800415530558e+02
2.527231917932735996e+02 5.330986884820153193e+01 1.564972860667445786e+02
2.526732632125697933e+02 5.385239579275418720e+01 1.567518374237112084e+02
2.526306713413842431e+02 5.185542137384755534e+01 1.557347876899104051e+02
2.526249448123620311e+02 5.173342423061939854e+01 1.552388520971302341e+02
2.525483963121672559e+02 4.996744578626152133e+01 1.537827425009739102e+02
2.523748733930658261e+02 4.740592130892091660e+01 1.517446954940916726e+02
2.522523438514478755e+02 4.450475262952863176e+01 1.501178807947019891e+02
2.522422412673678878e+02 4.422973639787040412e+01 1.499322555512271151e+02
2.522133878717049811e+02 4.411664718867679369e+01 1.496315413582651672e+02
2.522684067004285282e+02 4.569085833008700348e+01 1.508462667186079784e+02
2.523286456304375918e+02 4.573034670821971304e+01 1.514897805479807857e+02
2.523795351253083936e+02 4.639207895078560995e+01 1.518751720555771954e+02
2.524252694455265669e+02 4.677127645760290875e+01 1.526011816647188652e+02
2.524391118036618593e+02 4.859297493831969916e+01 1.534722763277496540e+02
2.524197376964030752e+02 4.872655499285806968e+01 1.535222178937800379e+02
2.524193870925853673e+02 4.906886118685884668e+01 1.535480976496558867e+02
2.524014413712504847e+02 4.938367744448773067e+01 1.535841449162446395e+02
2.523625762887936617e+02 4.964792884041033716e+01 1.539508505388910464e+02
2.524388391118036736e+02 4.978791066095312345e+01 1.543530970003895675e+02
2.525091027139332596e+02 4.998272951564732125e+01 1.547843137254901933e+02
2.525148422282820491e+02 5.022436047266588588e+01 1.547743929359823483e+02
2.525408518374237019e+02 5.087991169977924955e+01 1.553940007791196081e+02
2.525879366316062828e+02 5.245987534086481929e+01 1.565212699649396200e+02
2.525914426697831345e+02 5.313991689390988427e+01 1.566273600831060833e+02
2.525681989352032133e+02 5.131624464355278548e+01 1.558866121282950132e+02
2.525681340085703255e+02 5.131746526425139621e+01 1.557128035320088202e+02
2.525693676145955067e+02 5.162628230099986837e+01 1.559078820932346332e+02
2.525741981560836393e+02 5.206582262043890097e+01 1.557021425788858551e+02
2.525363978704064323e+02 5.270698610570055820e+01 1.556562913907284837e+02
2.524574470847941825e+02 4.998736527723671941e+01 1.541998052201012968e+02
2.524121542656797885e+02 4.687758732632125458e+01 1.526796000519412928e+02
2.523008050902480193e+02 4.484799376704324203e+01 1.510797169198805250e+02
2.522406960135047314e+02 4.448849500064926588e+01 1.508611738735229153e+02
2.522165692767173084e+02 4.437918452149071413e+01 1.504495390209063714e+02
2.522323724191663530e+02 4.431321906245941733e+01 1.507346838072977562e+02
2.522865472016621311e+02 4.570414231917932568e+01 1.521921698480716714e+02
2.523145955070770015e+02 4.574753928061290509e+01 1.524903908583300733e+02
2.523460199974029479e+02 4.633885209713024267e+01 1.531436177119854563e+02
2.522906505648616928e+02 4.662012725620049025e+01 1.527512141280353148e+02
2.522584079989611610e+02 4.625590183093104457e+01 1.527543306064147544e+02
2.522904038436566623e+02 4.833281392027009815e+01 1.537227243215166936e+02
2.522912349045578537e+02 4.858305414881183992e+01 1.540500454486430328e+02
2.523099727308141667e+02 4.728049603947539481e+01 1.537328139202701038e+02
2.523089468900142833e+02 4.904766913387872052e+01 1.545370601220620586e+02
2.522934294247500304e+02 4.932487988572912485e+01 1.544108557330216911e+02
2.523403454096870462e+02 4.960768731333592996e+01 1.545950266199194800e+02
2.523220231138813006e+02 5.019726009609141926e+01 1.550030775223996784e+02
2.523112972341254476e+02 5.047286066744578648e+01 1.549419815608362683e+02
2.523647578236592608e+02 5.092921698480716941e+01 1.554482924295546127e+02
2.523951824438384506e+02 5.153804700688222340e+01 1.553511492014024213e+02
2.523997402934683691e+02 5.194879885729125846e+01 1.557889235164264505e+02
2.523741851707570447e+02 5.039768861186858828e+01 1.552130632385404567e+02
2.523675236982210208e+02 5.063982599662381290e+01 1.549083885209713003e+02
2.523584339696143388e+02 5.034660433709908034e+01 1.547801973769640256e+02
2.522289183222958115e+02 4.864885079859758577e+01 1.534366835475912296e+02
2.521699389689650559e+02 4.686329048175561951e+01 1.517446825087650950e+02
2.521139202700947806e+02 4.621014154005973040e+01 1.512508894948707905e+02
2.520904168289832512e+02 4.600447993767043187e+01 1.511662511362160899e+02
2.521325801843916281e+02 4.614056616023893298e+01 1.516115049993507284e+02
2.521804570834956394e+02 4.673782625633034371e+01 1.524706791325801873e+02
2.523155564212439970e+02 4.943194390338916833e+01 1.538331385534346225e+02
2.522894818854694279e+02 4.969252045188936506e+01 1.542590572652902097e+02
2.523337878197636712e+02 5.005897935333073434e+01 1.540520711595896728e+02
2.523329048175561695e+02 5.043803402155564442e+01 1.548004544864303398e+02
2.523567718478119843e+02 5.044147513309959407e+01 1.547930528502791958e+02
2.523234904557849632e+02 5.027005583690429802e+01 1.543054798078171643e+02
2.523212829502662089e+02 5.034948707960005265e+01 1.543485651214128040e+02
2.523618750811583027e+02 5.051956888715751148e+01 1.544858979353330710e+02
2.523329437735359022e+02 5.058514478639137479e+01 1.544624464355278519e+02
2.523233735878457367e+02 5.093674847422412455e+01 1.545342293208674107e+02
2.523427476951045207e+02 5.135387611998442026e+01 1.549298143098298794e+02
2.523282300999870245e+02 5.201579015712245280e+01 1.548896896506947201e+02
2.523941955590182999e+02 5.192269835086352714e+01 1.552348656018698989e+02
2.523994026749772672e+02 5.230520711595896444e+01 1.553589663680041610e+02
2.524136475782366063e+02 5.091406310868718066e+01 1.548056616023893071e+02
2.524193611219322122e+02 5.114215037008180786e+01 1.548125827814569675e+02
2.523982469809115798e+02 5.172823009998701593e+01 1.549493572263342287e+02
2.524411894559148095e+02 5.199493572263342145e+01 1.549597974289053468e+02
2.524601350473964487e+02 5.151405012336060452e+01 1.543467861316712231e+02
2.523392156862745139e+02 4.952371120633684143e+01 1.531149201402415372e+02
2.522520841449162390e+02 4.760429814309829766e+01 1.517085573302168484e+02
2.521564601999740205e+02 4.518456044669523664e+01 1.501443319049474212e+02
2.521390728476821153e+02 4.517944422802233362e+01 1.499485651214127984e+02
2.521699909102713946e+02 4.701490715491494399e+01 1.510900662251655717e+02
2.522104012465913456e+02 4.770729775353850499e+01 1.516462147773016511e+02
2.522864043630697211e+02 4.833681340085703226e+01 1.524567199065056400e+02
2.523021685495390329e+02 4.853346318659914260e+01 1.527601740033761928e+02
2.523416049863654109e+02 5.045807038047006898e+01 1.540215296714712281e+02
2.523600831060901157e+02 5.030603817686014878e+01 1.535466173224256465e+02
2.523361121932216520e+02 5.032371120633683859e+01 1.534663160628489891e+02
2.523082197117257408e+02 4.879350733670951712e+01 1.530804051421893348e+02
2.523251395922607401e+02 5.066295286326450764e+01 1.532309050772626904e+02
2.523607323724191644e+02 5.085748604077392798e+01 1.536638748214517705e+02
2.523814699389689622e+02 5.125221399818205725e+01 1.537467861316712003e+02
2.523755226593948748e+02 4.970940137644461743e+01 1.534863913777431605e+02
2.523819503960524742e+02 5.149039085833008755e+01 1.543381249188417144e+02
2.524213738475522746e+02 4.983556680950525930e+01 1.533708219711725746e+02
2.523976236852356863e+02 4.968719646799117129e+01 1.527979742890533714e+02
2.523589014413712448e+02 4.981551746526425006e+01 1.527669393585248656e+02
2.523595117517205608e+02 5.016854953902090841e+01 1.530129333852746356e+02
2.524027009479288495e+02 5.057824957797688370e+01 1.531220490845344671e+02
2.523938059992208878e+02 5.116131671211530829e+01 1.531125048694974566e+02
2.523952603557979444e+02 5.167379561095961549e+01 1.533610440202571112e+02
2.523973380080508946e+02 5.192073756654979633e+01 1.532840540189585852e+02
2.524028048305414984e+02 5.172024412413972527e+01 1.527090897286066706e+02
2.523159849370211703e+02 4.780677834047526176e+01 1.502351253084015070e+02
2.521891312816517257e+02 4.593838462537333100e+01 1.493615764186469335e+02
2.521619789637709346e+02 4.532525646019997367e+01 1.485543695623944984e+02
2.521313076223867142e+02 4.536055057784703592e+01 1.486854564342293088e+02
2.521278145695364117e+02 4.562184131930918340e+01 1.484466303077522298e+02
2.522011297234125493e+02 4.756338137904167951e+01 1.497262952863264616e+02
2.522421114141020553e+02 4.807365277236722534e+01 1.501630307752240014e+02
