2.549068145090321309e+02 5.577774044384710095e+01 1.729466711467383391e+02
2.548956143298292716e+02 5.617835485367766069e+01 1.731308820941135025e+02
2.548973263572217149e+02 6.570641130258084672e+01 1.762870925934815034e+02
2.548905742491879778e+02 7.648848781580505829e+01 1.794334309348949716e+02
2.548678218851501640e+02 7.134360549768796034e+01 1.762956687306997026e+02
2.548509736155778569e+02 7.119045104721675443e+01 1.759612313797020704e+02
2.548838861421782838e+02 7.523697979167666006e+01 1.779808636938190887e+02
2.549214387430198769e+02 8.456104897678362420e+01 1.835091761468183620e+02
2.549291668666698740e+02 8.554594473511576780e+01 1.841694427110833772e+02
2.549289588633418191e+02 8.664554632874126128e+01 1.846862349797596892e+02
2.549365589849437583e+02 8.799868797900766992e+01 1.855848413574617268e+02
2.549456791308660968e+02 9.241683866941870917e+01 1.875877534040544674e+02
2.549415350645610374e+02 9.304398470375525676e+01 1.878866381862109733e+02
2.549429910878573935e+02 8.998691179058864975e+01 1.862635562168994738e+02
2.549423830781292395e+02 9.049632794124705981e+01 1.864947279156466493e+02
2.549419350709611365e+02 9.095035120561928466e+01 1.862209795356725692e+02
2.549367189875038093e+02 9.129376470023520085e+01 1.862284996559944830e+02
2.549433430934894886e+02 9.164738635818173407e+01 1.867441559064945125e+02
2.549416310660970453e+02 9.231410102561640940e+01 1.867696763148210266e+02
2.549358709739355788e+02 9.321675546808748436e+01 1.869516632266116289e+02
2.549382230115681978e+02 9.381684506952110780e+01 1.867074993199891253e+02
2.549388630218083449e+02 9.435958975343605459e+01 1.871035216563465156e+02
2.549428470855533817e+02 9.165650650410407252e+01 1.860945775132402105e+02
2.549373109969759525e+02 9.233691739067825210e+01 1.862598921582745390e+02
2.549420950735211875e+02 9.298833581337301268e+01 1.865944415110641899e+02
2.549419510712171473e+02 9.344851917630681726e+01 1.865850493607897818e+02
2.549369909918558790e+02 9.399569593113490384e+01 1.868940143042288753e+02
2.549369429910878466e+02 9.305368085889374186e+01 1.857818205091281527e+02
2.549228467655482575e+02 9.005750492007872765e+01 1.837675002800044695e+02
2.549182386918190559e+02 8.855405686490983896e+01 1.828845741531864633e+02
2.549240947855165587e+02 8.404472071553145440e+01 1.809329109265748343e+02
2.549260628170050609e+02 8.392849485591769110e+01 1.809642554280868580e+02
2.549224947599161624e+02 8.778038048608777899e+01 1.824394310308964862e+02
2.549254068065089029e+02 8.863250612009791496e+01 1.828985423766780229e+02
2.549230387686203017e+02 8.942967087473400056e+01 1.835211123377974047e+02
2.549351829629273993e+02 9.015973055568889549e+01 1.839574553192851170e+02
2.549404310468967481e+02 9.051272820365126393e+01 1.842800364805837035e+02
2.549358709739355788e+02 9.100950415206642674e+01 1.844600873613977683e+02
2.549423190771052248e+02 9.120472327557240533e+01 1.845444247107953686e+02
2.549416150658410629e+02 9.124645194323109365e+01 1.846522184354949729e+02
2.549409590553448766e+02 9.141069457111314023e+01 1.840341765468247388e+02
2.549375670010720114e+02 9.175711611385781907e+01 1.844789516632266100e+02
2.549389110225763488e+02 9.208364933838942079e+01 1.848482055712891281e+02
2.549367669882718133e+02 9.270372325957215764e+01 1.850356005696091017e+02
2.549436470983535798e+02 9.346317541080657065e+01 1.856360421766748345e+02
2.549390710251363998e+02 9.412760204163267019e+01 1.856482503720059469e+02
2.549417910686570963e+02 9.454586473383574230e+01 1.855949535192563076e+02
2.549456471303540752e+02 9.526576425222803834e+01 1.860028960463367298e+02
2.549444471111537780e+02 9.571585145362325875e+01 1.862707243315892924e+02
2.549423670778732571e+02 9.599843197491159685e+01 1.864548232771724372e+02
2.549423990783852503e+02 9.283522936366982492e+01 1.849444311108977672e+02
2.549452471239539761e+02 9.212717003472054955e+01 1.849147506360101829e+02
2.549311508984143870e+02 8.876886030176483189e+01 1.826478983663738518e+02
2.549248947983167852e+02 8.652604041664666568e+01 1.810863213811420849e+02
2.549294868717899476e+02 8.588811020976335442e+01 1.804458951343221429e+02
2.549245747931966832e+02 8.568169090705451652e+01 1.805782172514760191e+02
2.549151506424102820e+02 8.600724811596985830e+01 1.810016640266244394e+02
2.549281428502856102e+02 8.640042240675850849e+01 1.813832701323221102e+02
2.549311988991823910e+02 9.033826141218258954e+01 1.828390534248547965e+02
2.549255348085569324e+02 9.090841453463255561e+01 1.834197827165234571e+02
2.549340309444951060e+02 9.146210339365430286e+01 1.839764796236739812e+02
2.549319669114705960e+02 9.147669562713002733e+01 1.835907614521832443e+02
2.549367509880158025e+02 9.188348613577817048e+01 1.839049264788236542e+02
2.549331989311828863e+02 9.224768396294341244e+01 1.843113489815837056e+02
2.549331669306708932e+02 9.286958191331061130e+01 1.852802444839117300e+02
2.549353589657434611e+02 9.379583673338773053e+01 1.853635738171810772e+02
2.549356949711195455e+02 9.450295204723275333e+01 1.854316389062225028e+02
2.549351189619033846e+02 9.501755228083649740e+01 1.854505032080513161e+02
2.549491511864189874e+02 9.568540296644746945e+01 1.856611305780892565e+02
2.549386230179682968e+02 9.630138082209315087e+01 1.856962191395062405e+02
2.549351829629273993e+02 9.706598505576089053e+01 1.859136786188579151e+02
2.549343029488471757e+02 9.365570649130386016e+01 1.848993423894782211e+02
2.549346869549912924e+02 9.403004848077569022e+01 1.850763212211395512e+02
2.549394710315364989e+02 9.437282196515144506e+01 1.848258692139074242e+02
2.549354869677914905e+02 9.446698347173554566e+01 1.845478167650682337e+02
2.549404950479207628e+02 9.399622393958303235e+01 1.841237779804476986e+02
2.549416310660970453e+02 9.078145250324004678e+01 1.823608857741723739e+02
2.549207507320117259e+02 8.744789516632266668e+01 1.801859709755356107e+02
2.549059984959759220e+02 8.656455303284852221e+01 1.797705083281332463e+02
2.549057104913678700e+02 8.622349157586521073e+01 1.791417142674282843e+02
2.549150066401062418e+02 8.645605529688475599e+01 1.795585049360789753e+02
2.549287348597577534e+02 8.754354469671514494e+01 1.808448935182962884e+02
2.549343669498711904e+02 9.213393814301028328e+01 1.826877870045920815e+02
2.549363509816157034e+02 9.270521128338053529e+01 1.831951391222259531e+02
2.549358069729115641e+02 9.339242227875645597e+01 1.837986527784444490e+02
2.549396790348645538e+02 9.387166194659114637e+01 1.836624425990815723e+02
2.549377270036320624e+02 9.445623129970078935e+01 1.840642410278564398e+02
2.549402550440807147e+02 9.493137490199843853e+01 1.842041312661002621e+02
2.549427350837613346e+02 9.544395910334564803e+01 1.846036576585225362e+02
2.549446551144818329e+02 9.253775260404167113e+01 1.835335605369685936e+02
2.549411030576489168e+02 9.257351317621082387e+01 1.833889662234595619e+02
2.549478231651706324e+02 9.307073713179410390e+01 1.836892590281444484e+02
2.549468951503224048e+02 9.367989887838204766e+01 1.837051152818445132e+02
2.549461911390582145e+02 9.420977935646970991e+01 1.838864461831389292e+02
2.549440631050096897e+02 9.475494007904126192e+01 1.840028320453127151e+02
2.549455351285620566e+02 9.503937663002608360e+01 1.837844285508568021e+02
2.549419190707051257e+02 9.530450087201394638e+01 1.833120209923358743e+02
2.549439991039856750e+02 9.594995119921918558e+01 1.838469415510648162e+02
2.549307348917582772e+02 9.298718379494071939e+01 1.826794028704459265e+02
2.549291508664138632e+02 9.251373621977951700e+01 1.822910126562024971e+02
2.549339189427030874e+02 9.013104209667355349e+01 1.811057616921870874e+02
2.549266868269892257e+02 8.809513752220036054e+01 1.797774524392390276e+02
2.549302868845901457e+02 8.756735307764924414e+01 1.794422950767212228e+02
2.549210547368757886e+02 8.747762364197826912e+01 1.791964991439863013e+02
2.549271028336453355e+02 8.732606921710747372e+01 1.793281172498759872e+02
2.549295348725579515e+02 8.799759996159939135e+01 1.798035008560136987e+02
2.549310228963663292e+02 9.173317973087569044e+01 1.812978127650042381e+02
2.549291508664138632e+02 9.237304596873549656e+01 1.816857549720795646e+02
2.549311668986703694e+02 9.286004576073217720e+01 1.819751356021696438e+02
2.549353749659994435e+02 9.341168658698539673e+01 1.821301300820813083e+02
2.549381590105441546e+02 9.408598537576601473e+01 1.825066641066256921e+02
2.549355989695835092e+02 9.449331989311828295e+01 1.827767644282308481e+02
2.549351989631834101e+02 9.469329109265748912e+01 1.823394134306148828e+02
2.549358549736795680e+02 9.503238451815228416e+01 1.824355269684315033e+02
2.549402230435686931e+02 9.529507672122754514e+01 1.829261908190531187e+02
2.549382070113121870e+02 9.249103185650970715e+01 1.817980607689723058e+02
2.549400310404966490e+02 9.287979007664122832e+01 1.823353333653338382e+02
2.549416150658410629e+02 9.339415030640489590e+01 1.822510760172162634e+02
2.549452631242099869e+02 9.412752204035264469e+01 1.823599737595801571e+02
2.549457111313780899e+02 9.451764028224451408e+01 1.824529192467079497e+02
2.549399990399846274e+02 9.486092577481240085e+01 1.823786140578249331e+02
2.549440791052656721e+02 9.487247795964735531e+01 1.824455591289460585e+02
2.549382390118241801e+02 9.315392246275941091e+01 1.812531080497288087e+02
2.549290548648778270e+02 8.994305508888142242e+01 1.800189603033648496e+02
2.549188787020592315e+02 8.814611433782940253e+01 1.789632474119586050e+02
2.549131826109217798e+02 8.758287332597321040e+01 1.781025616409862664e+02
2.549159666554664909e+02 8.760914574633194718e+01 1.776514664234627787e+02
2.549192787084593306e+02 8.760778572457159896e+01 1.787966207459319321e+02
2.549279668474695484e+02 8.832248515976255021e+01 1.791976991631865985e+02
2.549323989183826882e+02 8.871004336069377416e+01 1.794083265332245389e+02
2.549288788620617936e+02 9.225000400006399559e+01 1.812495719931519034e+02
2.549294228707659329e+02 9.249320789132626430e+01 1.819457911326581154e+02
2.549345109521752306e+02 9.269471511544185205e+01 1.818363493815901109e+02
2.549341749467991463e+02 9.275916414662634679e+01 1.819557592921486844e+02
2.549305268884302222e+02 9.282393318293092932e+01 1.816582825325205306e+02
2.549290388646218446e+02 9.304043264692235482e+01 1.816886990191842983e+02
2.549354229667674758e+02 9.361557784924558234e+01 1.822178274852397521e+02
2.549379510072161281e+02 9.420702731243699191e+01 1.822627882046112688e+02
2.549422070753132061e+02 9.453964063425014785e+01 1.824355429686874857e+02
2.549347349557592963e+02 9.491748667978687592e+01 1.827072753164050596e+02
2.549337909406550580e+02 9.493759900158401877e+01 1.827845085521368276e+02
2.549359989759836083e+02 9.531061296980752218e+01 1.830189443031088388e+02
2.549396150338405391e+02 9.573575577209234666e+01 1.833980223683578856e+02
2.549420150722411620e+02 9.626902830445287407e+01 1.832775084401350512e+02
2.549486391782268413e+02 9.192308676938830558e+01 1.816210819373110041e+02
2.549434070945135034e+02 8.740629450071200779e+01 1.786956911310580836e+02
2.549277428438855111e+02 8.431170098721580075e+01 1.772201955231283819e+02
2.549156146498343958e+02 8.303876862029792960e+01 1.761573305172882726e+02
2.549104625674010833e+02 8.245943135090161036e+01 1.753541336661386651e+02
2.549210227363637955e+02 8.583774140386246643e+01 1.770893454295268725e+02
2.549238067809085067e+02 8.658095329525272632e+01 1.779878398054368915e+02
2.549264148226371560e+02 8.746288740619850444e+01 1.785002320037120569e+02
2.549245747931966832e+02 9.157077713243411665e+01 1.805000400006400127e+02
2.549352629642074248e+02 9.186702187234995165e+01 1.810262724203587368e+02
2.549347829565273003e+02 9.203758460135361474e+01 1.811278100449607109e+02
2.549305748891982262e+02 9.202150434406949842e+01 1.810438727019632381e+02
2.549323669178706950e+02 9.251287220595528993e+01 1.811704027264436263e+02
2.549276148418374817e+02 9.290321445143122503e+01 1.815572569161106458e+02
2.549283828541256582e+02 9.348373573977183071e+01 1.820378406054496736e+02
2.549323509176146842e+02 9.384356549704794759e+01 1.819551992831885343e+02
2.549328789260628128e+02 9.414478631658106167e+01 1.823738139810236873e+02
2.549329909278548598e+02 9.423125170002720097e+01 1.820549928798860719e+02
2.549292628682058819e+02 9.448635978175650507e+01 1.820988975823613316e+02
2.549304948879182007e+02 9.550026400422406425e+01 1.827608921742748009e+02
2.549389270228323596e+02 9.588302212835405669e+01 1.827763324213187275e+02
2.549322869165906695e+02 9.624221187539001221e+01 1.829334389350229628e+02
2.549416150658410629e+02 9.502529640474247685e+01 1.822622441959071296e+02
2.549157426518824252e+02 8.702851245619929443e+01 1.779625754012064078e+02
2.549143346293540731e+02 8.365682650922414609e+01 1.759573433174930699e+02
2.549066865069841015e+02 8.190601449623193275e+01 1.752432998927982908e+02
2.549022704363269725e+02 8.146463143410294094e+01 1.747532920526728333e+02
2.548984303748860043e+02 8.489345429526872522e+01 1.760615209843357434e+02
2.549060944975119583e+02 8.530005280084481001e+01 1.764939759036144551e+02
2.549180946895150441e+02 8.597231955711291107e+01 1.776870349925598873e+02
2.549071185138962221e+02 9.002220835533368870e+01 1.790608329733275639e+02
2.549110705771292373e+02 9.100832013312212609e+01 1.803281332501319980e+02
2.549159186546984870e+02 9.189955039280629023e+01 1.807914046624746049e+02
2.549148626378022016e+02 9.251458423334773329e+01 1.815284404550472743e+02
2.549104785676570941e+02 9.293023888382214182e+01 1.820746571945151118e+02
2.549165586649386341e+02 9.339299828797260261e+01 1.815198003168050604e+02
2.549300308804940869e+02 9.364133826141218719e+01 1.821458263332213221e+02
2.549313269012304204e+02 9.379742075873214446e+01 1.823673178770860375e+02
2.549301748827981271e+02 9.426704427270836106e+01 1.823861821789148507e+02
2.549302228835661310e+02 9.490905454487271697e+01 1.824657354517672161e+02
2.549356149698395200e+02 9.558037728603657968e+01 1.830248323973183631e+02
2.549355189683034837e+02 9.640613449815197100e+01 1.835181042896686279e+02
2.549330869293908677e+02 9.695603129650073981e+01 1.837045552728843631e+02
2.549333429334869265e+02 9.787473399574393795e+01 1.840759532152514453e+02
2.549340149442390953e+02 9.807571321141138299e+01 1.839753276052416879e+02
2.549306868909902448e+02 9.443021488343813985e+01 1.823271092337477342e+02
2.549321909150546333e+02 9.010931374901998936e+01 1.797002512040192528e+02
2.549067505080081162e+02 8.605774492391877573e+01 1.766733867741884012e+02
2.549057584921358739e+02 8.486505384086144943e+01 1.761004976079617279e+02
2.548955183282932637e+02 8.427374837997408008e+01 1.753981503704059151e+02
2.549108945743131756e+02 8.449816797068753260e+01 1.756312260996176065e+02
2.549202387238195797e+02 8.540059840957455606e+01 1.763468695499128103e+02
2.549176146818349196e+02 9.017777884446151404e+01 1.789858397734363678e+02
2.549163506616105792e+02 9.078026848429574613e+01 1.796350821613145854e+02
2.549144786316581133e+02 9.130666090657450695e+01 1.799952639242227974e+02
2.549291028656458593e+02 9.177772444359109727e+01 1.806271140338245402e+02
2.549359829757275975e+02 9.181017296276741035e+01 1.811112977807644882e+02
2.549357909726555533e+02 9.250210403366453704e+01 1.815096241539864650e+02
2.549317269076305195e+02 9.333040528648457723e+01 1.815722171554744762e+02
2.549323029168466803e+02 9.438976623625977425e+01 1.823054768876301921e+02
2.549349909598553552e+02 9.514017824285188851e+01 1.830126402022432330e+02
2.549409110545768726e+02 9.604918478695658735e+01 1.832899086385382077e+02
2.549383670138722096e+02 9.623251572025152711e+01 1.830658090529448430e+02
2.549378390054240811e+02 9.617589081425302311e+01 1.826902670442727015e+02
2.549463031408502616e+02 9.287511800188802624e+01 1.812829645274324264e+02
2.549388470215523341e+02 9.305177682842925435e+01 1.815276244419910654e+02
2.549359829757275975e+02 9.374266788268612061e+01 1.819638874221987521e+02
2.549382390118241801e+02 9.448264772236355213e+01 1.819471831549304852e+02
2.549394230307684950e+02 9.486404582473319635e+01 1.822633482135714189e+02
2.549364949839197436e+02 9.489977439639034174e+01 1.822598441575065067e+02
2.549266228259652110e+02 9.245647130354085164e+01 1.810682090913454658e+02
2.549244627914046646e+02 9.013297812765004835e+01 1.792203235251764113e+02
2.549038384614153756e+02 8.527062833005328457e+01 1.768848301572825221e+02
2.549087505400086400e+02 8.532029312468999649e+01 1.772371237939807145e+02
2.549110865773852481e+02 8.976246019936318987e+01 1.791431702907246404e+02
2.549105105681690873e+02 9.071796348741580118e+01 1.799026864429830823e+02
2.549119665914654718e+02 9.146149538392614886e+01 1.803736699787196471e+02
2.549184626954031216e+02 9.225122001952031781e+01 1.809927038832621236e+02
2.549215987455799279e+02 9.310796972751563771e+01 1.815858333733339691e+02
2.549177746843949421e+02 9.385172562761003690e+01 1.820733611737787783e+02
2.549266388262212217e+02 9.442619881918110991e+01 1.826128258052128785e+02
2.549244467911486538e+02 9.496753548056769034e+01 1.819454871277940526e+02
2.549249747995967823e+02 9.553954463271412578e+01 1.823613177810844945e+02
2.549298388774220427e+02 9.602872045952734936e+01 1.825739611833789411e+02
2.549307028912462556e+02 9.646016736267780800e+01 1.827814365029840360e+02
2.549335029360469775e+02 9.687883006128097918e+01 1.830096641546264777e+02
2.549428150850413601e+02 9.757164114625834372e+01 1.836129858077729295e+02
2.549368309892958280e+02 9.452204035264564652e+01 1.827838045408726657e+02
2.549281908510536141e+02 9.496795148722380020e+01 1.829641434262948110e+02
2.549169426710827508e+02 9.548693579097265172e+01 1.827118673898782504e+02
2.549316789068625155e+02 9.574671594745515790e+01 1.831136978191651110e+02
2.549231987711803527e+02 9.588545416726667270e+01 1.828096769548312750e+02
2.549293748699979290e+02 9.585964575433206392e+01 1.828482055712891281e+02
2.549276468423494748e+02 9.516177858845740900e+01 1.820452967247476010e+02
2.549268148290372551e+02 9.025981215699451354e+01 1.801066577065232934e+02
2.549075665210643251e+02 8.699511992191875720e+01 1.781576825229203678e+02
2.548978063649018395e+02 8.240296644746315735e+01 1.760748171970751628e+02
2.548938223011568311e+02 8.226467623481975977e+01 1.766162498599977653e+02
2.549061264980239798e+02 8.613528216451463493e+01 1.775358805740891910e+02
2.549027184434951039e+02 8.718451495223924042e+01 1.787064753036048614e+02
2.549096465543448744e+02 9.124491591865469786e+01 1.807693243091889599e+02
2.549121265940254943e+02 9.225312404998480531e+01 1.815068881102097578e+02
2.549156306500904066e+02 9.300651210419366066e+01 1.818061728987663912e+02
2.549144306308900809e+02 9.367199475191603142e+01 1.820503208051328841e+02
2.549163666618665900e+02 9.408955343285492745e+01 1.824360229763676102e+02
2.549241427862845910e+02 9.470581929310868929e+01 1.829375030000479967e+02
2.549162226595625498e+02 9.528630858093730183e+01 1.828666538664618599e+02
2.549185586969391579e+02 9.631107697723163596e+01 1.827398518376294021e+02
2.549205427286836709e+02 9.713893022288357315e+01 1.835429366869869909e+02
2.549136146178338720e+02 9.745079121265939648e+01 1.839118545896734247e+02
2.549187827005231952e+02 9.785783772540361269e+01 1.835804572873165910e+02
2.549129426070817033e+02 9.466316261060177339e+01 1.825246323941182993e+02
2.549188467015472384e+02 9.491827069233107750e+01 1.819910238563817018e+02
2.549225107601721731e+02 9.551500024000384315e+01 1.825135122161954655e+02
2.549188467015472384e+02 9.620424326789228076e+01 1.823273652378437930e+02
2.549131026096417543e+02 9.668231491703866709e+01 1.825963615417846597e+02
2.549130546088737503e+02 9.709355349685594661e+01 1.825162642602281551e+02
2.549109745755932011e+02 9.679852477639641961e+01 1.823586457383318020e+02
2.549127346037536483e+02 9.576522824365190445e+01 1.812857485719771375e+02
2.549066065057041044e+02 9.175650810412966507e+01 1.794680074881198095e+02
2.549113745819933001e+02 9.183620537928607064e+01 1.795638970223523643e+02
2.549105905694491128e+02 9.156612105793692535e+01 1.794394790316645185e+02
2.549043504696075217e+02 9.208001728027647914e+01 1.794164066625066027e+02
2.549032624521992432e+02 9.258228131650106718e+01 1.793510136162178696e+02
2.549073105169682663e+02 9.284162946607145273e+01 1.794505992095873523e+02
2.549150546408742457e+02 9.335450167202675686e+01 1.798283812541000657e+02
2.549113265812252962e+02 9.380050880814093262e+01 1.801143538296612689e+02
2.549090705451287135e+02 9.410974575593209579e+01 1.804982479719675439e+02
2.549019824317189205e+02 9.439512632202115583e+01 1.802611721787548618e+02
2.549081905310484899e+02 9.455215283444535146e+01 1.801286900590409346e+02
2.549140786252580142e+02 9.494699115185842686e+01 1.801192499079985225e+02
2.549030384486151775e+02 9.554016864269827636e+01 1.802764844237507873e+02
2.549029744475911627e+02 9.578271652346437293e+01 1.802953487255796006e+02
2.549051824829197130e+02 9.590068641098257274e+01 1.806301060816973063e+02
2.548951503224051578e+02 9.606716907470519118e+01 1.804066305060881064e+02
2.549081425302804860e+02 9.632358917742683957e+01 1.805457207315317021e+02
2.549022064353029577e+02 9.628147650362406296e+01 1.802343877502040073e+02
2.549026864429830823e+02 9.678278052448838764e+01 1.799607673722779566e+02
2.549080945295124820e+02 9.704120065921054561e+01 1.804343109489751953e+02
2.549036944591113354e+02 9.496851149618393606e+01 1.788004768076289110e+02
2.548884782156514461e+02 9.093780700491207369e+01 1.769464151426422802e+02
2.548879022064353137e+02 8.908824141186258316e+01 1.758999983999744074e+02
2.548910062561000984e+02 8.829112465799452991e+01 1.749570873133970110e+02
2.548901582425318679e+02 8.817152274436391224e+01 1.754898958383334104e+02
2.548890062240995746e+02 8.861359381750108355e+01 1.759713115409846580e+02
2.548915822653162309e+02 9.217731483703738604e+01 1.774624873997983912e+02
2.548930222883566046e+02 9.288967823485175757e+01 1.781309620953935280e+02
2.548841581465303534e+02 9.352296836749387410e+01 1.788289892638282197e+02
