2.549957425276124923e+02 9.828949067369265435e+01 1.890685557746331540e+02
2.549980108530648693e+02 9.855990996492819534e+01 1.892265010207464400e+02
2.549708956395805330e+02 4.078698679136640237e+01 1.480609481600390893e+02
2.549702500392594686e+02 4.271312662490621648e+01 1.492708206103540363e+02
2.549670569349688662e+02 4.293137443073755577e+01 1.497137896738846052e+02
2.549669347943675746e+02 4.282247736036711672e+01 1.496093769084469045e+02
2.549636893441049779e+02 4.103219277276613752e+01 1.478738287588770106e+02
2.549578440439008205e+02 4.097740398876306500e+01 1.474025579731639652e+02
2.549500793913908296e+02 4.085514124688105397e+01 1.469344279457695848e+02
2.549589607579696633e+02 4.061763012336200518e+01 1.467952923522534832e+02
2.549540576852611196e+02 4.052375634694909934e+01 1.469190382300081978e+02
2.549575474167262712e+02 4.046240686779152185e+01 1.467699743504737171e+02
2.549584372982498905e+02 4.049791488544956763e+01 1.466430877144003659e+02
2.549553837832178829e+02 4.019423845335101220e+01 1.468610039957425215e+02
2.549573205841810477e+02 4.019144666817888378e+01 1.468574793669627070e+02
2.549535342255413468e+02 4.030606689815218857e+01 1.469510565162010778e+02
2.549549301181274075e+02 4.049163336881227337e+01 1.471969080979218631e+02
2.549584547469072220e+02 4.029975048420023853e+01 1.474494774127130938e+02
2.549571809949224530e+02 4.028612308282877308e+01 1.478462424316448960e+02
2.549588735146830345e+02 4.033602624278061910e+01 1.476900943972361233e+02
2.549588909633403659e+02 4.017230549109245885e+01 1.474279457695730287e+02
2.549575299680689682e+02 4.020221248974891637e+01 1.474951231002774250e+02
2.549561340754828791e+02 4.021510704751269571e+01 1.478402924394967783e+02
2.549555059238191745e+02 4.018446720524855920e+01 1.482573502468985112e+02
2.549557327563643980e+02 4.009792186491249311e+01 1.483457800422257549e+02
2.549613512240233035e+02 4.031084783025946194e+01 1.486295824536302064e+02
2.549633229223011313e+02 4.042635794175637898e+01 1.484792099247962938e+02
2.549599553314372429e+02 4.040655371569157950e+01 1.484855088900908981e+02
2.549621713109176255e+02 4.041416133028563706e+01 1.487522814119453471e+02
2.549630611924412449e+02 4.043544869222313309e+01 1.487838983790197460e+02
2.549551743993299624e+02 4.042361850255623068e+01 1.480909249533248442e+02
2.549549999127567048e+02 4.011526583029436210e+01 1.484261660065257900e+02
2.549557851023363639e+02 3.992285948596255452e+01 1.483066950498159144e+02
2.549576870059848943e+02 3.974551133290293592e+01 1.479390867372755736e+02
2.549569192650625666e+02 3.970518748582296809e+01 1.480929489975746378e+02
2.549583675036205932e+02 3.965715133220498956e+01 1.482072551517160832e+02
2.549587688227391027e+02 3.959220742963828599e+01 1.484060477046291169e+02
2.549603043045837580e+02 3.960288600792168978e+01 1.482967144178255410e+02
2.549628343598959930e+02 3.972377030587496449e+01 1.480895116120814521e+02
2.549652422746069647e+02 3.969491022665805957e+01 1.482042714313133729e+02
2.549635148575317203e+02 3.972849889201025775e+01 1.485355690879586916e+02
2.549567622271466121e+02 3.981216520388755953e+01 1.486198635514997193e+02
2.549607754183315649e+02 3.977145748634642786e+01 1.483005356737799048e+02
2.549596761529200251e+02 3.989119017291619684e+01 1.480544398108565645e+02
2.549555582697911404e+02 4.004859451065240705e+01 1.482606829404477367e+02
2.549557502050217295e+02 4.001572124025056354e+01 1.484973914257298020e+02
2.549535865715133127e+02 3.990361361693217646e+01 1.484177557536947631e+02
2.549577219032995288e+02 4.014590567255849862e+01 1.482717104918776556e+02
2.549562911133988337e+02 4.031527978922022015e+01 1.484105320095618765e+02
2.549533248416534263e+02 4.040088290206068677e+01 1.481796164785119743e+02
2.549551743993299624e+02 4.030906806721223035e+01 1.482766659105581937e+02
2.549569541623772011e+02 3.996089755893284234e+01 1.485739037881035074e+02
2.549628867058679873e+02 3.962340562893685103e+01 1.479820453316117437e+02
2.549638812793355669e+02 3.914433529339917328e+01 1.482393257838809291e+02
2.549639336253075328e+02 3.873327982411753112e+01 1.481960007677409124e+02
2.549640383172514930e+02 3.844063094344890175e+01 1.477058330861440254e+02
2.549583326063059587e+02 3.829718553157334782e+01 1.474674146324440471e+02
2.549551918479872938e+02 3.807228978730086766e+01 1.481382108146778194e+02
2.549552965399312541e+02 3.796224110554692999e+01 1.482105180506360114e+02
2.549566924325173147e+02 3.911662682556577408e+01 1.494378566069341048e+02
2.549613861213379664e+02 3.934694910226657782e+01 1.500863185077908213e+02
2.549587513740817712e+02 3.950986721571774751e+01 1.503000994573467608e+02
2.549603740992130554e+02 3.980745406640959061e+01 1.503851791104674476e+02
2.549588386173684000e+02 3.977564516410462403e+01 1.505218544433005832e+02
2.549617001971698187e+02 3.976322172008863731e+01 1.509473050548760398e+02
2.549635323061890517e+02 4.006832894208790918e+01 1.512463401441259236e+02
2.549580534277887409e+02 4.008897070370434790e+01 1.515026434715848609e+02
2.549592748338015440e+02 4.006403657238575278e+01 1.512668946624557123e+02
2.549605485857863130e+02 4.009280940831602891e+01 1.516712149500095848e+02
2.549598680881506141e+02 4.023965730837011989e+01 1.516591928251121146e+02
2.549593446284308413e+02 4.054713754776570056e+01 1.516567500130864801e+02
2.549565528432587200e+02 4.104056812828252987e+01 1.524076355324457666e+02
2.549548428748407787e+02 4.134400027917851617e+01 1.523939906824169839e+02
2.549602519586117921e+02 4.140953743609428983e+01 1.526330896337526895e+02
2.549637067927623093e+02 4.141039242030326051e+01 1.527118179756067775e+02
2.549620666189736653e+02 4.107563992950742460e+01 1.522977962345797494e+02
2.549583151576486273e+02 4.049660623615012867e+01 1.515516393013557490e+02
2.549530805604508714e+02 3.780494145975467291e+01 1.498236115230932910e+02
2.549501317373628240e+02 3.695128334874631548e+01 1.491975885955575620e+02
2.549504109158800134e+02 3.636966725410479739e+01 1.491172026312575269e+02
2.549532550470241290e+02 3.755928181326446946e+01 1.497171747134057966e+02
2.549531329064228373e+02 3.782898570954964867e+01 1.501171677339428641e+02
2.549478808605677784e+02 3.800246026068293759e+01 1.500782921254209441e+02
2.549510041702291119e+02 3.805396869710875762e+01 1.502869780670377509e+02
2.549501317373628240e+02 3.948153059622062244e+01 1.513226256739543771e+02
2.549577044546422258e+02 3.979616478511978528e+01 1.514070771754113593e+02
2.549580883251033754e+02 3.976758388442009107e+01 1.515574322555879405e+02
2.549522255762419150e+02 3.950175359006124154e+01 1.514810769311301613e+02
2.549538831986878620e+02 3.945694543804854248e+01 1.513409991101184744e+02
2.549561340754828791e+02 3.929202072900490350e+01 1.512534068503428557e+02
2.549496606236150171e+02 3.910071365008462863e+01 1.506561218614227755e+02
2.549521732302699206e+02 3.891572298511629668e+01 1.504059430126851851e+02
2.549515974245781820e+02 3.883383643628622650e+01 1.504288705484113109e+02
2.549526617926750589e+02 3.850020065955924764e+01 1.496870234335467842e+02
2.549536563661426385e+02 3.798508139798642702e+01 1.498751723054911054e+02
2.549529584198495797e+02 3.790480012563033085e+01 1.494372808012423377e+02
2.549601298180105005e+02 3.805351503201828933e+01 1.501114271256826669e+02
2.549599727800945743e+02 3.947102650451047623e+01 1.508161958437298154e+02
2.549610545968487827e+02 3.896115928879272872e+01 1.507013836785259286e+02
2.549566051892306859e+02 3.834436670098236277e+01 1.504619532027010393e+02
2.549555757184484719e+02 3.755765908813317111e+01 1.498236987663799198e+02
2.549544066584076347e+02 3.712057022212140822e+01 1.495344000279178545e+02
2.549543543124356688e+02 3.687997068625569597e+01 1.491854443300588002e+02
2.549560293835389473e+02 3.705361972396224246e+01 1.495212786376088445e+02
2.549591701418575838e+02 3.891223325365113084e+01 1.512004327267016777e+02
2.549615606079112240e+02 3.903381549789743588e+01 1.514595976339620620e+02
2.549617525431418130e+02 3.893833644501055602e+01 1.510169426462633737e+02
2.549666032698783908e+02 3.886957128648950288e+01 1.512613808867407670e+02
2.549664462319624363e+02 3.906403657238575278e+01 1.513312278620160214e+02
2.549682608923243379e+02 3.893509099474795221e+01 1.512880773324492623e+02
2.549672314215421238e+02 3.888152361675768987e+01 1.511376001116714178e+02
2.549617874404564475e+02 3.879031948491563497e+01 1.512344227111723853e+02
2.549617874404564475e+02 3.910505836575875804e+01 1.507297726439950338e+02
2.549701453473155368e+02 3.946190085672907344e+01 1.509481949363996307e+02
2.549674757027446788e+02 3.974086999005426435e+01 1.515340510547713393e+02
2.549644396363699741e+02 3.994809024445569179e+01 1.518342901013766948e+02
2.549679817138071201e+02 4.004372633525850489e+01 1.512785852628640271e+02
2.549639685226221957e+02 4.012805569611418122e+01 1.508069306066898037e+02
2.549596063582907277e+02 4.042810280748896190e+01 1.506046657709689214e+02
2.549626773219800668e+02 4.058313412782886331e+01 1.509124077402243813e+02
2.549653644152082563e+02 4.017619654167611998e+01 1.502672610842595589e+02
2.549595889096333963e+02 4.003713074278934414e+01 1.497750519097555468e+02
2.549602170612971292e+02 3.950958803720053680e+01 1.492516270872956454e+02
2.549599727800945743e+02 3.904070771754113167e+01 1.486511838913995689e+02
2.549627122192947297e+02 3.844893650433598964e+01 1.483165360925476648e+02
2.549569192650625666e+02 3.834366875468932534e+01 1.481022491319292840e+02
2.549612814293940062e+02 3.880413882151768235e+01 1.481887770236080257e+02
2.549603392018984209e+02 3.877601158590846353e+01 1.481818150093350255e+02
2.549662542967318757e+02 4.042279841566191578e+01 1.494064664724049578e+02
2.549686273141281845e+02 4.047994276840397276e+01 1.496630140810664500e+02
2.549681736490377091e+02 4.057463663171118640e+01 1.493801189998429493e+02
2.549671267295981636e+02 4.045978956919265102e+01 1.495265481321212349e+02
2.549666556158503568e+02 4.021231526234056020e+01 1.491269215333880140e+02
2.549660449128439552e+02 4.008172951091413694e+01 1.491075186264417027e+02
2.549671092809408322e+02 4.005618467658913318e+01 1.489018513025422692e+02
2.549681736490377091e+02 4.019252848493308505e+01 1.491934358151140145e+02
2.549646141229432317e+02 4.021966114707473139e+01 1.490106262323114095e+02
2.549661321561305840e+02 4.017661530945193959e+01 1.486856275409607235e+02
2.549670743836261693e+02 4.022329046779850614e+01 1.491090715569436895e+02
2.549675803946886390e+02 4.030067526303850656e+01 1.492912180907679272e+02
2.549682957896390008e+02 4.028678613180715473e+01 1.486191656052066890e+02
2.549661845021025499e+02 4.055846172637015457e+01 1.485888747360890534e+02
2.549656086964108113e+02 4.065521453124181761e+01 1.484832754619532125e+02
2.549615955052258869e+02 4.022951963846382029e+01 1.479016070213397143e+02
2.549663066427038416e+02 3.957215892237092447e+01 1.471618188480396441e+02
2.549625551813788036e+02 3.910709985866587601e+01 1.470228053951248341e+02
2.549632531276718339e+02 3.902008340458201729e+01 1.466616879831096867e+02
2.549674757027446788e+02 3.901631449459964074e+01 1.468099492244071769e+02
2.549646315716005631e+02 3.909643872903980366e+01 1.470683987367171994e+02
2.549631135384132108e+02 3.916632060162970674e+01 1.477793268308003576e+02
2.549594667690321330e+02 3.938933189091099507e+01 1.473958053427788855e+02
2.549607928669888963e+02 3.947575509064577659e+01 1.475272286297569337e+02
2.549616827485125157e+02 3.924681125787370917e+01 1.472378251993509082e+02
2.549624155921201805e+02 3.885690356127096123e+01 1.473734536127444983e+02
2.549643349444260139e+02 3.918825356388826009e+01 1.475452879900891503e+02
2.549654691071522166e+02 3.950437088866011948e+01 1.472914274746558192e+02
2.549643174957687108e+02 3.936870757795187359e+01 1.470315646211024045e+02
2.549639510739648642e+02 3.920608609167524605e+01 1.474110380206243178e+02
2.549670045889968719e+02 3.927785241925634097e+01 1.472664933433372312e+02
2.549709654342098304e+02 3.929517893598087852e+01 1.475099021130324104e+02
2.549645966742859002e+02 3.925590200834045618e+01 1.470776116277852452e+02
2.549652597232642961e+02 3.932218945752124029e+01 1.469315140199961718e+02
2.549661321561305840e+02 3.929929681910977024e+01 1.472421350177103818e+02
2.549705466664340179e+02 3.913732093315419291e+01 1.474606968993736018e+02
2.549654167611802222e+02 3.911310219678595956e+01 1.475327598541292389e+02
2.549664462319624363e+02 3.894571722705937589e+01 1.471371987925529083e+02
2.549676850866325708e+02 3.853373697893947281e+01 1.471769817312557791e+02
2.549652073772923302e+02 3.799001936800963364e+01 1.471533911465512858e+02
2.549655912477534798e+02 3.785821221057039310e+01 1.468508488771788905e+02
2.549651201340057014e+02 3.766090279353003467e+01 1.467738130550854123e+02
2.549633752682730972e+02 3.902346844410322291e+01 1.476082078484060673e+02
2.549656086964108113e+02 3.888440264521644707e+01 1.474723874997818882e+02
2.549655737990961484e+02 3.915234422711172613e+01 1.478660990036816543e+02
2.549699185147702849e+02 3.916291811345116969e+01 1.476038631327319308e+02
2.549729022351729952e+02 3.923423077594178920e+01 1.477598890265394118e+02
2.549741236411857983e+02 3.930039608452129585e+01 1.481812392036432868e+02
2.549785904974612265e+02 3.933647990787108739e+01 1.480566557903369471e+02
2.549774912320496867e+02 3.959677897785765310e+01 1.484343145294969588e+02
2.549765141072394385e+02 3.965359180611051926e+01 1.480407600635131189e+02
2.549756591230304821e+02 3.972828950812235149e+01 1.481473015651445735e+02
2.549697091308823644e+02 4.014576608329988971e+01 1.479038927954493943e+02
2.549754497391425616e+02 4.044422536685802072e+01 1.482322939749786315e+02
2.549726754026277717e+02 4.041915164628081669e+01 1.482695992043412332e+02
2.549710526774964592e+02 4.024456038107867784e+01 1.478840885693845735e+02
2.549696218875957356e+02 4.048444452199403543e+01 1.475409956203870081e+02
2.549685749681561902e+02 4.048065816335432743e+01 1.476580935597005748e+02
2.549689064926454023e+02 4.042489225454101387e+01 1.478474463890003676e+02
2.549657482856694060e+02 4.045935335275950706e+01 1.480066130411264851e+02
2.549689937359320311e+02 4.014395142293800234e+01 1.479945036729423578e+02
2.549681387517230462e+02 3.983111444574340254e+01 1.478002826682486841e+02
2.549687320060721447e+02 3.954821936451990183e+01 1.473540681544555184e+02
2.549692031198199231e+02 3.912962607527350656e+01 1.468184467205248609e+02
2.549704245258327262e+02 3.908343947933206408e+01 1.470077646525099908e+02
2.549663066427038416e+02 3.891141316675681594e+01 1.469593271797735099e+02
2.549682783409816693e+02 3.885746191830538976e+01 1.469818882936957891e+02
2.549690460819039970e+02 3.891122123152623402e+01 1.471926331768770524e+02
2.549662891940465101e+02 3.896025195861178503e+01 1.473263422379647807e+02
2.549645443283139343e+02 3.880750641238157073e+01 1.476186595941442192e+02
2.549635672035036862e+02 3.890647519673360932e+01 1.472327999860410728e+02
2.549610545968487827e+02 3.884728935108443437e+01 1.472851459580185178e+02
2.549626773219800668e+02 3.882366386906527822e+01 1.474437891504248626e+02
2.549633578196157941e+02 3.901362740137146545e+01 1.478358779291933445e+02
2.549656784910401086e+02 3.908581249672837998e+01 1.478079775261293776e+02
2.549646664689152260e+02 3.903512414719687484e+01 1.479699010661129535e+02
2.549658180802987317e+02 3.913882151768421380e+01 1.478636387429987167e+02
2.549678072272338625e+02 3.911102580656418581e+01 1.477751566016995071e+02
2.549661321561305840e+02 3.908153757568354791e+01 1.476756818062850130e+02
2.549675454973739761e+02 3.909474620927919375e+01 1.471955296539931339e+02
2.549726928512851032e+02 3.887988344296906007e+01 1.470130515956797126e+02
2.549694299523651750e+02 3.887841775575369496e+01 1.471630228053951157e+02
2.549700057580569137e+02 3.872982498996702105e+01 1.470765647083456997e+02
2.549711224721257565e+02 3.834405262515049628e+01 1.465668021845718840e+02
2.549652248259496332e+02 3.796939505505051216e+01 1.462531800177976322e+02
2.549700581040289080e+02 3.803369335729615841e+01 1.460641063670150572e+02
2.549739491546125407e+02 3.764978799881349403e+01 1.461583291165744924e+02
2.549759731988623344e+02 3.930484549213937839e+01 1.472432342831219216e+02
2.549726230566557774e+02 3.939814346286053137e+01 1.474345064647275478e+02
2.549706862556926126e+02 3.979084294463540772e+01 1.473114061872938976e+02
2.549730069271169555e+02 3.978820819737921255e+01 1.477715970756050297e+02
2.549740363978991695e+02 3.974008480047460523e+01 1.472891765978608021e+02
2.549740015005845351e+02 3.979621713109176540e+01 1.477335590026347347e+02
2.549738619113259119e+02 3.981556769206609658e+01 1.471775575369475177e+02
2.549754671877998931e+02 3.977435396346250940e+01 1.471463069916769939e+02
2.549741759871577926e+02 3.966536964980544866e+01 1.470968749454729334e+02
2.549744551656750104e+02 3.963103069218823293e+01 1.470203800317565594e+02
2.549774214374203893e+02 3.953696498054474517e+01 1.467607789080630312e+02
2.549770026696445768e+02 3.948374657570099799e+01 1.470132609795676331e+02
2.549739142572979063e+02 3.947690670202928231e+01 1.466497879988134798e+02
2.549725532620264801e+02 3.969080979218649219e+01 1.467650014831358760e+02
2.549711748180977509e+02 3.993475947025876138e+01 1.469306066898152210e+02
2.549696393362530671e+02 3.995089947828514454e+01 1.466972308980823811e+02
2.549688366980160765e+02 3.993399172933642660e+01 1.466825216799567215e+02
2.549717855211041524e+02 3.956320776116277926e+01 1.465315907940884017e+02
2.549694997469944724e+02 3.910415103557781435e+01 1.459811205527734614e+02
2.549716982778175236e+02 3.872122280190539101e+01 1.458063548009980650e+02
2.549625551813788036e+02 3.843169723089808087e+01 1.455367555966568318e+02
2.549620491703163339e+02 3.818743347699394519e+01 1.452029453333566096e+02
2.549599553314372429e+02 3.805004274921044782e+01 1.453086667480937422e+02
2.549622411055469229e+02 3.800354207743713886e+01 1.454973390797578077e+02
2.549687320060721447e+02 3.797196000767740998e+01 1.454743068520877216e+02
2.549701627959728398e+02 3.980221946921184184e+01 1.463838530125106843e+02
2.549662193994172128e+02 3.969189160894069346e+01 1.465892935038648659e+02
2.549664636806197677e+02 3.971408630105913318e+01 1.468378147301565093e+02
2.549670220376542034e+02 3.960831254035002047e+01 1.463881279335555234e+02
2.549669696916822375e+02 3.975205457940011655e+01 1.465437699569018264e+02
2.549619444783724020e+02 3.993500375146132342e+01 1.466898501160335684e+02
2.549606707263876046e+02 3.992299907522116342e+01 1.463721973094170323e+02
2.549652597232642961e+02 3.981291549615256997e+01 1.462572106576398880e+02
2.549690984278759629e+02 3.978833033798049001e+01 1.468041039242030195e+02
2.549695346443091069e+02 3.991563574182966789e+01 1.468682102912180767e+02
2.549713667533283399e+02 3.994632793006578453e+01 1.463201479646141365e+02
2.549714714452723001e+02 3.990085672907469672e+01 1.460348449686796641e+02
2.549710003315244933e+02 3.987871438292823711e+01 1.462768752944460857e+02
2.549737572193819801e+02 3.999783636649159746e+01 1.461555896773743370e+02
2.549721693915653304e+02 3.986903037811240580e+01 1.460824100085498287e+02
2.549710177801818247e+02 3.945181553279475395e+01 1.459097729929681861e+02
2.549662717453891787e+02 3.886154490411962570e+01 1.455402453281220119e+02
2.549598157421786482e+02 3.869532899443387919e+01 1.449682434436670064e+02
2.549666381671930253e+02 3.821020397480413777e+01 1.446574828566941733e+02
2.549665858212210594e+02 3.812234998516863982e+01 1.447272774859974618e+02
2.549696742335677300e+02 3.809659576695572980e+01 1.445130603200083783e+02
2.549696218875957356e+02 3.830843991554849737e+01 1.451361867704280257e+02
2.549703198338887944e+02 3.832693549231386498e+01 1.445335101463942351e+02
2.549698312714836561e+02 3.822470380904189113e+01 1.450786934445394536e+02
2.549720123536493759e+02 3.850313203398998496e+01 1.451402348589276130e+02
2.549699359634276163e+02 3.865455148226344306e+01 1.453149308160737121e+02
2.549692380171345860e+02 3.844399853431278302e+01 1.450870688000558459e+02
2.549667777564516484e+02 4.022725131301146462e+01 1.456726980858823026e+02
2.549736874247526544e+02 4.035815114026975436e+01 1.458016087662054474e+02
2.549734780408647623e+02 3.846390745232154273e+01 1.451707176632758092e+02
2.549762872746942151e+02 3.854096072307235943e+01 1.450399225279614654e+02
2.549782415243147113e+02 3.859089878033885412e+01 1.447953970441974434e+02
2.549751880092826752e+02 4.062138158468705740e+01 1.460288600792169120e+02
2.549768630803859537e+02 4.093543996789446737e+01 1.458467658913646687e+02
2.549717680724468210e+02 4.089290014133412399e+01 1.460690443370382638e+02
2.549757114690024480e+02 3.897077349897925558e+01 1.445249952016192481e+02
2.549748215874788571e+02 3.881958088325103517e+01 1.447539390343912942e+02
2.549746645495629025e+02 3.866231613477342677e+01 1.443055434384324087e+02
2.549653295178935934e+02 3.818113451169932659e+01 1.430746977020118322e+02
2.549649456474324438e+02 3.754802742928931281e+01 1.428087976130236711e+02
2.549686273141281845e+02 3.736207708816806417e+01 1.432200624661932125e+02
2.549697265795396959e+02 3.730065781438118222e+01 1.430392245816684351e+02
2.549682608923243379e+02 3.894590916228996491e+01 1.442568093385214070e+02
2.549689588386173682e+02 3.902001360995271284e+01 1.444063268831463347e+02
2.549677723299191996e+02 3.891061052851983249e+01 1.448673378583517888e+02
2.549668475510809458e+02 3.909153565633124572e+01 1.446270175010033086e+02
2.549679817138071201e+02 3.900511245659646420e+01 1.450400621172200886e+02
2.549705292177766864e+02 3.890272373540855710e+01 1.449838250946589540e+02
2.549713842019856713e+02 3.894938144509779931e+01 1.447311161906091286e+02
2.549695695416237697e+02 3.917832527786986674e+01 1.450034548341505172e+02
2.549752229065973381e+02 3.926110170822354917e+01 1.449451763186822859e+02
2.549732686569768418e+02 3.913730348449686858e+01 1.449873148261241340e+02
