2.448052617805076920e+02 4.430921042503732821e+01 1.227199849135608645e+02
2.447005418802629322e+02 4.465819209039548099e+01 1.223120044951430856e+02
2.447034360134854296e+02 4.163139056943610683e+01 1.207816699764466790e+02
2.446703151218461016e+02 5.184486368324635208e+01 1.250036253636909436e+02
2.445633014670792420e+02 5.228019212118412895e+01 1.252301451684908926e+02
2.444813497744731308e+02 5.244170938592034759e+01 1.250636324450807422e+02
2.444191105158638493e+02 5.193774534706507495e+01 1.240520328207022942e+02
2.445734771163349137e+02 5.298419002755584017e+01 1.252064071183361875e+02
2.444697655444203406e+02 5.245311658122815857e+01 1.246167659600671129e+02
2.439992610723687108e+02 4.804354285010545311e+01 1.223807016733632054e+02
2.433920241998799270e+02 4.222581936298280425e+01 1.192509044166320251e+02
2.432421450453362866e+02 4.051962776520574749e+01 1.184847750119306085e+02
2.433109884696500842e+02 4.130719376837697610e+01 1.188630982619806389e+02
2.435898874674794854e+02 4.500451823457873246e+01 1.213314937114179770e+02
2.440610308040456289e+02 4.895015317354022955e+01 1.240668344648162673e+02
2.443850659646854240e+02 5.243498206561061892e+01 1.263793315783802029e+02
2.445674810264936241e+02 5.313440016010098788e+01 1.271032343478193951e+02
2.446484166936067481e+02 5.346771040194584401e+01 1.273519373758832529e+02
2.445996936529195409e+02 5.331874720977847915e+01 1.273534229283086319e+02
2.445596684062254553e+02 5.344023922782062641e+01 1.271692067303991678e+02
2.445466678982127178e+02 5.368408534614141558e+01 1.267464400621930736e+02
2.445835142166597507e+02 5.441169045089979761e+01 1.272314305946828057e+02
2.446457380809433744e+02 5.525837066457303592e+01 1.275673116889114738e+02
2.447175987930848748e+02 5.593182622885204580e+01 1.283007204544404942e+02
2.447300374082113308e+02 5.650190889638079739e+01 1.282947012731107179e+02
2.447833017749657358e+02 5.717354023307009214e+01 1.283449791406887357e+02
2.447726642959405297e+02 5.589106975168952829e+01 1.276375559968595610e+02
2.447854492833941435e+02 5.628361735864160664e+01 1.273360119459967024e+02
2.444807955787496780e+02 5.255609692267429978e+01 1.258198632983882135e+02
2.437192767745808908e+02 4.547932542064994976e+01 1.216007943472036175e+02
2.433547160516633596e+02 4.213258362967410164e+01 1.193000738927631232e+02
2.432919687803075703e+02 4.098841576994719560e+01 1.185338290306193159e+02
2.435014778552625501e+02 4.498807709478286654e+01 1.208933019289090112e+02
2.440470989393309651e+02 4.984801182284210341e+01 1.242949321879954994e+02
2.445289721208762330e+02 5.465410489693498874e+01 1.274547560769100443e+02
2.447854184947428280e+02 5.588033990671038964e+01 1.287029972752043534e+02
2.448705491155959919e+02 5.638359580658569570e+01 1.292715328130051375e+02
2.448852660909188899e+02 5.656315522098554283e+01 1.292024430794809007e+02
2.448415616003941011e+02 5.679056789667328786e+01 1.287367262427069363e+02
2.447680229067565563e+02 5.500080820209670662e+01 1.276205837528287077e+02
2.447592789297864897e+02 5.529362367031512093e+01 1.276672824396927268e+02
2.447227404978524987e+02 5.561665819978755820e+01 1.275057035976539055e+02
2.446479856524885008e+02 5.570622238642836521e+01 1.275685201434751121e+02
2.446474622454163352e+02 5.598866977632044950e+01 1.276019720131159687e+02
2.446612478640373070e+02 5.484540248464416123e+01 1.269723979741067410e+02
2.446671361935990490e+02 5.497253652303761129e+01 1.271672901368555557e+02
2.447283055465755410e+02 5.548706876645268693e+01 1.273197478409458228e+02
2.447128111578072378e+02 5.553566865253467455e+01 1.271372558075093480e+02
2.441942686925599162e+02 5.085119075108914899e+01 1.245813974968826443e+02
2.437243722963715697e+02 4.623969734755768712e+01 1.219658245970535262e+02
2.435122923690327639e+02 4.337899290321587387e+01 1.200777721331917007e+02
2.435889176249634431e+02 4.484855062423990546e+01 1.210057112948167344e+02
2.438935713296079086e+02 4.936302129035237840e+01 1.237320848535229914e+02
2.443941409196570191e+02 5.378855124001292864e+01 1.270505472682769152e+02
2.447526516725934869e+02 5.545334749611293290e+01 1.283373050693514301e+02
2.448435474684031590e+02 5.649687495189273534e+01 1.291932680613925584e+02
2.448295309348974058e+02 5.667824319955664691e+01 1.291902199849135684e+02
2.448200557274588505e+02 5.666470389014609310e+01 1.291277959943964788e+02
2.448458720115765459e+02 5.688102495420188376e+01 1.290214442956326195e+02
2.447832171061746749e+02 5.539038470419803417e+01 1.281038578180082936e+02
2.448422312535599303e+02 5.576108006588771104e+01 1.281157653288997551e+02
2.448355732077156404e+02 5.598722270970920079e+01 1.278280068966578966e+02
2.448564248218106911e+02 5.623791930294493113e+01 1.284688418848812432e+02
2.448342877815237273e+02 5.683602734032236015e+01 1.285844609676873063e+02
2.448718730276020210e+02 5.574262996659431479e+01 1.274815806893578980e+02
2.448878600347911743e+02 5.603813944180175355e+01 1.276271725242075803e+02
2.449245370156560284e+02 5.671394264074262281e+01 1.281946535507012186e+02
2.448193167998275896e+02 5.637278129281546768e+01 1.275952446928062329e+02
2.443711879801105340e+02 5.228073861974475989e+01 1.251825690050647353e+02
2.440234994381071090e+02 4.801009867762742545e+01 1.226188980741698629e+02
2.441471620560661222e+02 4.897329854215735878e+01 1.229828892070382835e+02
2.442317076925445178e+02 5.070536030419187767e+01 1.235378700411028490e+02
2.445569667020736233e+02 5.462063763296848862e+01 1.260497621576686811e+02
2.448630289875152073e+02 5.590570975538416576e+01 1.272522283286380684e+02
2.450332517434073907e+02 5.681272033128588816e+01 1.278999060946135273e+02
2.450276636031958617e+02 5.714211271725242369e+01 1.280690897335242369e+02
2.450208439169322219e+02 5.734539478748133234e+01 1.278605120152711692e+02
2.449577733647377613e+02 5.728468726427438895e+01 1.275719376837697610e+02
2.449424867993657529e+02 5.592150433350266781e+01 1.267463169075878682e+02
2.449041318370048828e+02 5.600822826706075830e+01 1.265528641142874733e+02
2.448901768808017323e+02 5.611402577010114356e+01 1.262511969088194093e+02
2.449030927200234089e+02 5.620749241829461340e+01 1.262193999291860962e+02
2.449796563986514570e+02 5.645452516202527704e+01 1.263199402700164740e+02
2.449588586646961801e+02 5.664908634677257737e+01 1.263929940423959692e+02
2.449348281223541051e+02 5.677447312920457279e+01 1.262315229606367097e+02
2.449655859850059301e+02 5.678439477208701192e+01 1.260126310441971071e+02
2.447855262550224040e+02 5.471822226327375915e+01 1.247823935097523105e+02
2.442998968580181440e+02 4.998956264720823839e+01 1.223647300604996957e+02
2.441076063363044284e+02 4.853518373127665342e+01 1.213375205899105538e+02
2.441189904401237811e+02 4.941272187071844968e+01 1.218570636863252190e+02
2.443905617389430347e+02 5.290470912421681504e+01 1.241932757585554015e+02
2.446957234563340080e+02 5.493310395788112288e+01 1.254617451007558628e+02
2.448894302560076426e+02 5.705886020412875581e+01 1.268761988331101094e+02
2.449715666805215619e+02 5.789918256130790297e+01 1.272176988562016078e+02
2.450393940793423440e+02 5.824532397358333924e+01 1.276909589125448292e+02
2.450376853091950409e+02 5.838868363121353156e+01 1.276174664018842719e+02
2.449781554519004203e+02 5.645843532074077586e+01 1.265636324450807422e+02
2.449503148139595794e+02 5.628695792730799496e+01 1.261918056004556661e+02
2.448823796548592213e+02 5.627601256176973266e+01 1.262483874443880012e+02
2.448037916224079709e+02 5.612701858095105933e+01 1.261408426853861613e+02
2.448076479009837101e+02 5.613640142243568931e+01 1.263071398882372023e+02
2.448309780015086403e+02 5.608518450099293062e+01 1.260839221662895113e+02
2.448012515586754603e+02 5.583524992687695487e+01 1.256198217337089602e+02
2.447320463677088753e+02 5.548262750350220784e+01 1.253625440662571719e+02
2.446624486214381307e+02 5.535236841700149313e+01 1.253969426869255983e+02
2.441850090056805129e+02 5.057888052463862039e+01 1.227212010652873317e+02
2.434930725534567841e+02 4.387413599347280524e+01 1.189160547422220162e+02
2.433200249388075633e+02 4.252545451746486549e+01 1.179326036422974511e+02
2.436549130990316883e+02 4.502375344448036287e+01 1.196386566911436375e+02
2.440765713757908770e+02 4.784230052802536903e+01 1.211741021259563666e+02
2.444479440878092475e+02 5.171280346064440891e+01 1.241155113225265154e+02
2.447340399328807337e+02 5.446996567065379935e+01 1.263196015948521307e+02
2.448548853892455099e+02 5.601931987869271268e+01 1.276720238919934047e+02
2.448052079003679182e+02 5.386260564355978175e+01 1.260891793284995117e+02
2.448413537769978063e+02 5.400122384888929616e+01 1.261183284841207524e+02
2.450133699718283822e+02 5.523087639895934586e+01 1.273487892362875016e+02
2.451280038177927736e+02 5.663518527070921493e+01 1.277452316076294210e+02
2.450795655721301216e+02 5.703552240644098248e+01 1.275679967364029608e+02
2.451803522221709102e+02 5.774513154451269514e+01 1.278399067103865576e+02
2.452697701627180322e+02 5.864800874397697328e+01 1.282306069982604413e+02
2.454448498283532558e+02 5.945408642374420793e+01 1.287625348296617744e+02
2.454107744885235434e+02 5.991730937976262084e+01 1.286382179528625613e+02
2.451775196662510155e+02 5.701784972059299150e+01 1.274690343139518802e+02
2.443680937206545707e+02 5.015896180667805737e+01 1.236265182653673804e+02
2.437774211425668511e+02 4.474583968349266172e+01 1.205061731245862831e+02
2.438302082852260639e+02 4.455019319878692841e+01 1.200605920657645527e+02
2.440409719977216412e+02 4.697350636555365355e+01 1.213165997013500856e+02
2.444734139995997566e+02 4.949781400575747625e+01 1.235828676549823797e+02
2.448771763727889947e+02 5.325339060022475479e+01 1.263044304869225272e+02
2.451649117135423808e+02 5.658885604766083333e+01 1.286537816160962961e+02
2.453257054449729821e+02 5.739691189827429696e+01 1.289296402346095363e+02
2.452588324943425846e+02 5.726495173878907963e+01 1.291342231253559873e+02
2.452735648639911403e+02 5.730687818470111949e+01 1.291116088609738313e+02
2.452184916639726566e+02 5.563196015948521023e+01 1.280186964085038142e+02
2.452342631506026862e+02 5.605557351560214840e+01 1.283378284764235957e+02
2.452355947597715442e+02 5.626721470465986386e+01 1.284821579765698232e+02
2.451469465355069985e+02 5.638296463923397539e+01 1.281011253252051176e+02
2.451917517203158923e+02 5.714860142551455624e+01 1.287069921027109274e+02
2.452578241660123979e+02 5.793922320232762502e+01 1.294020920888560511e+02
2.452031897042749904e+02 5.655869086654659128e+01 1.285645484074570106e+02
2.452668837266583637e+02 5.702448467494881612e+01 1.288303545313197560e+02
2.452001185363075138e+02 5.703168152219092235e+01 1.286645961298665384e+02
2.448263827953016403e+02 5.369026616789051332e+01 1.269711664280546159e+02
2.445302960328822905e+02 5.025309810803737776e+01 1.247577318000584938e+02
2.445527871426592128e+02 5.033988361889807095e+01 1.253603888606659638e+02
2.445702750965994028e+02 4.996741790975845987e+01 1.251590387783063107e+02
2.447847334472513410e+02 5.336349081728474886e+01 1.267935313043612098e+02
2.450263781770039486e+02 5.472466478855893968e+01 1.281829846518573390e+02
2.451763035145245340e+02 5.700842069613140950e+01 1.297369571575917178e+02
2.451671207992733912e+02 5.708801705691282535e+01 1.298468187626041015e+02
2.452538601271571395e+02 5.695565664496066915e+01 1.301121168737203391e+02
2.452386967163903364e+02 5.506915131082683246e+01 1.291428131590695614e+02
2.452650748933942850e+02 5.546237626810757604e+01 1.289327806770424445e+02
2.453487661447990149e+02 5.615674502378423227e+01 1.296606628796625671e+02
2.454020536030419066e+02 5.669261380255237981e+01 1.297872812081466805e+02
2.453653689250142520e+02 5.672189380994165475e+01 1.294858141289120965e+02
2.453181622254037109e+02 5.673570252005110603e+01 1.293296925753167272e+02
2.453513293000200122e+02 5.700899798334334179e+01 1.292099939962130009e+02
2.454135223756523487e+02 5.572796687141119776e+01 1.285084360904570531e+02
2.453861589618066716e+02 5.506120783879062230e+01 1.284412706476392714e+02
2.452281439061561912e+02 5.347966409581428593e+01 1.277015271171046322e+02
2.450963530842531384e+02 5.230459212734186281e+01 1.269093659077264107e+02
2.450573361658892395e+02 5.254649856063055324e+01 1.269146769500761991e+02
2.451414199725981007e+02 5.352731723086870375e+01 1.277022506504102637e+02
2.452268045998245043e+02 5.466650502624732866e+01 1.278074323804245722e+02
2.454484982835327003e+02 5.602596253021136619e+01 1.284140226912359992e+02
2.455684739604981530e+02 5.680510783725119239e+01 1.292438461183207892e+02
2.456203759294324129e+02 5.720868547853261532e+01 1.296123323942794627e+02
2.455315506704228881e+02 5.735529333887529191e+01 1.293304622915993036e+02
2.454220046490863467e+02 5.738053233578103374e+01 1.291569605443433488e+02
2.453179544020074161e+02 5.717157745654951384e+01 1.289209347434535573e+02
2.452021197986422294e+02 5.641813297618497813e+01 1.281911513416154946e+02
2.451511414892470668e+02 5.605055496543973703e+01 1.277111639649625090e+02
2.452201080681660699e+02 5.609512153820102043e+01 1.275270478301698063e+02
2.451953462953555345e+02 5.619716282578241362e+01 1.275468295386320534e+02
2.452460705983774290e+02 5.674654012530981362e+01 1.276570298188087804e+02
2.451989870533721216e+02 5.671365014855524578e+01 1.275123154605212505e+02
2.449639003063470852e+02 5.357493188010899132e+01 1.263407533982973945e+02
2.446103927092473782e+02 4.954131837004879912e+01 1.240477993811481099e+02
2.444383688172539735e+02 4.840744931418279151e+01 1.232131960159485260e+02
2.446187056450992259e+02 4.936919441493865435e+01 1.238740821133330314e+02
2.447805307963484722e+02 5.163172154743761411e+01 1.250534029156852824e+02
2.450362228482581202e+02 5.433103188164842123e+01 1.270254160316507352e+02
2.452454856140026891e+02 5.601810372696623830e+01 1.281080912575624495e+02
2.454727135577826118e+02 5.849094043935405551e+01 1.295455902954170995e+02
2.454419479979679579e+02 5.877504271925368329e+01 1.298654997767822863e+02
2.453484736526116592e+02 5.731926291968780163e+01 1.291393340414723241e+02
2.452732338859896117e+02 5.722909065718376098e+01 1.286477701319293772e+02
2.452547222093936057e+02 5.709255838298003027e+01 1.281449837589864273e+02
2.452769208269831722e+02 5.715432811465693419e+01 1.281640419341430857e+02
2.452186225157406909e+02 5.691479240751858981e+01 1.279660786034267801e+02
2.452739574192952432e+02 5.676451300050801052e+01 1.277566157114487595e+02
2.452737034129220035e+02 5.690288489662709992e+01 1.280042950168567870e+02
2.453001662587170415e+02 5.705599685955756684e+01 1.280481303591496101e+02
2.451699456580304570e+02 5.556634184639541729e+01 1.271058205945288506e+02
2.448752751735710262e+02 5.149208731661509830e+01 1.250437429763389190e+02
2.446654043319632308e+02 4.903254360442740989e+01 1.234827583552702492e+02
2.446063516987638309e+02 4.899424252220631359e+01 1.234054634461737407e+02
2.447380886405271099e+02 5.041901814990994524e+01 1.245150479533243981e+02
2.449498375898643872e+02 5.325455287181144826e+01 1.260416031650733544e+02
2.451644575809356752e+02 5.532742191228313544e+01 1.275333672008497672e+02
2.453583260210286596e+02 5.650230914884773625e+01 1.281979633307163056e+02
2.454555873704952376e+02 5.689535707138348641e+01 1.287828938253359752e+02
2.454544712818855032e+02 5.696701765729152100e+01 1.287852953401376226e+02
2.454188949953047256e+02 5.689180867932080332e+01 1.284306870487538390e+02
2.453355886020412981e+02 5.683499592050370097e+01 1.283201788820640843e+02
2.453239889776628218e+02 5.679724133684324272e+01 1.280432426607552543e+02
2.453724657091396182e+02 5.676570606074601244e+01 1.285148093412768162e+02
2.454283855970689103e+02 5.693923859665327569e+01 1.284408473036838529e+02
2.455073892763127503e+02 5.751713388445018893e+01 1.289849982296525468e+02
2.454617220092673904e+02 5.759500608075862971e+01 1.290696208377592029e+02
2.452231638418079172e+02 5.430397635431580028e+01 1.270860157945781168e+02
2.446637340476300437e+02 4.852669376067981233e+01 1.238138364198956225e+02
2.443984744223279222e+02 4.576658353730815065e+01 1.224244446497021244e+02
2.443623208485352336e+02 4.609063409227358932e+01 1.222502809464431408e+02
2.445496928832032495e+02 4.816404193414307144e+01 1.237374112901984375e+02
2.448504518234578597e+02 5.137836943302698955e+01 1.260293646761803643e+02
2.452722486491479117e+02 5.567974414630766944e+01 1.289179636386027994e+02
2.454761157037515886e+02 5.681640727227943444e+01 1.300901645653412118e+02
2.455304037931618382e+02 5.699906864329808087e+01 1.304158315245000779e+02
2.454270231992487652e+02 5.688119429178404829e+01 1.300795116919903194e+02
2.453962961252482273e+02 5.677866808294462686e+01 1.299979371603626817e+02
2.453859203497590897e+02 5.517620345140780813e+01 1.290115996243784480e+02
2.454041318370048828e+02 5.521960775258239806e+01 1.290304961591157564e+02
2.453786388337258870e+02 5.534585661725088102e+01 1.293088332640588760e+02
2.454283548084176232e+02 5.579570960144091174e+01 1.292006419433796793e+02
2.453466956079988961e+02 5.607209932418910370e+01 1.292446620175803105e+02
2.452453778537231130e+02 5.521810680583136843e+01 1.290108606967471871e+02
2.447024738681322162e+02 4.917341707846487964e+01 1.259229744916023890e+02
2.439709355131698487e+02 4.194107052140581260e+01 1.220891485398482104e+02
2.435372388737511358e+02 3.873069936421435244e+01 1.200963761757416250e+02
2.436133253282839917e+02 3.905751320063424714e+01 1.200286488400375617e+02
2.437899367293215676e+02 4.057069844055481411e+01 1.215551501716467300e+02
2.442115565202666403e+02 4.613185239920565550e+01 1.251745254699117851e+02
2.446095075355223969e+02 4.989388691328376524e+01 1.278998368201480957e+02
2.447872889053095093e+02 4.998879293092566201e+01 1.287990424729444783e+02
2.448200172416447344e+02 5.138193321941532332e+01 1.295896180667805879e+02
2.448160993857663925e+02 5.097167444080112375e+01 1.292861574223741172e+02
2.447427223325482259e+02 4.991902584707276702e+01 1.286675903262057545e+02
2.445277790606382382e+02 4.782138733662771557e+01 1.275326975476839237e+02
2.444182407364645258e+02 4.569426869255992329e+01 1.267721101002170627e+02
2.442506888960729157e+02 4.424980372234794146e+01 1.256322449545097726e+02
2.440781031111932009e+02 4.344474206807370820e+01 1.252313228344032439e+02
2.440675887867732001e+02 4.433060853769300991e+01 1.260528872057759457e+02
2.436955387244261715e+02 4.091545436352160436e+01 1.242654212657214572e+02
2.427581474468510976e+02 3.548121122554226758e+01 1.209467895133853688e+02
2.416048122661986781e+02 2.741251404732215846e+01 1.160817900521867614e+02
2.411178435628627312e+02 2.394247910220292752e+01 1.143575486075832401e+02
2.410737080312196952e+02 2.429006758108960895e+01 1.147905140165335069e+02
2.415065887713788584e+02 2.841510799119444641e+01 1.182731800058498379e+02
2.424470435197586085e+02 3.453220492926307372e+01 1.239100432580550830e+02
2.432339475669268438e+02 4.128792007266121544e+01 1.292832325005003042e+02
2.435397866346464752e+02 4.343497436844779003e+01 1.317819470743084196e+02
2.435811896734863637e+02 4.419909481365169057e+01 1.319779553256669544e+02
2.435218676395880379e+02 4.221080219830970037e+01 1.311086223617974440e+02
2.431853861666589580e+02 3.913023599501223515e+01 1.294051247710094117e+02
2.429346356932834681e+02 3.964108899459659341e+01 1.290657106790437183e+02
2.429848211949075676e+02 3.874804876922366503e+01 1.292791760956911276e+02
2.430678350959836109e+02 4.048131898582182941e+01 1.303940100678889848e+02
2.432773672624270773e+02 4.099390384704197743e+01 1.313318092950938194e+02
2.437727951477085639e+02 4.495411721239550928e+01 1.341163503132745234e+02
2.442374497760125678e+02 4.584379377761356977e+01 1.353233347188226503e+02
2.441089687341246020e+02 4.586376791514647522e+01 1.353883988361889692e+02
2.436036038116350255e+02 4.044992995581828410e+01 1.322990039871303338e+02
2.429985683277143949e+02 3.683755907572469113e+01 1.294172631967856546e+02
2.427650441047429979e+02 3.527211779737988451e+01 1.284341892578395630e+02
2.426561985252236013e+02 3.475676195754245157e+01 1.277938084022229361e+02
2.430489385612463309e+02 3.835065194969134694e+01 1.305797503040379297e+02
2.434176634492526148e+02 4.191583152450007077e+01 1.337358872519589283e+02
2.436202296833387209e+02 4.242552994966055735e+01 1.347665758401453218e+02
2.437258886374482358e+02 4.502085161409504366e+01 1.363785772564232843e+02
2.438082867654982238e+02 4.476676826921596586e+01 1.363196631721547476e+02
2.438906848935482401e+02 4.454043319632383202e+01 1.370452131344386544e+02
2.439101818069859462e+02 4.446547052756353935e+01 1.371381255869086715e+02
2.439590049107898722e+02 4.459532936159731520e+01 1.369841977247186549e+02
2.439155236379870360e+02 4.659437491340691651e+01 1.374584738065549061e+02
2.437828630366846880e+02 4.573811173201558233e+01 1.370805277174833350e+02
2.437432072538062471e+02 4.596968857279206588e+01 1.372936159731522991e+02
2.438689096199140920e+02 4.711807447774750557e+01 1.380188349574346773e+02
2.439235132930002123e+02 4.697422989885927791e+01 1.381155652026662892e+02
2.437651287735340873e+02 4.481163503132745518e+01 1.367193306547206646e+02
2.433841961852861004e+02 4.079253837035668795e+01 1.340607152203697581e+02
2.428663233732046365e+02 3.708593882294986344e+01 1.313620360535106784e+02
2.426944919102818687e+02 3.602953401376252884e+01 1.305372311765883069e+02
2.427528594959897816e+02 3.576686063516987701e+01 1.308522683538847673e+02
2.430169260610539084e+02 3.895213904154928741e+01 1.327081004941578612e+02
2.433066241783278656e+02 4.205501162271586679e+01 1.347538370356686528e+02
2.433631521421204127e+02 4.175339060022475479e+01 1.352238411921365753e+02
2.433941409196570191e+02 4.168983512677227310e+01 1.354512230791730190e+02
2.435294493449714537e+02 4.471675980233685976e+01 1.372658369125140609e+02
2.437839560338059357e+02 4.507591711695069137e+01 1.376725165104142548e+02
2.437945011468772520e+02 4.547966409581428593e+01 1.383168152219091951e+02
