2.549978803579839735e+02 1.137825665986287760e+02 2.023412885329983908e+02
2.549986915790024682e+02 1.138554194797718111e+02 2.026571675302245126e+02
2.549929868634531829e+02 5.917179567697702680e+01 1.748257968283874959e+02
2.549941382739310143e+02 5.899903176846181907e+01 1.745030355367142931e+02
2.549961532422672406e+02 6.362982153137593855e+01 1.756555450881875799e+02
2.549927251792536822e+02 6.164819176218139773e+01 1.743089705343591334e+02
2.549903176846181907e+02 5.862372428952739511e+01 1.716928612550374282e+02
2.549989532632019689e+02 5.858405296488198388e+01 1.713446642591720206e+02
2.549976971790443372e+02 5.858447165960119207e+01 1.713925786361019448e+02
2.549979065264039377e+02 5.889914690950960363e+01 1.716968126864499880e+02
2.549975140001046725e+02 5.887098968964254198e+01 1.710576228607316693e+02
2.549972261474852075e+02 5.853883393520699485e+01 1.712261998220547525e+02
2.549977756843041732e+02 5.841631339299733128e+01 1.706667713403464575e+02
2.549979065264039377e+02 5.823376249542052818e+01 1.702164128329931430e+02
2.549982728842832387e+02 5.787117286858219245e+01 1.701006437431308029e+02
2.549978541895640376e+02 5.758622494373789635e+01 1.692068613597110982e+02
2.549978541895640376e+02 5.771301093839954177e+01 1.696285654472183069e+02
2.549977756843041732e+02 5.779031245093420921e+01 1.697142408541372163e+02
2.549980635369236381e+02 5.772680169571361120e+01 1.694054273302977833e+02
2.549993981263411342e+02 5.796791751714031449e+01 1.694788035798398482e+02
2.549982467158633028e+02 5.836264196367823587e+01 1.689964672633066414e+02
2.549980373685037023e+02 5.888883655204898560e+01 1.690926100382058905e+02
2.549947139791699442e+02 5.879073114565342451e+01 1.688338043648924440e+02
2.549968074527660065e+02 5.887261213167948881e+01 1.688066677134034705e+02
2.549950280002093450e+02 5.905529387135604935e+01 1.685986287747945767e+02
2.549943476212906148e+02 5.915701051970481927e+01 1.691347935311665935e+02
2.549942429476108146e+02 5.918959020254357029e+01 1.684802428429371446e+02
2.549943476212906148e+02 5.912804207881928420e+01 1.685790547966713859e+02
2.549986130737426038e+02 5.891961061391113219e+01 1.685867221437169690e+02
2.549961794106871764e+02 5.902449364107395269e+01 1.685928455539854554e+02
2.549963102527869410e+02 5.911723452137960066e+01 1.682331344533417052e+02
2.549954205265086102e+02 5.913476736274663637e+01 1.682879311247186820e+02
2.549961009054273404e+02 5.935819333228659644e+01 1.687514785157272286e+02
2.549938504213115493e+02 5.894334537080651160e+01 1.682796357355942973e+02
2.549979065264039377e+02 5.822428952739833363e+01 1.680759669231171927e+02
2.549986130737426038e+02 5.802226932537813298e+01 1.676678965824043530e+02
2.549979065264039377e+02 5.752059454650127890e+01 1.676228083948291214e+02
2.549982990527032030e+02 5.695114355995185207e+01 1.675562359344742731e+02
2.549986130737426038e+02 5.663987020463704170e+01 1.678615690584602476e+02
2.549984037263830032e+02 5.683414455435180912e+01 1.677160988119537421e+02
2.549967027790862062e+02 5.662783273145967655e+01 1.681404197414560144e+02
2.549977756843041732e+02 5.908941749097189700e+01 1.702085623070078952e+02
2.549976710106243729e+02 5.944685193907992016e+01 1.699053226566179831e+02
2.549981158737635383e+02 5.986907939498613018e+01 1.701251897210446486e+02
2.549975925053645369e+02 5.992282932956508290e+01 1.701377767310409865e+02
2.549981682106034384e+02 6.003810121944837164e+01 1.700575443554718049e+02
2.549954990317684747e+02 6.033712775422620211e+01 1.703599466164232865e+02
2.549982467158633028e+02 6.041233579316480728e+01 1.704573978123200959e+02
2.549985607369027036e+02 6.031566964986654256e+01 1.709203433296697483e+02
2.549969121264458067e+02 6.083192023865598941e+01 1.710232898937562140e+02
2.549969121264458067e+02 5.864465902548803911e+01 1.702826712723085905e+02
2.549965196001465415e+02 5.884469042759198487e+01 1.704977756843041732e+02
2.549958392212278113e+02 5.859512220652116810e+01 1.699781755377610182e+02
2.549946616423300441e+02 5.883113518605746606e+01 1.697456429580781787e+02
2.549961270738472763e+02 5.884325116449468851e+01 1.695112000837389417e+02
2.549964149264667412e+02 5.880603967132464760e+01 1.695248861673732108e+02
2.549968336211859423e+02 5.897909143245930608e+01 1.698179201339823123e+02
2.549973569895849721e+02 5.897406709582875095e+01 1.696227560579892213e+02
2.549960485685874403e+02 5.834942691160307504e+01 1.693057779871251398e+02
2.549981682106034384e+02 5.768788925524676614e+01 1.690331815564976239e+02
2.549944261265504792e+02 5.793491913958235529e+01 1.689101638143089019e+02
2.549939812634113139e+02 5.791893023499240911e+01 1.688787093735280394e+02
2.549941121055110784e+02 5.756798555503218751e+01 1.686180457423980670e+02
2.549955775370283106e+02 5.758918197519233928e+01 1.688121892500130912e+02
2.549955513686083748e+02 5.782014444967812494e+01 1.693281258177631230e+02
2.549964410948866771e+02 5.785924006908462758e+01 1.692371382215941935e+02
2.549964410948866771e+02 5.802124875700005191e+01 1.694435547181661263e+02
2.549966242738263418e+02 5.815402731983042628e+01 1.699886429057413579e+02
2.549965196001465415e+02 5.808748102789553514e+01 1.694821269691736063e+02
2.549968859580258425e+02 5.780946773433819885e+01 1.694764484220442853e+02
2.549931962108127834e+02 5.798346155859109530e+01 1.696776835714659626e+02
2.549962579159470408e+02 5.827094782017061902e+01 1.693163761972052157e+02
2.549953943580886460e+02 5.834118385931857631e+01 1.693148060920081548e+02
2.549954728633485104e+02 5.812134296331187500e+01 1.696900088972627714e+02
2.549957607159679753e+02 5.824849531585282847e+01 1.691835191291149840e+02
2.549955775370283106e+02 5.826215523106714755e+01 1.697191605170879711e+02
2.549956298738682108e+02 5.809567174334013373e+01 1.696277280577798763e+02
2.549971738106453074e+02 5.802878526194588460e+01 1.699260742136389695e+02
2.549975140001046725e+02 5.809226984874653255e+01 1.698712513738420569e+02
2.549972523159051718e+02 5.810545873240173620e+01 1.698675092897890693e+02
2.549973308211650078e+02 5.799714764222536445e+01 1.698183911655414136e+02
2.549972523159051718e+02 5.758860626995342358e+01 1.694631286962893171e+02
2.549970168001256070e+02 5.720898100172711764e+01 1.695149945046318010e+02
2.549954205265086102e+02 5.728460773538493811e+01 1.695367666300308827e+02
2.549963625896268411e+02 5.690715444601455175e+01 1.691992201810854795e+02
2.549967812843460422e+02 5.679347882974825978e+01 1.698713037106819570e+02
2.549954990317684747e+02 5.903210865127963558e+01 1.708641335636154395e+02
2.549966504422463061e+02 5.956489768147799424e+01 1.705520228188621843e+02
2.549940859370911141e+02 6.001716648348772765e+01 1.707744543884440134e+02
2.549930915371329831e+02 6.003530119851363622e+01 1.709642277699272483e+02
2.549996859789605992e+02 5.979881718741822283e+01 1.707967760506620607e+02
2.549981682106034384e+02 6.018550792903124602e+01 1.705965353011985144e+02
2.549977233474642730e+02 6.043667242371905246e+01 1.705577537028314339e+02
2.549980635369236381e+02 6.010833725859632892e+01 1.707867535458209147e+02
2.549978541895640376e+02 6.018330978175537638e+01 1.705192076202438898e+02
2.549981158737635383e+02 6.041887789815250898e+01 1.708516773957188377e+02
2.549962317475270765e+02 5.798060920081645264e+01 1.695651070288375877e+02
2.549978018527241375e+02 6.032077249175694789e+01 1.705524153451614495e+02
2.549957083791280752e+02 6.027199455696865016e+01 1.705043962945517251e+02
2.549957607159679753e+02 5.809240069084628999e+01 1.689900036635787899e+02
2.549973046527450720e+02 5.836295598471764379e+01 1.694098497932694727e+02
2.549974093264248722e+02 5.842984246611189292e+01 1.695954885644004833e+02
2.549968597896059066e+02 5.795938661223635080e+01 1.693510755220599719e+02
2.549960224001674760e+02 5.681752760768304711e+01 1.682899984298948084e+02
2.549987177474224040e+02 5.664159732035379591e+01 1.681820013607578232e+02
2.549971476422253716e+02 5.658643429109750400e+01 1.681245616789658186e+02
2.549973831580049080e+02 5.623446904275920133e+01 1.682130632752394490e+02
2.549970168001256070e+02 5.829065264039357430e+01 1.686872612131679432e+02
2.549957868843879112e+02 5.819351546553619414e+01 1.685876642068351998e+02
2.549969121264458067e+02 5.864256555189197684e+01 1.691414664782540456e+02
2.549981682106034384e+02 5.889603286753546030e+01 1.692879049562987461e+02
2.549978018527241375e+02 5.892324802428429109e+01 1.689121002773852638e+02
2.549982205474433385e+02 5.886363636363636687e+01 1.692702151044119887e+02
2.549979326948238736e+02 5.908839692259381593e+01 1.698997749515884266e+02
2.549976971790443372e+02 5.883670905950698682e+01 1.691519600146543212e+02
2.549971476422253716e+02 5.881336682891087264e+01 1.694603548437745246e+02
2.549966504422463061e+02 5.908483801748050723e+01 1.694225414769456108e+02
2.549974616632647724e+02 5.931085466059559508e+01 1.699211545506882430e+02
2.549976448422044371e+02 5.936120270058093951e+01 1.697639085152038660e+02
2.549966766106662419e+02 5.938095985764379492e+01 1.696335112785889976e+02
2.549983252211231388e+02 5.959488669074161038e+01 1.695899146909509625e+02
2.549962317475270765e+02 5.950266917883498508e+01 1.700269273041293729e+02
2.549965196001465415e+02 5.904935364002721343e+01 1.701687601402627195e+02
2.549972784843251077e+02 5.928042078819280647e+01 1.699625006542104870e+02
2.549968859580258425e+02 5.946059035955408945e+01 1.702417962003454193e+02
2.549977495158842373e+02 5.937606636311299724e+01 1.699875700005233625e+02
2.549992672842413697e+02 5.917129847699796130e+01 1.697073585596901637e+02
2.549981943790234027e+02 5.887174857382111526e+01 1.692961741770031949e+02
2.549978803579839735e+02 5.888365520489873006e+01 1.696542890040299483e+02
2.549983775579630390e+02 5.881585282880620014e+01 1.692570785575966852e+02
2.549972261474852075e+02 5.847859423248024058e+01 1.695651855340974521e+02
2.549981943790234027e+02 5.873857748469147566e+01 1.693960066991155031e+02
2.549997383158004993e+02 5.900779818914534047e+01 1.693978384885120647e+02
2.549980112000837380e+02 5.904171246140158047e+01 1.696831789396556189e+02
2.549982205474433385e+02 5.883731093316585259e+01 1.698232323232323324e+02
2.549965981054064059e+02 5.875103365258805610e+01 1.696061391113204593e+02
2.549962317475270765e+02 5.915886847752132383e+01 1.694687549065787380e+02
2.549962840843669767e+02 5.937761029989009387e+01 1.698000732715758545e+02
2.549971214738054073e+02 5.931705657612393168e+01 1.697202072538860023e+02
2.549974616632647724e+02 5.928193855654995303e+01 1.697216203485633628e+02
2.549978541895640376e+02 5.891709844559585463e+01 1.697012613178416416e+02
2.549974354948448081e+02 5.903621709321190991e+01 1.696975977390485184e+02
2.549969906317056711e+02 5.928997226147485122e+01 1.700748678494792614e+02
2.549971476422253716e+02 5.963644214162349044e+01 1.697451980949390418e+02
2.549977756843041732e+02 5.955937614486837361e+01 1.700615219553043289e+02
2.549963625896268411e+02 5.946844088553933005e+01 1.698086303448997683e+02
2.549968859580258425e+02 5.953689747213063299e+01 1.697004239284032110e+02
2.549958392212278113e+02 5.949199246349505188e+01 1.693847019416967612e+02
2.549973831580049080e+02 5.958504736484010778e+01 1.694748521484272885e+02
2.549978803579839735e+02 5.950612341026848640e+01 1.692749515884230789e+02
2.549978280211440733e+02 5.963052807871460459e+01 1.693920814361228793e+02
2.549980112000837380e+02 5.927500392526299322e+01 1.693176584497828117e+02
2.549979588632438379e+02 5.929900036635788041e+01 1.687045062019155353e+02
2.549975140001046725e+02 5.955283403988067192e+01 1.689408593709111983e+02
2.549978018527241375e+02 5.951151410477835668e+01 1.690651331972575520e+02
2.549977233474642730e+02 5.989687025697388378e+01 1.691917098445595968e+02
2.549980635369236381e+02 6.007023603914795729e+01 1.690297534934840655e+02
2.549982205474433385e+02 6.035039514314125597e+01 1.691822892133772882e+02
2.549985869053226679e+02 6.036201392159941292e+01 1.690356675563929514e+02
2.549995028000209345e+02 6.056879677605066092e+01 1.690859370911184385e+02
2.549979326948238736e+02 6.035398021667451474e+01 1.688887580467891212e+02
2.549985345684827678e+02 5.802446747265400262e+01 1.675344899774951557e+02
2.549991887789815337e+02 5.777220390432825781e+01 1.674525304862092412e+02
2.549989532632019689e+02 5.785821950070654651e+01 1.671593918459203394e+02
2.549978280211440733e+02 5.794036217093211860e+01 1.671374627100015573e+02
2.549973046527450720e+02 5.791377505626210365e+01 1.674291359187732269e+02
2.549988224211022043e+02 5.807633328099649361e+01 1.668026639451509823e+02
2.549981943790234027e+02 5.799196629507510181e+01 1.671459412780656351e+02
2.549976710106243729e+02 5.764693567802375895e+01 1.668702308054639616e+02
2.549974616632647724e+02 5.745724080180038840e+01 1.670612341026848924e+02
2.549985607369027036e+02 5.697660543256397858e+01 1.669163395614172885e+02
2.549987962526822685e+02 5.657473700737949684e+01 1.664308368660700239e+02
2.549986130737426038e+02 5.651978332548280548e+01 1.662643533783430030e+02
2.549989532632019689e+02 5.651988799916261286e+01 1.663498456063222761e+02
2.549987962526822685e+02 5.626796462029622603e+01 1.668021405767519809e+02
2.549970691369655071e+02 5.877039828335165339e+01 1.673065107028837701e+02
2.549975140001046725e+02 5.892853404511435400e+01 1.674899513267388897e+02
2.549988485895221686e+02 5.913788140472077970e+01 1.674991102737216693e+02
2.549987962526822685e+02 5.945054168629297919e+01 1.677086146438477954e+02
2.549991887789815337e+02 5.942594337153922623e+01 1.674727325064112620e+02
2.549982990527032030e+02 5.966520123514942497e+01 1.675612079342649281e+02
2.549990841053017334e+02 6.000779818914534047e+01 1.676258177631234503e+02
2.549992411158214338e+02 5.995690061234102330e+01 1.677308578008059783e+02
2.549989009263620687e+02 5.971246140158056903e+01 1.675256188831318411e+02
2.549980373685037023e+02 5.979240592453027858e+01 1.672392578636101916e+02
2.549984037263830032e+02 6.019916784424556511e+01 1.674729418537708625e+02
2.549987962526822685e+02 6.014751138326268176e+01 1.674969644632857069e+02
2.549974878316847366e+02 5.989066834144554008e+01 1.674144030983409266e+02
2.549976186737844728e+02 5.984628670120898164e+01 1.671332757628094328e+02
2.549960224001674760e+02 6.007897629141152152e+01 1.670414769456220370e+02
2.549971738106453074e+02 5.992131156120793634e+01 1.670902287119903633e+02
2.549977756843041732e+02 5.962359344742764478e+01 1.672629664520856352e+02
2.549980897053436024e+02 5.966329094049301318e+01 1.671420421834929471e+02
2.549978803579839735e+02 5.982027529177788239e+01 1.674586800648976919e+02
2.549953681896687101e+02 5.964853195164076283e+01 1.674070497723347444e+02
2.549953681896687101e+02 5.979217040875072087e+01 1.669189825718323164e+02
2.549967551159261063e+02 5.965494321452870707e+01 1.673520960904380672e+02
2.549963625896268411e+02 5.984576333280996607e+01 1.677685926623750561e+02
2.549969382948657426e+02 5.968414717119379986e+01 1.679604333490343890e+02
2.549978018527241375e+02 5.979714240854136875e+01 1.682000052336839815e+02
2.549966242738263418e+02 6.005032187156539436e+01 1.682724917569477157e+02
2.549983775579630390e+02 6.000157010519704670e+01 1.679063693934160142e+02
2.549982205474433385e+02 6.018985188674307807e+01 1.681756686031297363e+02
2.549968336211859423e+02 6.047812320092112515e+01 1.683826084681006989e+02
2.549963364212068768e+02 6.075694771549693485e+01 1.678969749306536983e+02
2.549972784843251077e+02 6.064565342544617010e+01 1.677879049562987461e+02
2.549980635369236381e+02 6.063461035222693596e+01 1.684281938556549960e+02
2.549959700633275759e+02 6.077492542000314302e+01 1.681061391113204593e+02
2.549956037054482749e+02 5.870754173862982128e+01 1.673826346365206348e+02
2.549968597896059066e+02 5.864915999371957867e+01 1.672389438425707908e+02
2.549976971790443372e+02 5.843962945517349539e+01 1.670169047992882270e+02
2.549972523159051718e+02 5.824177003192546920e+01 1.668691317318260303e+02
2.549976710106243729e+02 5.798610456900612320e+01 1.665556078923954431e+02
2.549972261474852075e+02 5.800316637881405057e+01 1.669434762129062619e+02
2.549963102527869410e+02 5.845975297011566596e+01 1.667461139896373084e+02
2.549970953053854714e+02 5.855445648191761876e+01 1.669538650756267373e+02
2.549975401685246368e+02 5.892060501386926319e+01 1.670389386088868093e+02
2.549978280211440733e+02 5.886575600565237920e+01 1.667537289998429912e+02
2.549974878316847366e+02 5.899057936881771269e+01 1.671228345632490573e+02
2.549983775579630390e+02 5.920440152823572788e+01 1.674773119799026517e+02
2.549979326948238736e+02 5.930457423980740117e+01 1.673511801957397722e+02
2.549977233474642730e+02 5.938459726801695382e+01 1.674770764641230869e+02
2.549980373685037023e+02 5.964274873083163442e+01 1.671825770659967532e+02
2.549970953053854714e+02 5.950319254723400064e+01 1.667831946407075918e+02
2.549951850107290454e+02 5.973114565342544324e+01 1.670520228188621843e+02
2.549987177474224040e+02 5.948683728476474641e+01 1.670496153242267212e+02
2.549989794316219047e+02 5.956398178677971345e+01 1.669954466949285461e+02
2.549973569895849721e+02 5.981430889202909640e+01 1.673857225100748281e+02
2.549976448422044371e+02 5.976731040979745302e+01 1.670837912806824761e+02
2.549976971790443372e+02 5.963565708902496709e+01 1.669708222117548644e+02
2.549980635369236381e+02 5.970625948605223243e+01 1.668726121316794888e+02
2.549981682106034384e+02 5.969542576019259883e+01 1.663691317318260303e+02
2.549985345684827678e+02 5.974101114774689592e+01 1.667302035903072124e+02
2.549987962526822685e+02 5.952132726225990211e+01 1.667145025383367454e+02
2.549976971790443372e+02 5.957696132307530945e+01 1.664594127806562938e+02
2.549974354948448081e+02 5.975221123148584468e+01 1.668050452713665095e+02
2.549974616632647724e+02 5.979049562987386679e+01 1.668697859423247962e+02
2.549978803579839735e+02 5.967566860312974342e+01 1.668356099858690413e+02
2.549979326948238736e+02 5.946155859109227038e+01 1.664214424033076796e+02
2.549985607369027036e+02 5.917815460302507091e+01 1.665065421049876875e+02
2.549956822107081109e+02 5.947890825351965560e+01 1.665994138273931071e+02
2.549961270738472763e+02 5.929829381901920726e+01 1.671315224786727356e+02
2.549965196001465415e+02 5.957782488093369011e+01 1.671783639503846643e+02
2.549964934317266056e+02 5.972776992725179213e+01 1.675107813890197406e+02
2.549968859580258425e+02 5.990650023551577874e+01 1.672565551891976838e+02
2.549967289475061420e+02 5.982273512325325981e+01 1.668904328256659824e+02
2.549971738106453074e+02 5.973282043230229732e+01 1.668995394358088618e+02
2.549968336211859423e+02 5.979070497723347444e+01 1.670209347359606511e+02
2.549966242738263418e+02 5.987761029989009387e+01 1.666751714031506708e+02
2.549971476422253716e+02 6.002014968336212064e+01 1.671421468571727758e+02
2.549966242738263418e+02 6.040409274088030855e+01 1.669184330350133507e+02
2.549968336211859423e+02 6.038881038362903553e+01 1.670160935782697322e+02
2.549974878316847366e+02 6.011710367927984322e+01 1.674611660647930194e+02
2.549976186737844728e+02 6.067192651907677714e+01 1.673746009315957508e+02
2.549977233474642730e+02 6.067381064531323887e+01 1.673616475637201120e+02
2.549971999790652717e+02 6.050418694719213164e+01 1.670113309258387062e+02
2.549974354948448081e+02 6.035275030093682602e+01 1.669824933270529073e+02
2.549975401685246368e+02 6.074564295807819292e+01 1.670357198932328515e+02
2.549974354948448081e+02 6.072264091694143673e+01 1.671185691107970968e+02
2.549956822107081109e+02 6.057505102841890476e+01 1.669380331815565057e+02
2.549945046318103437e+02 6.057227717590411942e+01 1.666109802690113497e+02
2.549947139791699442e+02 5.813387763646831274e+01 1.657681216308159264e+02
2.549955252001884105e+02 5.809292405924530556e+01 1.652602187679907786e+02
2.549958130528078755e+02 5.807172763908515378e+01 1.651440309834092091e+02
2.549967551159261063e+02 6.042963311875229238e+01 1.662198670644266372e+02
2.549966504422463061e+02 6.086429057413513277e+01 1.662417962003454193e+02
2.549965719369864416e+02 6.085084000628042133e+01 1.664836185691108028e+02
2.549987177474224040e+02 6.087525514209452382e+01 1.661751190663107707e+02
2.549965196001465415e+02 6.123028209556706969e+01 1.664298948029517931e+02
2.549963102527869410e+02 5.916732087716543731e+01 1.652114146647825521e+02
2.549953943580886460e+02 5.925917203119275456e+01 1.650219553043387180e+02
2.549953158528288100e+02 5.921201653844141077e+01 1.653255874810278954e+02
2.549968074527660065e+02 5.913338043648924724e+01 1.649767362746637218e+02
2.549973831580049080e+02 5.918584811849060401e+01 1.654790652640393489e+02
2.549979326948238736e+02 5.939796933061181505e+01 1.645683519129115098e+02
2.549972784843251077e+02 5.932079866017689795e+01 1.648456063222902515e+02
2.549968336211859423e+02 5.941246663526456473e+01 1.650474171769508587e+02
2.549970953053854714e+02 5.974511958967917735e+01 1.653741037316166853e+02
2.549958653896477756e+02 5.999361490553200582e+01 1.654258910346993332e+02
2.549967812843460422e+02 5.977094782017061902e+01 1.646575600565237778e+02
2.549975401685246368e+02 5.947056052755534949e+01 1.647504056105092332e+02
2.549991364421416336e+02 5.926710106243785248e+01 1.646919976971790334e+02
2.549985607369027036e+02 5.930842099754016772e+01 1.650348039985345565e+02
2.549993457895012341e+02 5.954464332443607333e+01 1.650273983356885026e+02
2.549992934526613340e+02 5.942816768723504595e+01 1.650802062071492173e+02
2.549975663369445726e+02 5.932032762861778252e+01 1.650527031977809145e+02
2.549963102527869410e+02 5.937067566860312695e+01 1.653973151201130349e+02
2.549957345475480111e+02 5.938679541529282346e+01 1.655110169047992770e+02
2.549962840843669767e+02 5.930685089234312102e+01 1.648859056890144927e+02
2.549959177264876757e+02 5.926770293609671825e+01 1.652484429790129354e+02
2.549958653896477756e+02 5.923616999005599837e+01 1.651924948971580989e+02
2.549960747370073761e+02 5.934895588004395961e+01 1.654744334537080590e+02
