2.547423206432105474e+02 7.180949354040681953e+01 1.849663791918636662e+02
2.547403106102254071e+02 7.038010239142386126e+01 1.866359091533809647e+02
2.547471825178669462e+02 7.971249656404617667e+01 1.903873178944475058e+02
2.547483335623969083e+02 1.035904514843320499e+02 1.978039272952171643e+02
2.547299168499175437e+02 1.045346000549752574e+02 1.975970141561297453e+02
2.547163448323254613e+02 1.024814973886750948e+02 1.960713647608576196e+02
2.547185438427707425e+02 1.001248797416162688e+02 1.950144310060472890e+02
2.547205882352941160e+02 1.036843217427157811e+02 1.962446570918086763e+02
2.547245395821880152e+02 1.032870739417262200e+02 1.965218354865310744e+02
2.547267729521715296e+02 1.032123075865860358e+02 1.963738317757009213e+02
2.547260170423309376e+02 1.037605140186915946e+02 1.966206535184167024e+02
2.547327343320505690e+02 1.078075006871907675e+02 1.979253195437053421e+02
2.547325109950522233e+02 1.081878951346893842e+02 1.982181315283122558e+02
2.547360672072567240e+02 1.092420973062122016e+02 1.988226876030786059e+02
2.547372010720175979e+02 1.102558411214953225e+02 1.988238730071467728e+02
2.547399326553051253e+02 1.108922828477185334e+02 1.991346722100055047e+02
2.547375962067069679e+02 1.119737493128092325e+02 2.001182311709730755e+02
2.547440386201209321e+02 1.128289582188015459e+02 2.000561263056624455e+02
2.547340056349642623e+02 1.131332291094007729e+02 2.000019584936778472e+02
2.547324938152831351e+02 1.135902453271028065e+02 2.006793911489829441e+02
2.547343320505772510e+02 1.143169323804288098e+02 2.005689080538757594e+02
2.547322876580538775e+02 1.155263709455744845e+02 2.006761269928532272e+02
2.547415131940626623e+02 1.161594797965915404e+02 2.006369399395272239e+02
2.547390393073117139e+02 1.167235259758108867e+02 2.009755188290269245e+02
2.547375274876305582e+02 1.135912417537108325e+02 2.002237836723474516e+02
2.547329404892798266e+02 1.141704920285871339e+02 1.997709077789994581e+02
2.547364279824079176e+02 1.143672519241341377e+02 2.001026491203958244e+02
2.547419942275975870e+02 1.149933514293567924e+02 2.005328133589884487e+02
2.547328889499725051e+02 1.153453305387575654e+02 2.006470072842220986e+02
2.547320643210555318e+02 1.157735191039032401e+02 2.005304940901594364e+02
2.547312225123694418e+02 1.125421247938427740e+02 1.998634208356239697e+02
2.547289376030786059e+02 1.130607992028587176e+02 1.998032401044529820e+02
2.547218595382078092e+02 1.132954576690489290e+02 2.000665887850467186e+02
2.547309648158328628e+02 1.131421969488730070e+02 1.998516526937877984e+02
2.547228559648158353e+02 1.126900426058273723e+02 1.997252439527212857e+02
2.547211036283672456e+02 1.130375206157229258e+02 1.998790887850467186e+02
2.547064664650906991e+02 1.131951106377130287e+02 2.000480518141836228e+02
2.547060369708631242e+02 1.138080676195711902e+02 1.999476360637713128e+02
2.547147299340296911e+02 1.145811915887850461e+02 2.006570746289169733e+02
2.547099539582187901e+02 1.151667983782297995e+02 2.003315351841671372e+02
2.547245911214953367e+02 1.156581397746014233e+02 2.006124931280923533e+02
2.547152796866410256e+02 1.123345931830676250e+02 1.991951621770203360e+02
2.547085623969213941e+02 1.127850123694337583e+02 1.985948838647608454e+02
2.547087857339197399e+02 1.132703752061572260e+02 1.987361015667949289e+02
2.547110019241341377e+02 1.137656335898845583e+02 1.987642763881253529e+02
2.546979796591533898e+02 1.144583562396921366e+02 1.988182036833424888e+02
2.547026697361187360e+02 1.148574422759758136e+02 1.985553360362836770e+02
2.547086998350742135e+02 1.153116410115448076e+02 1.985143622869708508e+02
2.547006081638262742e+02 1.156960039857064260e+02 1.983586792193513020e+02
2.547021028037383132e+02 1.159307139912039588e+02 1.980867406542056131e+02
2.546931349642660791e+02 1.126609572567344628e+02 1.966220794392523317e+02
2.546937190764156185e+02 1.131426779824079176e+02 1.970463853765805311e+02
2.546976017042331080e+02 1.136270787520615784e+02 1.969910149807586492e+02
2.546967598955470180e+02 1.140262678669598699e+02 1.971479865310610364e+02
2.546871907641561279e+02 1.146712135788894926e+02 1.973421694612424346e+02
2.546922931555799892e+02 1.147477838097856022e+02 1.973920079714128519e+02
2.546829130016492684e+02 1.151417846344145204e+02 1.969682517866959870e+02
2.546917434029686547e+02 1.152771096756459599e+02 1.965972374931280910e+02
2.547036146234194689e+02 1.150234332050577279e+02 1.964049443375481019e+02
2.546872766630016542e+02 1.115341190214403468e+02 1.952272024463991329e+02
2.546940970313359003e+02 1.114985397196261658e+02 1.950072842221000542e+02
2.546991478834524401e+02 1.114928532160527794e+02 1.948477185266630158e+02
2.547016217702034169e+02 1.116683445574491458e+02 1.952716121495327002e+02
2.547035974436503523e+02 1.116397746014293517e+02 1.954058033260033085e+02
2.546896131115997832e+02 1.119238077240241864e+02 1.950588235294117680e+02
2.546948014018691708e+02 1.124444921660252845e+02 1.951047450522264910e+02
2.547032194887300705e+02 1.127435919461242406e+02 1.951016011544804769e+02
2.547070505772402385e+02 1.128363283397471122e+02 1.952675920835623913e+02
2.547025838372732380e+02 1.132579370533260033e+02 1.952358610500274949e+02
2.547085452171522775e+02 1.133025700934579447e+02 1.950193272402418927e+02
2.547059167124793930e+02 1.137732098680593680e+02 1.947584524463991329e+02
2.546996289169873648e+02 1.137267385926333105e+02 1.949583047003848151e+02
2.546942344694887197e+02 1.144485122319956076e+02 1.951801642385926243e+02
2.546801470588235361e+02 1.148020031610775220e+02 1.950788036008796098e+02
2.546804391148982916e+02 1.150529995876855480e+02 1.952329748488180314e+02
2.546791334524463934e+02 1.153400563496426656e+02 1.953850329851566698e+02
2.546767282847718548e+02 1.156363214678394655e+02 1.954770478284771968e+02
2.546741513194062634e+02 1.126003642111050027e+02 1.943998763056624455e+02
2.546723646234194689e+02 1.129014740241891133e+02 1.943931246564046091e+02
2.546739967014843273e+02 1.130927192138537691e+02 1.945449250962066969e+02
2.546792365310610364e+02 1.134494571192963122e+02 1.948266217702034169e+02
2.546826724848818060e+02 1.134340468664101138e+02 1.945393416712479393e+02
2.546872766630016542e+02 1.131758864760857648e+02 1.942465640461792304e+02
2.546697876580538775e+02 1.135286386750962038e+02 1.943008692963166482e+02
2.546800783397471264e+02 1.138014877680043924e+02 1.944445608851017084e+02
2.546829989004947663e+02 1.139845210280373777e+02 1.944570505772402385e+02
2.546865035733919740e+02 1.143561881528312227e+02 1.950109778724574028e+02
2.546883246289169733e+02 1.148540063221550298e+02 1.947383005772402385e+02
2.546861256184716922e+02 1.149705882352941160e+02 1.947712857339197399e+02
2.546777075316107641e+02 1.153694509345794330e+02 1.942242818856514646e+02
2.546935644584936824e+02 1.153973852391423804e+02 1.945301848543155643e+02
2.546831878779549072e+02 1.157935335349092867e+02 1.945927363936228573e+02
2.546829645409565615e+02 1.161801470588235361e+02 1.942666300164925701e+02
2.546766252061572402e+02 1.128821467839472206e+02 1.934795045354590570e+02
2.546783603628367132e+02 1.130110122319956076e+02 1.935311812809235903e+02
2.546856274051676792e+02 1.133080160802638829e+02 1.933874553326003252e+02
2.546742028587135849e+02 1.134676676745464476e+02 1.931948873007146688e+02
2.546781026663001626e+02 1.134798309510720173e+02 1.927850467289719631e+02
2.546845794392523317e+02 1.138375824628917030e+02 1.930039513468938992e+02
2.546798721825178689e+02 1.139670148433205128e+02 1.931575041231445766e+02
2.546788757559098428e+02 1.140656782572842189e+02 1.926024429631665669e+02
2.546786524189114971e+02 1.145070780648708109e+02 1.926507868334249451e+02
2.546798034634414591e+02 1.147049031061022504e+02 1.928303326003298537e+02
2.546726566794942244e+02 1.150336895272127578e+02 1.926508040131940618e+02
2.546749931280923533e+02 1.144065420560747697e+02 1.921753539032435469e+02
2.546668670973062092e+02 1.142475948323254471e+02 1.917247800989554776e+02
2.546783088235294201e+02 1.143596412864211089e+02 1.917906473336998374e+02
2.546761785321605203e+02 1.143546935129191837e+02 1.919989176745464476e+02
2.546609057174271697e+02 1.144148742440901572e+02 1.917424409015942786e+02
2.546695127817482103e+02 1.145955882352941160e+02 1.920239829576690624e+02
2.546720382078064802e+02 1.147081672622319957e+02 1.918484744365035795e+02
2.546790475536008671e+02 1.149853971962616868e+02 1.917714575316107641e+02
2.546777934304562905e+02 1.151638434579439263e+02 1.916780339472237529e+02
2.546752680043980206e+02 1.153478387850467328e+02 1.915492028587135849e+02
2.546864176745464476e+02 1.155196880153930721e+02 1.917492097306212315e+02
2.546917262231995664e+02 1.155982854590434243e+02 1.917781232820231025e+02
2.546852150907091925e+02 1.159606926882902656e+02 1.918061950247388552e+02
2.546842358438702547e+02 1.163983301264430992e+02 1.914188599505222612e+02
2.546878779549202818e+02 1.165938702583837312e+02 1.915811400494777388e+02
2.546734469488730213e+02 1.134780957943925301e+02 1.904608301264431134e+02
2.546856617647058840e+02 1.134701072017592054e+02 1.900238798790544195e+02
2.546825694062671914e+02 1.136564217976910385e+02 1.898631115997800975e+02
2.546750446673996748e+02 1.136624690764156185e+02 1.899826140736668378e+02
2.546766767454645333e+02 1.138562740516767491e+02 1.901873282023089473e+02
2.546844763606377171e+02 1.138462238867509626e+02 1.898938118471687631e+02
2.546781198460692792e+02 1.137895821880153875e+02 1.894386854040681669e+02
2.546775185541506232e+02 1.131745636338647643e+02 1.891427295217152391e+02
2.546764877680043924e+02 1.129353697086311143e+02 1.886798721825178689e+02
2.546667983782297995e+02 1.122074800714678418e+02 1.884087067069818602e+02
2.546680181418361713e+02 1.117379913413963664e+02 1.883638331500824563e+02
2.546764705882353041e+02 1.119212994777350190e+02 1.885067688290269245e+02
2.546773639362286872e+02 1.121926539307311685e+02 1.886520065970313453e+02
2.546663517042331080e+02 1.125527075316107783e+02 1.889889877680043924e+02
2.546529514843320499e+02 1.130227631940626765e+02 1.890587204507971535e+02
2.546683445574491600e+02 1.135113042880703631e+02 1.891926539307311828e+02
2.546692379054425430e+02 1.136728284771852628e+02 1.893195265255635036e+02
2.546715056349642623e+02 1.139705538757559111e+02 1.892098680593732922e+02
2.546818650357339209e+02 1.140363867509620661e+02 1.892814905167674624e+02
2.546641870533260033e+02 1.144830263881253387e+02 1.891677260857614158e+02
2.546715399945024672e+02 1.147498282023089615e+02 1.894519997251236987e+02
2.546733095107201734e+02 1.148129294942276033e+02 1.896501168224299079e+02
2.546702515118196857e+02 1.151905236393622829e+02 1.895762266355140184e+02
2.546820883727322666e+02 1.154415887850467328e+02 1.896549271577789852e+02
2.546819509345794472e+02 1.153084283947223696e+02 1.901515771028037420e+02
2.546851635514018710e+02 1.154886957119296369e+02 1.896776388125343544e+02
2.546753195437053421e+02 1.155031095382078092e+02 1.896432792743265452e+02
2.546694440626718006e+02 1.155999862561847209e+02 1.899274498350742135e+02
2.546689114898295827e+02 1.156605621220450786e+02 1.897702034084661875e+02
2.546866925508521149e+02 1.149518451072017626e+02 1.894078992578339751e+02
2.546684304562946579e+02 1.142133555525013691e+02 1.888047347443650494e+02
2.546703889499725051e+02 1.132412898570643165e+02 1.883683514293567782e+02
2.546800268004398049e+02 1.125766217702034027e+02 1.884801745464540943e+02
2.546730002748763013e+02 1.126622629191863609e+02 1.886033363111599783e+02
2.546806452721275491e+02 1.124338235294117680e+02 1.887331638262781723e+02
2.546880497526113345e+02 1.126526422484881778e+02 1.888592633315008129e+02
2.546784462616822395e+02 1.128317585211654688e+02 1.892530408191313995e+02
2.546917777625068595e+02 1.129302329576690482e+02 1.894593011269928411e+02
2.546921213578889365e+02 1.131331432105552466e+02 1.895118884002199025e+02
2.546919667399670288e+02 1.133226017042330938e+02 1.893873522539857106e+02
2.546787211379879068e+02 1.134435816382627848e+02 1.896959868059373377e+02
2.546837719901044466e+02 1.135775494777350190e+02 1.897281129741616326e+02
2.546855586860912695e+02 1.137121873282023046e+02 1.897237493128092467e+02
2.546762987905442515e+02 1.136371632765255697e+02 1.897643794667399675e+02
2.546915200659703089e+02 1.138552776250687231e+02 1.900086929631665669e+02
2.546831363386476141e+02 1.139752954920285930e+02 1.899255772402418927e+02
2.546918980208905907e+02 1.141671419736118764e+02 1.903604487355689798e+02
2.546775872732270614e+02 1.143460005497526168e+02 1.901967598955470180e+02
2.546923103353491058e+02 1.145529995876855480e+02 1.896428669598680585e+02
2.546798034634414591e+02 1.146802673172072531e+02 1.902476120120945495e+02
2.546837719901044466e+02 1.150051367509620661e+02 1.901284703133589744e+02
2.546869158878504606e+02 1.154725810885101680e+02 1.902603937603078634e+02
2.546735500274876358e+02 1.153707737768004336e+02 1.903398845519516271e+02
2.546926195711929495e+02 1.151656645134689398e+02 1.902114314183617410e+02
2.546880153930731296e+02 1.151585520890599241e+02 1.898852219626168107e+02
2.546909531335898862e+02 1.151599092908191295e+02 1.895734950522264910e+02
2.546869674271577821e+02 1.151219420010995123e+02 1.898898261407366590e+02
2.546892866959867945e+02 1.153544701759208380e+02 1.897120155305112803e+02
2.546933583012644249e+02 1.153837616822429908e+02 1.895924099780098970e+02
2.546829473611874732e+02 1.153444887300714612e+02 1.894907057449147771e+02
2.546730002748763013e+02 1.154370876855415133e+02 1.900294976635514104e+02
2.546966224573941702e+02 1.158313977460142894e+02 1.898158672347443598e+02
2.546924134139637204e+02 1.158330985431555860e+02 1.898728697086311286e+02
2.546938049752611448e+02 1.157664582188015459e+02 1.903143554150632326e+02
2.546817275975811015e+02 1.159161799065420553e+02 1.899042399670148313e+02
2.546906782572842189e+02 1.159826999725123642e+02 1.902809235843870397e+02
2.546884964266080260e+02 1.162785699560197941e+02 1.902324079164376087e+02
2.546828786421110635e+02 1.164747457394172585e+02 1.902311881528312369e+02
2.546896302913688714e+02 1.163440935953820770e+02 1.902604968389224780e+02
2.546898364485981290e+02 1.163969042056074699e+02 1.899442688290269245e+02
2.546797347443650494e+02 1.166500652831226006e+02 1.901469901044529820e+02
2.546805937328202276e+02 1.168428910115448076e+02 1.906714197361187360e+02
2.546822429906542027e+02 1.171458390599230341e+02 1.904203545904343002e+02
2.546851463716327544e+02 1.171378848268279285e+02 1.906815214403518439e+02
2.546751992853216109e+02 1.172967805112699295e+02 1.909935404068169191e+02
2.546763846893897778e+02 1.142003848268279285e+02 1.893322739142385842e+02
2.546707669048927869e+02 1.136663345244639913e+02 1.892585211654755426e+02
2.546805421935129061e+02 1.122827789994502439e+02 1.887599470863111719e+02
2.546619193238042840e+02 1.098041334524463934e+02 1.874510204782847609e+02
2.546762816107751632e+02 1.071666094007696586e+02 1.860276937877954992e+02
2.546634655030236445e+02 1.058121907641561279e+02 1.852937053326003252e+02
2.546705779274326460e+02 1.057253470313359003e+02 1.852976910390324292e+02
2.546531232820231025e+02 1.086789616547553550e+02 1.866606995601979122e+02
2.546715399945024672e+02 1.093006115997800975e+02 1.873123110225398591e+02
2.546631219076415675e+02 1.096486565420560737e+02 1.878115722924683837e+02
2.546703889499725051e+02 1.136391045904343002e+02 1.888404686641011665e+02
2.546721928257284162e+02 1.138165716052776304e+02 1.890640289994502439e+02
2.546835142935678959e+02 1.141494811709730612e+02 1.898071914513468812e+02
2.546749072292468270e+02 1.145919804837822937e+02 1.899984710005497561e+02
2.546863145959318331e+02 1.148389224848818060e+02 1.899302501374381507e+02
2.546866410115447934e+02 1.149595244639912011e+02 1.901348783672347338e+02
2.546893725948323208e+02 1.149435644584936824e+02 1.905477769378779556e+02
2.546825006871907533e+02 1.151542056074766407e+02 1.903070711929631784e+02
2.546704404892798266e+02 1.153184098405717464e+02 1.905288276525563447e+02
2.546674168499175437e+02 1.154740070093457973e+02 1.907401216327652662e+02
2.546783431830676250e+02 1.158048721825178689e+02 1.912003332875206070e+02
2.546807311709730755e+02 1.159310575865860358e+02 1.915117166025288498e+02
2.546809201484332164e+02 1.160287761132490374e+02 1.911949560197911069e+02
2.546746151731720715e+02 1.161561641011544737e+02 1.916170285871357919e+02
2.546836517317207154e+02 1.164311434854315621e+02 1.917507215503023588e+02
2.546813840021990245e+02 1.167305696811434785e+02 1.918988111599780098e+02
2.546867784496976412e+02 1.171519550577240238e+02 1.918074491478834602e+02
2.546995945574491600e+02 1.171034050302363880e+02 1.920857785871357919e+02
2.546956775700934656e+02 1.135114245464540943e+02 1.909325522264980748e+02
2.546794426882902656e+02 1.133518932105552466e+02 1.902044564321055589e+02
2.546768313633864693e+02 1.132841362012094493e+02 1.906074250962066969e+02
2.546715228147333789e+02 1.135105311984606971e+02 1.909579611050027381e+02
2.546800611599780098e+02 1.136600639087410656e+02 1.910103765805387468e+02
2.546793567894447392e+02 1.138113833150082428e+02 1.911383143210555318e+02
2.546898708081363338e+02 1.140339644035184108e+02 1.912148501924134223e+02
2.546883246289169733e+02 1.139595072842220986e+02 1.909664479109400759e+02
2.546885995052226406e+02 1.139526525563496477e+02 1.912567688290269245e+02
2.546855930456294743e+02 1.136191588785046775e+02 1.907302948048378255e+02
2.546773467564595990e+02 1.139254569818581615e+02 1.910656267179768975e+02
2.546675886476085680e+02 1.140382078064870797e+02 1.908830573117097344e+02
2.546676917262232109e+02 1.145225570368334189e+02 1.907458768554150765e+02
2.546855586860912695e+02 1.146588956844420011e+02 1.909378264156129603e+02
2.546881528312259491e+02 1.150400632215502981e+02 1.908366547553600867e+02
2.546877233369983458e+02 1.152244708631116055e+02 1.909234469488730213e+02
2.546902487630566156e+02 1.153086173721825247e+02 1.907877783122594906e+02
2.546933239417262200e+02 1.152293670973062092e+02 1.909333768554150765e+02
2.546922416162726677e+02 1.155354246838922450e+02 1.910288791918636662e+02
2.546855758658603577e+02 1.155096034909290807e+02 1.901171488455195231e+02
2.546846653380978580e+02 1.156149498350742135e+02 1.904687671797691166e+02
2.546881528312259491e+02 1.158160218526662959e+02 1.907959558823529278e+02
2.546937706157229115e+02 1.160000000000000000e+02 1.905441863661352500e+02
2.546942516492578363e+02 1.160809167124793788e+02 1.904224677020340835e+02
2.546823632490379339e+02 1.161803532160527794e+02 1.908581981858163772e+02
2.546930662451896694e+02 1.162741891148982916e+02 1.911735843870258407e+02
2.546862115173172185e+02 1.164131047278724509e+02 1.911049855689939534e+02
2.546796832050577279e+02 1.164403174821330396e+02 1.908151456844420011e+02
2.546770203408466102e+02 1.165235362836723425e+02 1.910833218801539317e+02
2.546813496426607912e+02 1.165316623144584867e+02 1.913107992028587034e+02
2.546858851017042298e+02 1.165567963166575112e+02 1.913157985156679501e+02
2.546870189664651036e+02 1.167643279274326602e+02 1.913450041231445766e+02
2.546886510445299621e+02 1.164978868884002168e+02 1.912066382627817518e+02
2.546801814183617410e+02 1.164420526388125410e+02 1.912507387300714754e+02
2.546807483507421637e+02 1.164768073117097344e+02 1.911363214678394797e+02
2.546918980208905907e+02 1.165377611324903739e+02 1.911213063496426514e+02
2.546889774601429224e+02 1.165290166300164856e+02 1.912906301539307208e+02
2.546950590984057214e+02 1.166688771302913636e+02 1.914202343320505690e+02
2.546809201484332164e+02 1.166124759483232509e+02 1.914052707531610906e+02
2.547017763881253529e+02 1.167485740791643707e+02 1.916194852941176521e+02
2.546976532435404010e+02 1.169683720450797182e+02 1.916838063496426514e+02
2.546956432105552608e+02 1.169839369158878526e+02 1.913380978559648042e+02
2.546884620670698212e+02 1.135596309785596532e+02 1.903138056624518981e+02
2.546842702034084596e+02 1.134662932930181398e+02 1.899885067344694960e+02
2.546834799340296911e+02 1.135312156404617951e+02 1.899855861737218277e+02
2.546821742715777930e+02 1.132325281748213257e+02 1.903270684442001084e+02
2.546914857064321041e+02 1.133058170698185876e+02 1.904928360362836770e+02
2.547027899945024672e+02 1.133226188840021962e+02 1.902446055525013833e+02
2.546945952446399133e+02 1.134115757284222070e+02 1.901747869708631242e+02
2.546875171797691166e+02 1.130097924683892217e+02 1.899448185816382590e+02
2.546905579989004877e+02 1.131765564870808163e+02 1.898498316382627706e+02
2.547036833424958786e+02 1.133388537658053821e+02 1.900088304013194147e+02
2.546941829301814266e+02 1.135834077789994438e+02 1.903231514568444140e+02
2.546929631665750549e+02 1.138062637438152791e+02 1.899621357888949831e+02
2.546836517317207154e+02 1.140418670973062092e+02 1.900687877954920282e+02
2.546946639637163230e+02 1.143103181693238071e+02 1.903841396371632868e+02
2.546825006871907533e+02 1.142990826003298537e+02 1.905476910390324292e+02
2.546906095382078092e+02 1.147066726223199566e+02 1.908137541231445766e+02
2.546807655305112803e+02 1.146284015942825789e+02 1.907176676745464476e+02
2.546863489554700379e+02 1.144991581913139100e+02 1.902346241066520065e+02
2.546880497526113345e+02 1.147982064321055589e+02 1.902366856789444682e+02
2.546893210555250278e+02 1.151998866135239155e+02 1.901055009620670830e+02
2.546968801539307208e+02 1.153345072842220986e+02 1.905650769653655914e+02
2.546836001924134223e+02 1.154706741341396423e+02 1.902080641836173811e+02
2.546839094282572944e+02 1.156188324628917030e+02 1.903272058823529278e+02
2.546871048653106016e+02 1.159759998625618493e+02 1.900114073666849777e+02
2.546903690214403468e+02 1.159365551126992813e+02 1.897486599780098970e+02
2.546894928532160520e+02 1.159503504672897236e+02 1.900033156954370668e+02
2.546812809235843815e+02 1.160582050577240238e+02 1.903037726772952283e+02
2.546793224299065344e+02 1.163727322704782807e+02 1.900009105277624997e+02
