2.549779993668882696e+02 7.724987563876452157e+01 1.729720752498530203e+02
2.549789942567720402e+02 7.709440148329036901e+01 1.749635734635734536e+02
2.549645909645909683e+02 5.071654682765793609e+01 1.585492018269796120e+02
2.549647944647944655e+02 5.073456790123456983e+01 1.579258128702573174e+02
2.549584859584859657e+02 5.502220413331524185e+01 1.597503052503052459e+02
2.549531949531949522e+02 5.550255505811061596e+01 1.593912404467959902e+02
2.549536245647356623e+02 5.257671957671957585e+01 1.564371636593858739e+02
2.549501424501424367e+02 5.238710260932483465e+01 1.554907746574413352e+02
2.549405101071767774e+02 5.228381495048162009e+01 1.547640754307421105e+02
2.549384524940080610e+02 5.244987111653778555e+01 1.547928594039705104e+02
2.549380454936010381e+02 5.265918238140460517e+01 1.551680233346899911e+02
2.549403970515081710e+02 5.263207163207162864e+01 1.548641749197304875e+02
2.549394926061592628e+02 5.276210826210826355e+01 1.551328630217519162e+02
2.549406457739790994e+02 5.294971283860172662e+01 1.551579161579161621e+02
2.549344051010717749e+02 5.317182200515534163e+01 1.550485461041016606e+02
2.549394247727581160e+02 5.322434766879211310e+01 1.544600687378465125e+02
2.549463890019445671e+02 5.333735811513589198e+01 1.541341292452403593e+02
2.549471803916248405e+02 5.352539230317007934e+01 1.543607154162709776e+02
2.549456428345317249e+02 5.366225749559082914e+01 1.546306019083796741e+02
2.549442861665083910e+02 5.364654275765386870e+01 1.537231266675711083e+02
2.549464568353457139e+02 5.386225297336408602e+01 1.539711481933704249e+02
2.549472708361597313e+02 5.404318726540948603e+01 1.538875322208655518e+02
2.549460272238050038e+02 5.405926378148600264e+01 1.537339800117577795e+02
2.549462081128747855e+02 5.421862705196038235e+01 1.535175010175010186e+02
2.549461402794736102e+02 5.441658752769863838e+01 1.535125265680821371e+02
2.549460046126712882e+02 5.466716411160855671e+01 1.537186948853615434e+02
2.549472256138922717e+02 5.254305159860715690e+01 1.525701623479401121e+02
2.549484918373807147e+02 5.249563605119161025e+01 1.527672862117306636e+02
2.549447610003165607e+02 5.270621353954687294e+01 1.527358341247230271e+02
2.549476778365667258e+02 5.260595577262243694e+01 1.522409442409442306e+02
2.549419346086012865e+02 5.228311400533623043e+01 1.519348347126124850e+02
2.549440374440374342e+02 5.244636639081083729e+01 1.519976258309591515e+02
2.549431782209559856e+02 5.217331433998100465e+01 1.518068556957445878e+02
2.549449418893863424e+02 5.227904400126622164e+01 1.520480486591597753e+02
2.549452358341247304e+02 5.236704653371320006e+01 1.523454076787410258e+02
2.549441052774386094e+02 5.262917740695518631e+01 1.519069325735992493e+02
2.549544611766833953e+02 5.241975308641975317e+01 1.522169764391986746e+02
2.549559761226427952e+02 5.264577397910731094e+01 1.524957038845927855e+02
2.549530818975263458e+02 5.261174422285533581e+01 1.527536516980961494e+02
2.549555691222358007e+02 5.258996970108081115e+01 1.526692217247772874e+02
2.549525618414507164e+02 5.230520508298285876e+01 1.520369465925021473e+02
2.549425224980780627e+02 5.228754578754578830e+01 1.520017410572966128e+02
2.549436756658978993e+02 5.229677113010446021e+01 1.521129200018089023e+02
2.549345859901415565e+02 5.236256952923619679e+01 1.518917831140053352e+02
2.549447383891828451e+02 5.246599285488174047e+01 1.518269117713562082e+02
2.549477230588341570e+02 5.250979062090173244e+01 1.520622258400036060e+02
2.549403518292407114e+02 5.268129607018495619e+01 1.520281508614841925e+02
2.549499389499389395e+02 5.214466603355491969e+01 1.520398860398860279e+02
2.549515895627006614e+02 5.205485461041016748e+01 1.518779224890336081e+02
2.549465020576131735e+02 5.234194817528150878e+01 1.517019626464070825e+02
2.549426355537466691e+02 5.244695428028761341e+01 1.517404920182698049e+02
2.549438791661013965e+02 5.253629086962420303e+01 1.515546284990729475e+02
2.549410075521186627e+02 5.226253787364898784e+01 1.509723465834576928e+02
2.549418893863338269e+02 5.234450323339212474e+01 1.511817256817256805e+02
2.549429973318862324e+02 5.250748428526206624e+01 1.515025098358431705e+02
2.549490797268574909e+02 5.260539049427938352e+01 1.519294532627866090e+02
2.549483561705783927e+02 5.255073938407272038e+01 1.517759010536788367e+02
2.549426581648803847e+02 5.220528648306426334e+01 1.515542441097996686e+02
2.549427712205489911e+02 5.233034866368199545e+01 1.508703703703703809e+02
2.549354452132230051e+02 5.223556279111834755e+01 1.508796861574639365e+02
2.549442409442409314e+02 5.226893682449237843e+01 1.506552028218694943e+02
2.549476100031655506e+02 5.204730249174693313e+01 1.505257088590421972e+02
2.549432460543571608e+02 5.246750780084113330e+01 1.507027314249536403e+02
2.549397413286302196e+02 5.265680821236377085e+01 1.505388911500022573e+02
2.549378193822638252e+02 5.263180029846696328e+01 1.511998824221046505e+02
2.549325962103739869e+02 5.294498711165378069e+01 1.508552887441776420e+02
2.549272373716818265e+02 5.290412879301768356e+01 1.504223533667978074e+02
2.549339528783973208e+02 5.264263103151991885e+01 1.504309455976122649e+02
2.549408040519151655e+02 5.222389544611766610e+01 1.500632885632885518e+02
2.549446931669153855e+02 5.201903857459412706e+01 1.502419843530954608e+02
2.549437661104327901e+02 5.220761542983765224e+01 1.499873603762492564e+02
2.549375706597928684e+02 5.212895129561795926e+01 1.498305747750192154e+02
2.549413693302582260e+02 5.193714104825215827e+01 1.496987744765522450e+02
2.549410075521186627e+02 5.174028851806629348e+01 1.492058291502735869e+02
2.549413693302582260e+02 5.191925564147786076e+01 1.498024239135350228e+02
2.549430425541536636e+02 5.213849319404874905e+01 1.501747840636729450e+02
2.549434495545606580e+02 5.225555103332881401e+01 1.499484240039795679e+02
2.549447836114502763e+02 5.232227648894315308e+01 1.499157735268846352e+02
2.549436078324967241e+02 5.225150364039252793e+01 1.495733957400624092e+02
2.549323474879030300e+02 5.202573147017591282e+01 1.495463754352643377e+02
2.549323474879030300e+02 5.202794736128069530e+01 1.495608691719802721e+02
2.549268982046759788e+02 5.215934065934065700e+01 1.496491204268982074e+02
2.549402161624383893e+02 5.247112558223669510e+01 1.498736263736263652e+02
2.549344051010717749e+02 5.269861619861620028e+01 1.499559309003753356e+02
2.549343824899380593e+02 5.282175643286754507e+01 1.498534798534798540e+02
2.549424320535431718e+02 5.286749875638764706e+01 1.499742006964229120e+02
2.549348573237462006e+02 5.310563921675032617e+01 1.499825442047664410e+02
2.549391308280197279e+02 5.307775968887079898e+01 1.500092705648261244e+02
2.549365983810428133e+02 5.313200379867046763e+01 1.495283091394202586e+02
2.549490118934563441e+02 5.306783340116673742e+01 1.496117442228553216e+02
2.549444444444444571e+02 5.314337719893275391e+01 1.493046624157735209e+02
2.549408492741825967e+02 5.318419029530140563e+01 1.493912178356622746e+02
2.549369827703160922e+02 5.325948537059647947e+01 1.496217383439605726e+02
2.549366209921765574e+02 5.332826843937954919e+01 1.496931443042554122e+02
2.549393795504906564e+02 5.343388504499615266e+01 1.496348528015194574e+02
2.549408266630488811e+02 5.353183647628092245e+01 1.499602722380500097e+02
2.549402387735721049e+02 5.336089630534075212e+01 1.495934970379414892e+02
2.549422059422059306e+02 5.331766381766382068e+01 1.493200153755709323e+02
2.549408944964500563e+02 5.316293582960249609e+01 1.496644055532944435e+02
2.549424094424094562e+02 5.320160086826753343e+01 1.489827024827024786e+02
2.549390856057522683e+02 5.312282367837923402e+01 1.489985754985754909e+02
2.549361009361009280e+02 5.282673088228644076e+01 1.487383213494324536e+02
2.549350382128159822e+02 5.290623162845385252e+01 1.489923574368018819e+02
2.549403970515081710e+02 5.291414552525663595e+01 1.489384751051417766e+02
2.549280061502283843e+02 5.288701216478994382e+01 1.489547551214217833e+02
2.549266268710713064e+02 5.285621580066024450e+01 1.487149188260299297e+02
2.549282096504318815e+02 5.287758332202776757e+01 1.488644462533351316e+02
2.549296793741238218e+02 5.294109799665355354e+01 1.490119612897390766e+02
2.549353547686881143e+02 5.285372857595079665e+01 1.486651064984398261e+02
2.549354678243567207e+02 5.280954642065753291e+01 1.485329444218333208e+02
2.549359426581648904e+02 5.323909012797901852e+01 1.488391896169673885e+02
2.549396508840953288e+02 5.363801836024057934e+01 1.493673857007190406e+02
2.549400352733686077e+02 5.374268529824085050e+01 1.490998507665174202e+02
2.549352417130194794e+02 5.370544476100031517e+01 1.489817980373535988e+02
2.549346086012752721e+02 5.374614480170036046e+01 1.488284719395830393e+02
2.549307420974087677e+02 5.360905349794238361e+01 1.492075928187039437e+02
2.549281192058969907e+02 5.363756613756613945e+01 1.486762990096323449e+02
2.549313978202867190e+02 5.334531723420612082e+01 1.488609867498756500e+02
2.549306064306064172e+02 5.325297336408447535e+01 1.484741780852891964e+02
2.549320309320309264e+02 5.284065934065934300e+01 1.488824673269117795e+02
2.549308777642110897e+02 5.284158639714195260e+01 1.482315606204494998e+02
2.549348799348799446e+02 5.276803237914349154e+01 1.484355130466241519e+02
2.549391760502871591e+02 5.264179441957220007e+01 1.482195767195767075e+02
2.549390403834848371e+02 5.234925157147379338e+01 1.482163659385881544e+02
2.549396056618278976e+02 5.249050332383665562e+01 1.482287342287342256e+02
2.549400804956360389e+02 5.272794283905395218e+01 1.487415321304210067e+02
2.549335458779903263e+02 5.545961651517207258e+01 1.499290010401121549e+02
2.549305159860715548e+02 5.536467236467236575e+01 1.502302491746936255e+02
2.549342468231357088e+02 5.293761588206032798e+01 1.483139782028671050e+02
2.549451227784561240e+02 5.312020078686745705e+01 1.485896531452087004e+02
2.549321892099669924e+02 5.327307466196354824e+01 1.487194184416406699e+02
2.549333197666531134e+02 5.570336453669786891e+01 1.499915886582553242e+02
2.549333649889205446e+02 5.393644010310676862e+01 1.486439424772758002e+02
2.549380681047347821e+02 5.389682539682539897e+01 1.488242662687107156e+02
2.549379324379324316e+02 5.405788450232894604e+01 1.493197440419662598e+02
2.549361009361009280e+02 5.401655134988468632e+01 1.492016460905349788e+02
2.549353321575543703e+02 5.408223669334780226e+01 1.491636819970153169e+02
2.549371184371184427e+02 5.424017546239768706e+01 1.494638221860444105e+02
2.549375706597928684e+02 5.454737032514810124e+01 1.493347804458915675e+02
2.549314430425541502e+02 5.419246597024374523e+01 1.490646678424456297e+02
2.549379550490661472e+02 5.402532446976891123e+01 1.489183285849952654e+02
2.549320309320309264e+02 5.411538461538461320e+01 1.493487315153981854e+02
2.549380228824673225e+02 5.408585447474336405e+01 1.491641568308234866e+02
2.549423642201419966e+02 5.368970741192963203e+01 1.490201691312802552e+02
2.549304933749378108e+02 5.347668792113236691e+01 1.490839325283769767e+02
2.549298150409261439e+02 5.340207117984896001e+01 1.491584362139917630e+02
2.549281418170307063e+02 5.323863790530457152e+01 1.489484466151132835e+02
2.549366436033102730e+02 5.309236648125536817e+01 1.493770858770858752e+02
2.549350608239497262e+02 5.324872247094469202e+01 1.494101885768552336e+02
2.549346764346764473e+02 5.334753312531090330e+01 1.499064125175236200e+02
2.549414145525256572e+02 5.312714240492018547e+01 1.501554063220729915e+02
2.549419119974675425e+02 5.295416723194500719e+01 1.495253696920363495e+02
2.549380454936010381e+02 5.299950255505810759e+01 1.500956224845113809e+02
2.549364174919730601e+02 5.347668792113236691e+01 1.496226654004431680e+02
2.549377063265952188e+02 5.338466060688283221e+01 1.507614073169628739e+02
2.549432008320897296e+02 5.339553656220322608e+01 1.504895310450866077e+02
2.549434721656944021e+02 5.340566635011079200e+01 1.504307873196761989e+02
2.549439922217700030e+02 5.354011215122326206e+01 1.510814453036675218e+02
2.549435626102292645e+02 5.306337900782344974e+01 1.505929769818658599e+02
2.549432234432234452e+02 5.291559263781486067e+01 1.504956134400578946e+02
2.549396056618278976e+02 5.304716682494460400e+01 1.508761135983358201e+02
2.549296567629901062e+02 5.300013566680233623e+01 1.505022385022384981e+02
2.549280061502283843e+02 5.306523312078867605e+01 1.505056753945642924e+02
2.549323927101704896e+02 5.300603717270384152e+01 1.503824899380454951e+02
2.549371184371184427e+02 5.337936960159182576e+01 1.506926694704472425e+02
2.549377741599963940e+02 5.319879708768597482e+01 1.509012345679012412e+02
2.549346538235427033e+02 5.333514222403110949e+01 1.503783068783068870e+02
2.549433591100257672e+02 5.367860534527201111e+01 1.512617464839686932e+02
2.549370958259847271e+02 5.385942658164880470e+01 1.511644507755618747e+02
2.549203861981639818e+02 5.384169945281056613e+01 1.503457694568805607e+02
2.549394699950255472e+02 5.366223488445710643e+01 1.506623027178582674e+02
2.549433591100257672e+02 5.364923348256681379e+01 1.510605978383756280e+02
2.549434269434269424e+02 5.364131958576403036e+01 1.510238547460769780e+02
2.549393569393569408e+02 5.362705196038529465e+01 1.509315787093565007e+02
2.549392891059557655e+02 5.378458372902817075e+01 1.511160177271288489e+02
2.549311490978157622e+02 5.374284357617690944e+01 1.510192420747976314e+02
2.549325509881065557e+02 5.348175281508614631e+01 1.508182290960068599e+02
2.549397865508976508e+02 5.353002758558314156e+01 1.508579116356894190e+02
2.549395378284267224e+02 5.359397187174965183e+01 1.508822638267082823e+02
2.549410753855198379e+02 5.341572830461719690e+01 1.508899968344412912e+02
2.549365531587753821e+02 5.365285126396237558e+01 1.510884321439876885e+02
2.549393795504906564e+02 5.326206303984081813e+01 1.510818070818070851e+02
2.549390629946185527e+02 5.319893275448831105e+01 1.511883733550400279e+02
2.549352191018857638e+02 5.343031248586804338e+01 1.504377967711301096e+02
2.549399222177000013e+02 5.309392664948220641e+01 1.506281599059376788e+02
2.549353773798218299e+02 5.294444444444444287e+01 1.506800976800976741e+02
2.549358296024962556e+02 5.293325193325193112e+01 1.508152670374892637e+02
2.549388594944150555e+02 5.319628725184280427e+01 1.506511102066657486e+02
2.549410979966535535e+02 5.376733143399810189e+01 1.506809342920454071e+02
2.549365531587753821e+02 5.395468728802062230e+01 1.506112693890471803e+02
2.549353547686881143e+02 5.375053136164247292e+01 1.502927237371681883e+02
2.549364401031067757e+02 5.367804006692895769e+01 1.505719260163704689e+02
2.549342920454031685e+02 5.357719441052774556e+01 1.500913263691041379e+02
2.549335684891240419e+02 5.332087459865237378e+01 1.501135078912856784e+02
2.549336363225252171e+02 5.288836883281327772e+01 1.500420114864559196e+02
2.549338172115949988e+02 5.262110523221634395e+01 1.502274906163794981e+02
2.549440374440374342e+02 5.234429973318862039e+01 1.508152670374892637e+02
2.549363496585718849e+02 5.236480803147469487e+01 1.503654185320851866e+02
2.549365305476416665e+02 5.262411251300139980e+01 1.511991814769592679e+02
2.549327318771763089e+02 5.299972866639533464e+01 1.515131370686926289e+02
2.549325283769728117e+02 5.292090625423958983e+01 1.517732329398996001e+02
2.549417537195315049e+02 5.273567584678696107e+01 1.514533758422647338e+02
2.549385429385429518e+02 5.284710351377017901e+01 1.520325826436937575e+02
2.549399900511011481e+02 5.313496585718807808e+01 1.520773074661963449e+02
2.549423868312757122e+02 5.290412879301768356e+01 1.518125310903088803e+02
2.549424546646768874e+02 5.268525301858635146e+01 1.518031926920815806e+02
2.549418667752001113e+02 5.276048026048025719e+01 1.515576583909917190e+02
2.549386786053452738e+02 5.285793424682313457e+01 1.517850359517026106e+02
2.549429973318862324e+02 5.290505584950029316e+01 1.520686926242481718e+02
2.549416858861303297e+02 5.263317957762401988e+01 1.525149007371229573e+02
2.549530818975263458e+02 5.278691267580156676e+01 1.523605119160674803e+02
2.549479943924388294e+02 5.248299642744087379e+01 1.520830733052955281e+02
2.549446479446479543e+02 5.252288246732690880e+01 1.522631935965269179e+02
2.549438339438339369e+02 5.262863473974584849e+01 1.520791615791615925e+02
2.549439469995025433e+02 5.236159725048614177e+01 1.523279744946411540e+02
2.549403970515081710e+02 5.226916293582960549e+01 1.525494731605842844e+02
2.549399900511011481e+02 5.254963143852032914e+01 1.521099127210238180e+02
2.549382037715371041e+02 5.248433048433048498e+01 1.522056256500700897e+02
2.549392664948220499e+02 5.243372676706010083e+01 1.521959254737032552e+02
2.549454619454619433e+02 5.223144756478090045e+01 1.524481300592411799e+02
2.549527201193867825e+02 5.241107041107041198e+01 1.520818749152082603e+02
2.549484918373807147e+02 5.209987337765115711e+01 1.521560620449509429e+02
2.549461176683398946e+02 5.238730610952833189e+01 1.523051598607154062e+02
2.549336137113915015e+02 5.270126170126169995e+01 1.522424591869036306e+02
2.549365079365079225e+02 5.276852982408537684e+01 1.518603988603988739e+02
2.549409623298512315e+02 5.238637905304572229e+01 1.521543209876543301e+02
2.549396961063627600e+02 5.254682765793877053e+01 1.523683805906028113e+02
2.549344729344729217e+02 5.221706688373355121e+01 1.520464658797992001e+02
2.549324153213042052e+02 5.217978112422557047e+01 1.517055804278026585e+02
2.549280739836295311e+02 5.222317188983855374e+01 1.518017908017908155e+02
2.549260615927282458e+02 5.212004250893139812e+01 1.516482385926830432e+02
2.549270564826120449e+02 5.208992447881336574e+01 1.517993940216162514e+02
2.549288201510423733e+02 5.220221136887803226e+01 1.517865508976620106e+02
2.549294984850540402e+02 5.197931081264414388e+01 1.521811151811151888e+02
2.549359652692986060e+02 5.201182562293673328e+01 1.518985212318545734e+02
2.549382489938045353e+02 5.209259259259259522e+01 1.522485189707412019e+02
2.549375254375254372e+02 5.230466241577352804e+01 1.521779948446614981e+02
2.549361687695021033e+02 5.233084610862388786e+01 1.525114186225297317e+02
2.549369827703160922e+02 5.229487179487179560e+01 1.520024193913082797e+02
2.549294080405191494e+02 5.230513724958169064e+01 1.518084158639714190e+02
2.549301768190657072e+02 5.260925699814588796e+01 1.522298647854203466e+02
2.549370053814498362e+02 5.255456066567177942e+01 1.522767150544928256e+02
2.549393795504906564e+02 5.238402749513860357e+01 1.521631167186722848e+02
2.549396734952290444e+02 5.218312757201645979e+01 1.525502419391308422e+02
2.549388821055487711e+02 5.244912494912495049e+01 1.516319133541355768e+02
2.549405553294442086e+02 5.238319088319088479e+01 1.522104418215529336e+02
2.549412336634558756e+02 5.239772984217428586e+01 1.523037579704246411e+02
2.549395604395604380e+02 5.236376791932347174e+01 1.520014245014245091e+02
2.549421607199384994e+02 5.241884864107086628e+01 1.521494143716365954e+02
2.549429294984850571e+02 5.250960973183195080e+01 1.521947270836159589e+02
2.549372767150544803e+02 5.224453941120607681e+01 1.520585176140731676e+02
2.549375254375254372e+02 5.219836747614525052e+01 1.517778230000452311e+02
2.549441731108397846e+02 5.241819291819291493e+01 1.517603898159453593e+02
2.549405101071767774e+02 5.239739067516845239e+01 1.518590648035092556e+02
2.549409171075837719e+02 5.241504997060552284e+01 1.516575317686428832e+02
2.549410527743860939e+02 5.243062904174015415e+01 1.516616017727128849e+02
2.549416180527291544e+02 5.237229231673676111e+01 1.518806810473477071e+02
2.549344503233392061e+02 5.279030434585990150e+01 1.515031881698548375e+02
2.549358974358974308e+02 5.266573961018405470e+01 1.515383258716591968e+02
2.549330936553158722e+02 5.228078505856283442e+01 1.516192058969836864e+02
2.549431556098222700e+02 5.203283136616470017e+01 1.514656536878759141e+02
2.549414823859268324e+02 5.176497987609099027e+01 1.509809840365395814e+02
2.549432686654908764e+02 5.160276760276759944e+01 1.508676118120562535e+02
2.549410301632523783e+02 5.153665264776375921e+01 1.506760955094288477e+02
2.549404422737756022e+02 5.166176005064893673e+01 1.512914349025460012e+02
2.549485370596481744e+02 5.175781214670103481e+01 1.508906977795866737e+02
2.549420702754036085e+02 5.181596798263464621e+01 1.512594627594627639e+02
2.549389047166824867e+02 5.188377877266766092e+01 1.509902319902319903e+02
2.549449192782525984e+02 5.399005110116221573e+01 1.523111065888843711e+02
2.549439017772351121e+02 5.381730203952426450e+01 1.518215981549314790e+02
2.549415276081942636e+02 5.372249355582688679e+01 1.517110975444308849e+02
2.549370958259847271e+02 5.381275720164609311e+01 1.516284764618097824e+02
2.549411432189209847e+02 5.358176185953963966e+01 1.511533487089042751e+02
2.549433817211595112e+02 5.394107538551983083e+01 1.516105684439017693e+02
2.549422963867408214e+02 5.424912947135169361e+01 1.516942296386740736e+02
2.549448288337177360e+02 5.447614525392302909e+01 1.514889431556098316e+02
2.549451001673223800e+02 5.469692036358703291e+01 1.517433184099850791e+02
2.549343598788043153e+02 5.459652692986026068e+01 1.521022023244245531e+02
2.549430877764211232e+02 5.468486862931307257e+01 1.516981865870754689e+02
2.549445348889793195e+02 5.463175507619951787e+01 1.514737484737484863e+02
2.549361913806358189e+02 5.469866142088364569e+01 1.519408944964500563e+02
2.549389499389499463e+02 5.489940306606973053e+01 1.513450006783340029e+02
2.549447836114502763e+02 5.468091168091168441e+01 1.512423009089675645e+02
2.549384751051417766e+02 5.442122281011170060e+01 1.509902319902319903e+02
2.549429068873513415e+02 5.428704834260389589e+01 1.514415276081942636e+02
2.549420024420024333e+02 5.465999638221860124e+01 1.512398589065255692e+02
2.549364401031067757e+02 5.454024781802559829e+01 1.513051146384479750e+02
2.549384977162754922e+02 5.468168045945823508e+01 1.516166508388730563e+02
2.549337267670601079e+02 5.468419029530140563e+01 1.511967846967847038e+02
2.549436756658978993e+02 5.456478089811422905e+01 1.509829964274408667e+02
2.549454167231945121e+02 5.436582553249220240e+01 1.507972233527789001e+02
2.549381811604033885e+02 5.432731877176321689e+01 1.508388052276941096e+02
