2.549776228733459220e+02 8.681505198487712960e+01 1.809771266540642785e+02
2.549856805293005664e+02 8.724317107750472644e+01 1.811113894139886611e+02
2.549378780718336373e+02 5.428693289224952423e+01 1.594482041587901620e+02
2.549284026465028319e+02 5.897738657844990229e+01 1.603988894139886554e+02
2.549387051039697667e+02 5.928230151228733291e+01 1.602659735349716357e+02
2.549411862003780698e+02 5.935836483931947072e+01 1.598125236294895899e+02
2.549430529300567230e+02 5.420526937618147656e+01 1.555193998109640745e+02
2.549464083175803353e+02 5.389881852551985020e+01 1.553675567107750339e+02
2.549432183364839375e+02 5.268551512287334759e+01 1.542174858223062301e+02
2.549367438563326971e+02 5.184461247637050718e+01 1.533321124763704972e+02
2.549332230623818418e+02 5.124742438563327340e+01 1.531422967863894087e+02
2.549304584120982895e+02 5.126405954631380268e+01 1.530668714555765462e+02
2.549315926275992297e+02 5.108149810964083315e+01 1.526215737240075612e+02
2.549248109640831785e+02 5.114834593572778942e+01 1.530809310018903489e+02
2.549343809073724003e+02 5.156046786389413938e+01 1.533671550094518068e+02
2.549385160680529339e+02 5.161183837429111776e+01 1.534468809073723889e+02
2.549371455576559526e+02 5.153887051039697553e+01 1.536368856332703103e+02
2.549398393194707069e+02 5.208227788279773307e+01 1.540220226843100306e+02
2.549366493383742807e+02 5.257672495274102431e+01 1.539582466918714658e+02
2.549370510396975362e+02 5.281465028355387403e+01 1.543429347826086939e+02
2.549379017013232556e+02 5.282504725897920395e+01 1.538754253308128455e+02
2.549370037807183280e+02 5.261491020793950923e+01 1.538575378071833768e+02
2.549377126654064227e+02 5.255895557655954775e+01 1.535546786389413967e+02
2.549379253308128455e+02 5.282462192816635138e+01 1.536412334593572666e+02
2.549324905482041572e+02 5.322781190926276196e+01 1.534051512287334731e+02
2.549324669187145673e+02 5.348189981096408019e+01 1.538016540642722134e+02
2.549321833648393181e+02 5.363742911153119053e+01 1.535058601134215621e+02
2.549307892249527470e+02 5.346148393194707182e+01 1.530301748582230630e+02
2.549311436672967943e+02 5.229770793950850560e+01 1.526449905482041629e+02
2.549285680529300464e+02 5.155902646502835296e+01 1.522667296786389386e+02
2.549283317580340338e+02 5.123189981096408019e+01 1.519043950850661702e+02
2.549312854442343905e+02 5.079319470699432770e+01 1.515997164461247735e+02
2.549338610586011384e+02 5.110191398865784151e+01 1.510732750472589885e+02
2.549345935727788230e+02 5.122615784499054570e+01 1.516442580340264783e+02
2.549353260869565077e+02 5.134026465028355091e+01 1.517056710775047179e+02
2.549352315689981197e+02 5.177698487712665099e+01 1.518812381852551994e+02
2.549385396975425238e+02 5.373542060491493544e+01 1.534567816635160682e+02
2.549362003780718453e+02 5.392511814744801768e+01 1.532154300567107725e+02
2.549385396975425238e+02 5.405926275992438690e+01 1.529980151228733405e+02
2.549375708884687981e+02 5.442058128544423568e+01 1.536547258979205992e+02
2.549415406427221171e+02 5.492715028355387830e+01 1.534760869565217263e+02
2.549443761814744676e+02 5.477573251417769029e+01 1.537047495274102005e+02
2.549434782608695684e+02 5.287691398865784720e+01 1.529225661625708881e+02
2.549338374291115201e+02 5.297996219281663599e+01 1.528860349716446194e+02
2.549347826086956559e+02 5.324572306238185604e+01 1.527814508506616278e+02
2.549361531190926371e+02 5.321349243856332834e+01 1.523609168241966074e+02
2.549377126654064227e+02 5.338116729678638706e+01 1.526272448015122905e+02
2.549415642722117070e+02 5.377476370510397174e+01 1.529780718336483858e+02
2.549400519848771296e+02 5.431122400756143520e+01 1.534382325141776846e+02
2.549441162570888366e+02 5.386767485822306156e+01 1.529027646502835580e+02
2.549430765595463129e+02 5.377244801512287609e+01 1.529447778827977231e+02
2.549421313799622055e+02 5.375675803402646835e+01 1.527808601134215394e+02
2.549385633270321421e+02 5.374761342155009203e+01 1.528506852551984991e+02
2.549453213610586033e+02 5.407655954631380268e+01 1.531401228733459448e+02
2.549446124763705086e+02 5.427830812854442399e+01 1.538632561436672859e+02
2.549332703213610500e+02 5.441179111531190671e+01 1.536058601134215564e+02
2.549345226843100249e+02 5.439047731568997790e+01 1.535344045368620129e+02
2.549336483931947157e+02 5.415290642722117553e+01 1.537222353497164420e+02
2.549301984877126586e+02 5.409992911153118911e+01 1.530291587901701291e+02
2.549372164461247507e+02 5.394633742911153007e+01 1.532922495274102062e+02
2.549414461247637007e+02 5.398981568998109992e+01 1.532040879017013140e+02
2.549350425330812868e+02 5.408192344045368571e+01 1.532402882797731536e+02
2.549334829867674728e+02 5.162339319470699195e+01 1.521008742911153035e+02
2.549366965973534889e+02 5.148345935727788003e+01 1.517270793950850702e+02
2.549393903591682431e+02 5.114128071833648193e+01 1.517365548204158756e+02
2.549407372400756060e+02 5.102655954631379842e+01 1.515957939508506627e+02
2.549413043478260761e+02 5.338208884688090450e+01 1.527167060491493373e+02
2.549439508506616221e+02 5.310229206049149298e+01 1.528110349716446024e+02
2.549440689981096284e+02 5.262041587901700979e+01 1.524237240075614466e+02
2.549501181474480234e+02 5.235125236294896212e+01 1.528025047258979328e+02
2.549471880907372281e+02 5.230637996219281405e+01 1.524334593572778829e+02
2.549431474480151110e+02 5.228934310018903631e+01 1.529883979206049105e+02
2.549437381852551994e+02 5.249031190926275769e+01 1.534016068052929995e+02
2.549481096408317455e+02 5.233508979206049361e+01 1.534397920604914987e+02
2.549487003780718339e+02 5.247396030245746346e+01 1.532838137996219245e+02
2.549434782608695684e+02 5.245479678638941579e+01 1.533352551984877152e+02
2.549513468809073800e+02 5.262724480151229045e+01 1.536116493383742920e+02
2.549504962192816606e+02 5.272443289224952423e+01 1.537980387523629418e+02
2.549512759924385534e+02 5.291602079395084957e+01 1.539761105860113446e+02
2.549427457466918838e+02 5.286937618147447893e+01 1.535702268431001869e+02
2.549373582230623754e+02 5.298610586011341894e+01 1.532226843100189058e+02
2.549357750472589714e+02 5.312762287334593481e+01 1.534385869565217320e+02
2.549390595463137856e+02 5.342499999999999716e+01 1.534403119092627605e+02
2.549432892249527356e+02 5.357417296786389471e+01 1.537202977315689907e+02
2.549440926275992467e+02 5.349468336483931807e+01 1.538041351606805165e+02
2.549452032136105970e+02 5.356214555765595264e+01 1.539502362948960297e+02
2.549443289224952878e+02 5.378078922495274128e+01 1.536516776937618260e+02
2.549395793950850759e+02 5.400810491493383836e+01 1.535298440453686339e+02
2.549398629489602968e+02 5.350118147448014838e+01 1.536172258979206049e+02
2.549407136105860161e+02 5.333695652173913260e+01 1.531946124763705086e+02
2.549473534971644710e+02 5.335760869565217490e+01 1.533477551984877039e+02
2.549441871455576631e+02 5.338965028355387687e+01 1.532863421550094642e+02
2.549446833648393067e+02 5.343137996219281405e+01 1.534457230623818589e+02
2.549506616257088751e+02 5.347332230623818816e+01 1.535904536862003908e+02
2.549492438563327141e+02 5.359198960302457238e+01 1.540149810964083201e+02
2.549537334593572666e+02 5.360082703213610245e+01 1.538013941398865825e+02
2.549533081285444212e+02 5.373553875236294886e+01 1.538410680529300691e+02
2.549515122873345945e+02 5.388759451795841215e+01 1.536370037807183451e+02
2.549589083175803523e+02 5.404591209829867893e+01 1.537939981096408246e+02
2.549530009451795820e+02 5.408305765595463299e+01 1.533480860113421613e+02
2.549493856332703103e+02 5.412232986767485698e+01 1.538510396975425465e+02
2.549457230623818589e+02 5.405956994328922605e+01 1.538568052930056638e+02
2.549449196597353478e+02 5.209413988657844641e+01 1.524383506616257193e+02
2.549423440453686283e+02 5.196479206049149013e+01 1.522026701323251530e+02
2.549552693761814623e+02 5.212989130434782936e+01 1.523830812854442343e+02
2.549431710775047293e+02 5.226776937618147656e+01 1.522228260869565304e+02
2.549418478260869563e+02 5.239595935727788145e+01 1.521283553875236407e+02
2.549425094517958428e+02 5.150125236294896069e+01 1.515862948960302390e+02
2.549408553875236407e+02 5.033137996219281973e+01 1.509802221172022598e+02
2.549348298676748641e+02 4.920782136105859905e+01 1.506030245746691776e+02
2.549373109640831672e+02 4.877547258979205935e+01 1.502913988657844868e+02
2.549347589792060376e+02 4.847469281663516227e+01 1.501954158790170197e+02
2.549405245746691833e+02 5.058289224952741137e+01 1.512941635160680391e+02
2.549363185255198516e+02 5.101006616257088666e+01 1.515345699432892275e+02
2.549332230623818418e+02 5.132752835538752123e+01 1.522551512287334674e+02
2.549335066162570911e+02 5.186212192816635280e+01 1.521392485822306355e+02
2.549421786389413853e+02 5.205132325141777017e+01 1.526220226843100249e+02
2.549474007561436792e+02 5.427904064272211571e+01 1.537807892249527413e+02
2.549462192816635024e+02 5.244841682419659890e+01 1.531820415879016934e+02
2.549471880907372281e+02 5.249180056710775233e+01 1.532177693761814794e+02
2.549413516068052843e+02 5.242062854442344388e+01 1.529238421550094529e+02
2.549444943289225023e+02 5.271963610586011129e+01 1.531917296786389500e+02
2.549402410207939624e+02 5.302353497164461515e+01 1.531351134215501020e+02
2.549435727788279848e+02 5.320583648393194665e+01 1.527580103969754362e+02
2.549440217391304486e+02 5.314841682419659463e+01 1.529612240075614409e+02
2.549437854442344076e+02 5.303759451795841073e+01 1.522879017013232499e+02
2.549455576559546444e+02 5.340697069943288966e+01 1.523947306238185320e+02
2.549444470699432941e+02 5.377327504725897711e+01 1.526302221172022655e+02
2.549439744801512404e+02 5.356805293005670876e+01 1.524484640831757929e+02
2.549458884688090734e+02 5.245576559546314144e+01 1.515973298676748584e+02
2.549485349716446194e+02 5.116332703213610245e+01 1.510275992438563435e+02
2.549470463137996319e+02 5.023615311909262715e+01 1.506968100189035908e+02
2.549429820415878964e+02 4.988050567107750766e+01 1.499693761814744732e+02
2.549412334593572780e+02 5.003608223062381910e+01 1.495771502835538627e+02
2.549431238185255211e+02 5.003400283553875028e+01 1.504537807183364748e+02
2.549499054820416006e+02 5.025063799621928240e+01 1.508909735349716357e+02
2.549505671077504587e+02 5.253806710775047151e+01 1.521334593572778715e+02
2.549500945179584050e+02 5.292958412098298737e+01 1.522466918714555675e+02
2.549492202268430958e+02 5.317641776937617948e+01 1.526306474480151110e+02
2.549490311909262630e+02 5.324232041587901421e+01 1.527403827977315700e+02
2.549528591682419574e+02 5.346760396975425067e+01 1.524625000000000057e+02
2.549553638941398788e+02 5.373672022684309724e+01 1.534541115311909323e+02
2.549546313799621942e+02 5.371606805293005493e+01 1.530306474480151167e+02
2.549539933837428975e+02 5.410529300567107924e+01 1.534943998109640972e+02
2.549526701323251530e+02 5.460905009451796133e+01 1.533997873345935830e+02
2.549506616257088751e+02 5.475770321361058279e+01 1.532678402646502889e+02
2.549556947069943362e+02 5.488239603024574365e+01 1.532333648393194778e+02
2.549538043478260931e+02 5.296422495274102005e+01 1.525243856332703274e+02
2.549501417769376133e+02 5.294855860113421642e+01 1.520247164461247564e+02
2.549530718336483801e+02 5.272143194706994507e+01 1.525900047258979271e+02
2.549523629489603138e+02 5.275914461247636922e+01 1.523551039697542535e+02
2.549508506616257080e+02 5.296358695652173765e+01 1.525288988657844982e+02
2.549471880907372281e+02 5.289621928166351950e+01 1.526768194706994279e+02
2.549459593572778715e+02 5.243220699432892218e+01 1.524021266540642614e+02
2.549495982986767615e+02 5.208754725897920679e+01 1.518271739130434810e+02
2.549410680529300635e+02 5.191309073724007561e+01 1.515318761814744732e+02
2.549467391304347927e+02 5.192967863894139668e+01 1.515422495274102062e+02
2.549491729678638876e+02 5.191167296786389329e+01 1.516731568998109765e+02
2.549564981096408189e+02 5.213178166351606535e+01 1.518806947069943192e+02
2.549490548204158813e+02 5.205285916824196590e+01 1.523157372400756060e+02
2.549446597353497168e+02 5.185777410207939653e+01 1.521245510396975362e+02
2.549439508506616221e+02 5.197190453686200584e+01 1.522055529300567116e+02
2.549471644612476382e+02 5.240179584120983236e+01 1.523259451795841244e+02
2.549461483931947043e+02 5.242939508506616164e+01 1.520054111531190983e+02
2.549455576559546444e+02 5.235037807183364578e+01 1.526182183364839204e+02
2.549498345935727741e+02 5.247556710775047151e+01 1.525363657844990541e+02
2.549503071833648278e+02 5.275888468809073828e+01 1.525058837429111520e+02
2.549484168241965847e+02 5.299243856332703473e+01 1.529932892249527470e+02
2.549506379962192852e+02 5.361221644612476211e+01 1.533798913043478365e+02
2.549457939508506570e+02 5.378591682419659747e+01 1.534586956521739012e+02
2.549457703213610671e+02 5.376413043478260789e+01 1.532386105860113332e+02
2.549497164461247678e+02 5.392181001890359227e+01 1.530695415879017105e+02
2.549509924385633326e+02 5.380879017013232612e+01 1.524944234404536871e+02
2.549528591682419574e+02 5.336498109640831444e+01 1.526735586011342036e+02
2.549517249527410172e+02 5.330916824196597048e+01 1.528231568998109537e+02
2.549338846880907283e+02 5.344411625708884372e+01 1.524138705103969755e+02
2.549420841209829973e+02 5.309872400756143662e+01 1.525625236294895899e+02
2.549331285444234538e+02 5.288501890359168556e+01 1.516179820415879078e+02
2.549357277882797632e+02 5.258922495274102005e+01 1.514196597353497111e+02
2.549359640831758043e+02 5.270047258979206362e+01 1.516661153119092660e+02
2.549409026465028489e+02 5.278735822306238390e+01 1.512086720226843113e+02
2.549383979206049275e+02 5.272648865784498895e+01 1.516586720226842999e+02
2.549385869565217320e+02 5.263719281663516369e+01 1.517417533081285512e+02
2.549480623818525657e+02 5.241188563327032313e+01 1.511557892249527413e+02
2.549436909262759912e+02 5.250198487712665241e+01 1.511709357277882759e+02
2.549434310018903602e+02 5.262762287334593481e+01 1.512482514177693815e+02
2.549465264650283416e+02 5.219747164461247735e+01 1.514959120982986747e+02
2.549504017013232442e+02 5.230257561436673086e+01 1.512071833648393238e+02
2.549466918714555845e+02 5.248388468809073970e+01 1.514158553875236350e+02
2.549545841209829860e+02 5.271668241965973323e+01 1.516683128544423482e+02
2.549352551984877095e+02 5.287289697542533418e+01 1.517831285444234481e+02
2.549332466918714601e+02 5.301684782608695912e+01 1.516031899810964205e+02
2.549336720226843056e+02 5.306961247637050860e+01 1.519888232514177560e+02
2.549348534971644540e+02 5.342800094517958343e+01 1.522566635160680448e+02
2.549354914933837506e+02 5.378400283553875028e+01 1.524636578449905358e+02
2.549451086956521806e+02 5.371755671077504957e+01 1.525051275992438491e+02
2.549367202268431072e+02 5.354617202268430987e+01 1.522729442344045481e+02
2.549425094517958428e+02 5.320673440453685998e+01 1.520746928166351495e+02
2.549421550094517954e+02 5.201495746691871602e+01 1.508131852551984764e+02
2.549412570888468679e+02 5.078688563327032313e+01 1.505186200378071817e+02
2.549401701323251359e+02 4.994754253308128256e+01 1.500479914933837335e+02
2.549405954631380098e+02 4.920604914933837648e+01 1.499839555765595378e+02
2.549361294896030188e+02 4.873910680529300521e+01 1.497747164461247564e+02
2.549368856332703217e+02 5.075486767485822526e+01 1.511953449905481932e+02
2.549387523629489465e+02 5.103950850661625793e+01 1.515130434782608688e+02
2.549387287334593566e+02 5.114829867674858122e+01 1.511411389413988786e+02
2.549451323251417705e+02 5.141153119092627577e+01 1.515711011342154961e+02
2.549509924385633326e+02 5.202235349716445967e+01 1.516586247637050917e+02
2.549485586011342093e+02 5.207466918714555959e+01 1.529772211720226949e+02
2.549506143667296669e+02 5.447750472589792281e+01 1.539662334593572837e+02
2.549533317580340395e+02 5.253823251417769313e+01 1.524176275992438434e+02
2.549525047258979100e+02 5.255543478260869250e+01 1.523971644612476268e+02
2.549448487712665496e+02 5.241301984877126330e+01 1.519090737240075555e+02
2.549464083175803353e+02 5.273324669187145730e+01 1.523329867674858349e+02
2.549497637051039760e+02 5.282192816635160426e+01 1.520664224952741108e+02
2.549573015122873301e+02 5.278884688090737143e+01 1.523663752362948856e+02
2.549599480151228761e+02 5.334789697542532849e+01 1.526303638941398901e+02
2.549578922495274185e+02 5.380971172022684357e+01 1.529589555765595321e+02
2.549482041587901620e+02 5.392098298676748414e+01 1.527164933837429146e+02
2.549485113421550011e+02 5.428615311909262431e+01 1.527070179584121092e+02
2.549480860113421556e+02 5.442599243856332691e+01 1.533044187145557657e+02
2.549555529300567116e+02 5.465526937618147230e+01 1.532365075614366674e+02
2.549519848771266481e+02 5.473029300567107924e+01 1.533806710775047293e+02
2.549543714555765632e+02 5.469222589792060774e+01 1.534246928166351722e+02
2.549520321361058564e+02 5.462925330812854696e+01 1.533637759924385762e+02
2.549524102079395220e+02 5.488719281663516369e+01 1.532218809073723946e+02
2.549529773156899921e+02 5.233726370510397174e+01 1.517674385633270333e+02
2.549523156899811056e+02 5.180486767485822241e+01 1.520114366729678750e+02
2.549453922495274014e+02 5.227769376181474570e+01 1.523944470699432827e+02
2.549425803402646409e+02 5.247793005671077537e+01 1.522538988657844925e+02
2.549522920604914873e+02 5.292533081285444041e+01 1.525379253308128682e+02
2.549535916824196704e+02 5.357658317580339968e+01 1.527022448015122791e+02
2.549497637051039760e+02 5.476068052930056496e+01 1.533268194706994336e+02
2.549522920604914873e+02 5.514310018903591981e+01 1.539639177693761951e+02
2.549650756143667252e+02 5.470961720226843283e+01 1.536851134215500849e+02
2.549550567107750396e+02 5.398953213610585777e+01 1.526928875236294800e+02
2.549556001890359198e+02 5.388882325141776874e+01 1.525083884688090734e+02
2.549542296786389386e+02 5.381157844990548256e+01 1.525492438563327084e+02
2.549547022684309923e+02 5.374969281663516085e+01 1.520178402646502889e+02
2.549536862003780584e+02 5.366507561436672802e+01 1.515538752362948856e+02
2.549582230623818475e+02 5.406318525519849061e+01 1.517260869565217263e+02
2.549570652173913174e+02 5.431956521739130750e+01 1.515508506616257023e+02
2.549564981096408189e+02 5.432925330812854270e+01 1.516513468809073686e+02
2.549580103969754248e+02 5.463324669187145588e+01 1.519000945179584221e+02
2.549590737240075669e+02 5.478357750472589771e+01 1.518907608695652129e+02
2.549551984877126642e+02 5.475155954631379984e+01 1.514332466918714601e+02
2.549554347826087053e+02 5.481991965973534775e+01 1.512894612476370639e+02
2.549549149338374150e+02 5.474924385633270418e+01 1.519009924385633212e+02
2.549579867674858349e+02 5.505248109640831444e+01 1.523098771266540723e+02
2.549564035916824309e+02 5.521294896030245525e+01 1.523098298676748641e+02
2.549518667296786418e+02 5.548780718336483631e+01 1.523151701323251359e+02
2.549528827977315757e+02 5.561847826086956559e+01 1.527056001890359198e+02
2.549572778827977402e+02 5.528823251417769313e+01 1.526573960302457351e+02
2.549529064272211656e+02 5.470408790170132107e+01 1.526750000000000114e+02
2.549543241965973550e+02 5.492698487712665667e+01 1.522211247637050917e+02
2.549537334593572666e+02 5.486840737240075327e+01 1.524400283553875113e+02
2.549554820415879135e+02 5.494321833648393039e+01 1.528109640831758043e+02
2.549543478260869449e+02 5.551472117202268208e+01 1.524314508506616335e+02
2.549544187145557714e+02 5.576949432892249803e+01 1.527247164461247735e+02
2.549508506616257080e+02 5.593383742911153433e+01 1.533414224952740881e+02
2.549545368620037777e+02 5.613379017013232186e+01 1.533470226843100193e+02
2.549595463137996205e+02 5.631131852551985162e+01 1.535017958412098267e+02
2.549556474480151280e+02 5.631885633270321279e+01 1.540370274102079406e+02
2.549526465028355346e+02 5.644435255198487766e+01 1.539668005671077537e+02
2.549590264650283586e+02 5.633662570888468935e+01 1.540806238185255097e+02
2.549545604914933961e+02 5.668064744801512234e+01 1.550595935727788230e+02
2.549527882797731593e+02 5.703986294896030529e+01 1.544892485822306298e+02
2.549574432892249547e+02 5.489428166351606819e+01 1.539493383742911021e+02
2.549585775047258949e+02 5.552459829867675012e+01 1.539357277882797632e+02
2.549458412098298652e+02 5.625909735349716101e+01 1.544219045368620016e+02
2.549478733459357329e+02 5.647535444234404878e+01 1.548206758034026507e+02
2.549475897920604837e+02 5.618792533081285256e+01 1.541813327032135987e+02
2.549474480151228875e+02 5.543589319470699195e+01 1.534851370510396862e+02
2.549426275992438491e+02 5.503390831758034096e+01 1.537819943289225080e+02
2.549410916824196534e+02 5.511885633270321705e+01 1.539307183364839204e+02
2.549382561436673029e+02 5.500730151228733433e+01 1.537039697542533077e+02
2.549420841209829973e+02 5.540354442344045083e+01 1.541447778827977402e+02
2.549426275992438491e+02 5.554562854442344388e+01 1.540689035916824139e+02
2.549440689981096284e+02 5.573568052930056638e+01 1.537334120982986860e+02
2.549473298676748527e+02 5.567218809073723662e+01 1.544700614366729781e+02
2.549432419659735274e+02 5.564638468809073402e+01 1.543604442344045253e+02
2.549458884688090734e+02 5.516746219281663599e+01 1.541867438563326971e+02
2.549507088846880833e+02 5.478707466918714886e+01 1.547053166351606706e+02
2.549454158790170197e+02 5.448534971644612313e+01 1.543406190926276054e+02
2.549453686200378115e+02 5.412715028355387403e+01 1.545512523629489579e+02
2.549498582230623924e+02 5.394957466918714317e+01 1.546770085066162608e+02
2.549478733459357329e+02 5.416365784499054570e+01 1.546409499054820458e+02
2.549472826086956445e+02 5.452625236294895927e+01 1.546853024574669178e+02
2.549374291115312019e+02 5.476320888468809045e+01 1.546894376181474513e+02
2.549400519848771296e+02 5.487157372400756117e+01 1.543266068052930109e+02
2.549413279773156944e+02 5.504567580340264499e+01 1.550633270321361010e+02
2.549487476370510421e+02 5.494496691871455596e+01 1.550176039697542478e+02
