2.542971692230951533e+02 1.898586107993515384e+02 1.173178700586107936e+01
2.543289811697219136e+02 1.896904476867439939e+02 1.201315625389699449e+01
2.545861828158124354e+02 2.043126075570519902e+02 2.509243047761566103e+01
2.542875171467763948e+02 1.851658685621648601e+02 9.711036288814065998e+00
2.542843870806833877e+02 1.856411397929916518e+02 1.000062351914203695e+01
2.542662302032672414e+02 1.858310013717421043e+02 1.016422247162987880e+01
2.543552687367502187e+02 1.916280458910088669e+02 1.377229080932784555e+01
2.542218605811198415e+02 1.847194537972315800e+02 9.540029928918817959e+00
2.542377977303903265e+02 1.849195286195286201e+02 9.546539468761691793e+00
2.542438957475994528e+02 1.850800723282204672e+02 9.512495323606435349e+00
2.542615039281705833e+02 1.857990896620526371e+02 1.010956478363885758e+01
2.542332585110362970e+02 1.853612171093652705e+02 9.876318742985409571e+00
2.542428357650579756e+02 1.850974560419005002e+02 9.742561416635490801e+00
2.542357525876044519e+02 1.849122085048011002e+02 9.694525501932909961e+00
2.542411273226088042e+02 1.849674772415513075e+02 9.613704950741988497e+00
2.542393814690111071e+02 1.848779523631375525e+02 9.584848484848484063e+00
2.542277715425863676e+02 1.848401047512158755e+02 9.648185559296670988e+00
2.542324229953859458e+02 1.848383464272353081e+02 9.415563037785259937e+00
2.542318992393066424e+02 1.848227709190672101e+02 9.460406534480608087e+00
2.542274223718668225e+02 1.847825664047886391e+02 9.573288439955106810e+00
2.542328220476368585e+02 1.847482105000623562e+02 9.492866941015089211e+00
2.542312757201646036e+02 1.846698840254395861e+02 9.341339319117096807e+00
2.542294301035041713e+02 1.845921187180446452e+02 9.391295672777154380e+00
2.542274847237810320e+02 1.845694725028058372e+02 9.344930789375233360e+00
2.542357775283701073e+02 1.843601945379723190e+02 9.366878663174960096e+00
2.542348921311884169e+02 1.843201396682878226e+02 9.270283077690484319e+00
2.542282080059857776e+02 1.841812570145903578e+02 9.342474123955605947e+00
2.542273974311011386e+02 1.841306397306397287e+02 9.247586980920313948e+00
2.542181319366504511e+02 1.842262626262626384e+02 9.192866941015088500e+00
2.542272851976555614e+02 1.842526873675021761e+02 9.237560793116347924e+00
2.542280833021573869e+02 1.842581743359521056e+02 9.177503429355281739e+00
2.542323980546202904e+02 1.842998877665544342e+02 9.149195660306771671e+00
2.542196283825913383e+02 1.842409776780147013e+02 9.182391819428856294e+00
2.542280583613917031e+02 1.842421124828532299e+02 9.163623893253522112e+00
2.542231076194039190e+02 1.842845990771916718e+02 9.260169597206633796e+00
2.542234942012719898e+02 1.842428482354408175e+02 9.286781394188801997e+00
2.542299039780521355e+02 1.842690110986407319e+02 9.220251901733382383e+00
2.542307519640853002e+02 1.843990522509041057e+02 9.255954607806460288e+00
2.542272228457413519e+02 1.843942511535104245e+02 9.338371368000997208e+00
2.542262501558797965e+02 1.845022072577628194e+02 9.139107120588601418e+00
2.542227085671530062e+02 1.845214864696346240e+02 9.288639481232074502e+00
2.542266242673649970e+02 1.844566903603940773e+02 9.231575009352786410e+00
2.542221473999251771e+02 1.844861952861952830e+02 9.273438084549194826e+00
2.542124454420750794e+02 1.843607058236687806e+02 9.298902606310013752e+00
2.542135802469135797e+02 1.843988153136301378e+02 9.353111360518768791e+00
2.542166604314752476e+02 1.843595336076817546e+02 9.509302905599202660e+00
2.542173463025314959e+02 1.844284698840254464e+02 9.457588227958598992e+00
2.542243421873051545e+02 1.844069584736251386e+02 9.384923307145529137e+00
2.542215114104002964e+02 1.842353660057363811e+02 9.461005112856964772e+00
2.542206135428357641e+02 1.840201770794363370e+02 9.436588103254770488e+00
2.542009103379473629e+02 1.839168100760693392e+02 9.339855343559047895e+00
2.542202269609676932e+02 1.840517146776406037e+02 9.277678014715052157e+00
2.542129691981543829e+02 1.841361266990896581e+02 9.430303030303029743e+00
2.542023444319740690e+02 1.843048634493079021e+02 9.452575134056615980e+00
2.542087292679885309e+02 1.843300037411148651e+02 9.527584486843746703e+00
2.542108367626886150e+02 1.843519516149145829e+02 9.483663798478612961e+00
2.542226337448559548e+02 1.844460032422995255e+02 9.608841501434094212e+00
2.542165980795610380e+02 1.844311136051876758e+02 9.589537348796607574e+00
2.542116473375732539e+02 1.844047138047137935e+02 9.492904352163611392e+00
2.542160369123332089e+02 1.844220850480109846e+02 9.613118842748471948e+00
2.542101134804838409e+02 1.843016835016834989e+02 9.690510038658187497e+00
2.542200149644594092e+02 1.843551689736874835e+02 9.610325476992143123e+00
2.542111360518767924e+02 1.843875046763935757e+02 9.670919067215363540e+00
2.542233944382092545e+02 1.844204389574759944e+02 9.799052250904102479e+00
2.542218231699713158e+02 1.843781394188801528e+02 9.933707444818555388e+00
2.542205137797730288e+02 1.843500685871056248e+02 9.900049881531362672e+00
2.542164858461154893e+02 1.844034917071953998e+02 9.965120339194413646e+00
2.542072328220476436e+02 1.844872677391196021e+02 9.920488839007356674e+00
2.542047013343309629e+02 1.844790622272103633e+02 1.019855343559047256e+01
2.542003616411023756e+02 1.844298042149893888e+02 1.025549320364135220e+01
2.542038408779149563e+02 1.844776281331836856e+02 1.025327347549569801e+01
2.542021947873799661e+02 1.842943758573388209e+02 1.017025813692480440e+01
2.541944506796358780e+02 1.840324105250031153e+02 1.012601321860581116e+01
2.542000872926798820e+02 1.839170719541089909e+02 1.025876044394562925e+01
2.542061354283576406e+02 1.839267614415762466e+02 1.023280957725402196e+01
2.542001745853597754e+02 1.840083925676518390e+02 1.043820925302406799e+01
2.541930290559920138e+02 1.841220601072452894e+02 1.045268736750218252e+01
2.542035789998753046e+02 1.842579623394438215e+02 1.064935777528370053e+01
2.542031924180072338e+02 1.843221099887766457e+02 1.074864696346177872e+01
2.542085671530115860e+02 1.842912832023943110e+02 1.091136051876792656e+01
2.542059359022321985e+02 1.843005736376106825e+02 1.083024067838882587e+01
2.542039406409776916e+02 1.843029679511161021e+02 1.081566280084798670e+01
2.542016710313006627e+02 1.843556428482354477e+02 1.090497568275346119e+01
2.541985908467389947e+02 1.842382217234068946e+02 1.079614665170220711e+01
2.542007606933532884e+02 1.843006359895248920e+02 1.095455792492829517e+01
2.542024691358024597e+02 1.843643970569896453e+02 1.097560793116348599e+01
2.542006110487591855e+02 1.843305649083426943e+02 1.116329966329966261e+01
2.542016710313006627e+02 1.843322608804090237e+02 1.120574884648958758e+01
2.541915201396682846e+02 1.844015587978551025e+02 1.129632123706197788e+01
2.541938271604938393e+02 1.844732385584237306e+02 1.130987654320987623e+01
2.542081805711435436e+02 1.843723282204763620e+02 1.114665170220725798e+01
2.542001122334455658e+02 1.844526499563536674e+02 1.108845242548946253e+01
2.541973687492206011e+02 1.843690235690235681e+02 1.102066342436712887e+01
2.541998752961715979e+02 1.841860830527497228e+02 1.101372989150766912e+01
2.541939768050879138e+02 1.840357401172215930e+02 1.095979548572141127e+01
2.541949494949494976e+02 1.840734256141663536e+02 1.089367751589973743e+01
2.541953485472004104e+02 1.841553061478987274e+02 1.109594712557675500e+01
2.541980546202768494e+02 1.843140541214615382e+02 1.112270856715301193e+01
2.542007482229704465e+02 1.843332834518019752e+02 1.119041027559546109e+01
2.542071205886020664e+02 1.844200274348422397e+02 1.118834019204389563e+01
2.542017832647462399e+02 1.844200648459907654e+02 1.116106746477116829e+01
2.541954483102631173e+02 1.843437211622396887e+02 1.117918693103878347e+01
2.542047512158623306e+02 1.843539344057862479e+02 1.124002992891881725e+01
2.542043022820800502e+02 1.843830776904850950e+02 1.125122833270981459e+01
2.542012719790497499e+02 1.843840129691981531e+02 1.128963711185933327e+01
2.542002119965083011e+02 1.843757326349918912e+02 1.133025314877166778e+01
2.542031300660930242e+02 1.844560668412520386e+02 1.137922434218730494e+01
2.542008729267988656e+02 1.844948372615039318e+02 1.152400548696845028e+01
2.542001995261254592e+02 1.845279960094775049e+02 1.147525876044394622e+01
2.542001496445940916e+02 1.845623020326723918e+02 1.146337448559670769e+01
2.542123830901608699e+02 1.845458660680882872e+02 1.150823045267489775e+01
2.542129691981543829e+02 1.845586107993515270e+02 1.150123456790123377e+01
2.542055742611298115e+02 1.845034917071954226e+02 1.134107744107744153e+01
2.542074074074074019e+02 1.843396807581992789e+02 1.132721037535852382e+01
2.542144531737124282e+02 1.840778526000748343e+02 1.134069085920937781e+01
2.542072203516648017e+02 1.838684125202643713e+02 1.119400174585359764e+01
2.542041152263374499e+02 1.837789001122334582e+02 1.119865319865319897e+01
2.541953485472004104e+02 1.837671779523631415e+02 1.122037660556179084e+01
2.541932535228831398e+02 1.839284200024940787e+02 1.124160119715675243e+01
2.541948622022696043e+02 1.841984661429105756e+02 1.122525252525252526e+01
2.541909090909090878e+02 1.842940391570021177e+02 1.133063973063973151e+01
2.541997381219603369e+02 1.844287317620650981e+02 1.131167227833894451e+01
2.541890634742486554e+02 1.844573388203017714e+02 1.136477116847487245e+01
2.541931412894375910e+02 1.844575383464272420e+02 1.141172215987030825e+01
2.541871804464396973e+02 1.844455667789001154e+02 1.139609677017084444e+01
2.541892131188427584e+02 1.844610549943883200e+02 1.137169223095149029e+01
2.541910213243546650e+02 1.844859084673899474e+02 1.140879161990273083e+01
2.541991644843496658e+02 1.845455293677515840e+02 1.154655193914453193e+01
2.541925925925926038e+02 1.845134555430851719e+02 1.167101883027808995e+01
2.541881406659184393e+02 1.846319117096894900e+02 1.152829529866566816e+01
2.541934405786257685e+02 1.846398678139418905e+02 1.165010599825414594e+01
2.541897742860705876e+02 1.846649956353660116e+02 1.155975807457288873e+01
2.541801471505175130e+02 1.847276468387579484e+02 1.153150018705574276e+01
2.541952861952862008e+02 1.846867065718917615e+02 1.146272602568898868e+01
2.541876917321361873e+02 1.846275346053123769e+02 1.162969198154383399e+01
2.541850854221224552e+02 1.844529866566903706e+02 1.151947873799725564e+01
2.541861204638982485e+02 1.842839755580496330e+02 1.147121835640354170e+01
2.541825539344057745e+02 1.841961341813193656e+02 1.129351540092280892e+01
2.541786507045766257e+02 1.841906970944008037e+02 1.133014091532610124e+01
2.541835515650330422e+02 1.842976181568774052e+02 1.146538221723406892e+01
2.541829529866566872e+02 1.844581493951864388e+02 1.137660556179074689e+01
2.541932784636488236e+02 1.845674273600199626e+02 1.166874922060107167e+01
2.541827908716797708e+02 1.846408280334206324e+02 1.161477740366629341e+01
2.541916448434967037e+02 1.846609053497942341e+02 1.162041401671031338e+01
2.541900860456416069e+02 1.847034168848983597e+02 1.155262501558797794e+01
2.541907594463150133e+02 1.845845242548946317e+02 1.163656316248908773e+01
2.541904102755954682e+02 1.845634991894251016e+02 1.172644968200523685e+01
2.541938895124080204e+02 1.845167976056864916e+02 1.158836513280957803e+01
2.541949869060980234e+02 1.845195036787629306e+02 1.159245541838134486e+01
2.541835640354158841e+02 1.845672028931288082e+02 1.149142037660556248e+01
2.542009602194787306e+02 1.845709938895124083e+02 1.158244170096021897e+01
2.541940266866192815e+02 1.845957725402169842e+02 1.150160867938645737e+01
2.541975682753460433e+02 1.845973936899862906e+02 1.157623145030552436e+01
2.541960094774909464e+02 1.846348796608055807e+02 1.152694849731886784e+01
2.541931537598204329e+02 1.845416386083052771e+02 1.145102880658436284e+01
2.541961840628507332e+02 1.845938770420251842e+02 1.158352662426736579e+01
2.541876667913705035e+02 1.845878912582616351e+02 1.152421748347674324e+01
2.541913081431600006e+02 1.845845866068088412e+02 1.132396807581992704e+01
2.542078438708068404e+02 1.845609302905599236e+02 1.146021947873799718e+01
2.541891382965457069e+02 1.843884773662551311e+02 1.138932535228831533e+01
2.541896620526250103e+02 1.842215987030801898e+02 1.117003367003366954e+01
2.541899488714303459e+02 1.842171093652574996e+02 1.121470258136924869e+01
2.542048385085422240e+02 1.843141912956727708e+02 1.113001621149769349e+01
2.542069958847736757e+02 1.843860830527497114e+02 1.112719790497568262e+01
2.542055617907469696e+02 1.844871679760568668e+02 1.117659309140790569e+01
2.542104002992891765e+02 1.845471380471380485e+02 1.125474498067090678e+01
2.542082429230577247e+02 1.845455917196657936e+02 1.121017583239805404e+01
2.542058735503179889e+02 1.845621523880783172e+02 1.119437585733881946e+01
2.542109489961341922e+02 1.846132809577254079e+02 1.099542336949744303e+01
2.542014715051752205e+02 1.845635615413393111e+02 1.117792742237186765e+01
2.541949869060980234e+02 1.846743110113480384e+02 1.117749095897243983e+01
2.541985659059733109e+02 1.846839755580496387e+02 1.112722284574136467e+01
2.542036413517895141e+02 1.848029928918817859e+02 1.109047262750966389e+01
2.541891133557800231e+02 1.848162613792243292e+02 1.091572515276219058e+01
2.541973188676892335e+02 1.848706571891757164e+02 1.098144407033295877e+01
2.541967078189300366e+02 1.848310886644219977e+02 1.102510288065843547e+01
2.542001745853597754e+02 1.848390946502057659e+02 1.101195909714428289e+01
2.541943883277216685e+02 1.848484100261877927e+02 1.099938895124080318e+01
2.541927547075695202e+02 1.847620276842499152e+02 1.075139044768674346e+01
2.541883027808953841e+02 1.847220975183938094e+02 1.087697967327596871e+01
2.541898740491332944e+02 1.845084923307145459e+02 1.065422122459159482e+01
2.541917071954109133e+02 1.845707195410899146e+02 1.066783888265369740e+01
2.541801970320488806e+02 1.845372490335453222e+02 1.059759321611173455e+01
2.541916199027310199e+02 1.844989150766928674e+02 1.067952363137548311e+01
2.541940516273849653e+02 1.845737249033545311e+02 1.076278837760319185e+01
2.542000623519141982e+02 1.846539842873176269e+02 1.091168474872178606e+01
2.541995760069834205e+02 1.847540341688489889e+02 1.084980670906596778e+01
2.542047138047138048e+02 1.847864696346177880e+02 1.075619154508043351e+01
2.541960094774909464e+02 1.846509913954358524e+02 1.074328469884025417e+01
2.541898116972191133e+02 1.846955480733258526e+02 1.085993265993266021e+01
2.541937273974311040e+02 1.847027559546077953e+02 1.084269859084673904e+01
2.542049881531362985e+02 1.847368749220601103e+02 1.090495074198777914e+01
2.541869809203142552e+02 1.848058984910836671e+02 1.097798977428607081e+01
2.541991894251153496e+02 1.847421748347674395e+02 1.103353285945878604e+01
2.541950492580122329e+02 1.848146277590722093e+02 1.094340940266866191e+01
2.541878413767302618e+02 1.847596458411273090e+02 1.089324105250031138e+01
2.541897867564534295e+02 1.847490584860955209e+02 1.095656565656565640e+01
2.541923556553186074e+02 1.847269859084673840e+02 1.089880284324728699e+01
2.541946751465270040e+02 1.847545205137797666e+02 1.098698092031425411e+01
2.541982292056366077e+02 1.847306771417882487e+02 1.099937648085796305e+01
2.542055992018954953e+02 1.845838882653697510e+02 1.093789749345304863e+01
2.541962339443821008e+02 1.843236313754832167e+02 1.070092280833021547e+01
2.542009228083302048e+02 1.842554433221099828e+02 1.063641351789499900e+01
2.542005611672278462e+02 1.842064596583115019e+02 1.065609178201770746e+01
2.542008479860331818e+02 1.843380720788128144e+02 1.077605686494575465e+01
2.541956603067714298e+02 1.844407282703579085e+02 1.084224965706447108e+01
2.541947374984412136e+02 1.844759321611173561e+02 1.090579872802095096e+01
2.542049382716049308e+02 1.845321361765806216e+02 1.095548073325851135e+01
2.541948746726524462e+02 1.845420127197905060e+02 1.107544581618655677e+01
2.541994762439206852e+02 1.845185684000498725e+02 1.090939019827908751e+01
2.541954233694974334e+02 1.845071579997506035e+02 1.121767053248534651e+01
2.542003367003366918e+02 1.844987654320987644e+02 1.123491707195410960e+01
2.542119590971442733e+02 1.845924803591470322e+02 1.155427110612295749e+01
2.542095897244045375e+02 1.847855967078189394e+02 1.157487217857588213e+01
2.542095273724903279e+02 1.847614789874048995e+02 1.152436712807083197e+01
2.542074074074074019e+02 1.847924055368499694e+02 1.171536351165980783e+01
2.542106746477116985e+02 1.849482229704451868e+02 1.177640603566529443e+01
2.542079561042523892e+02 1.848683376979673199e+02 1.174999376480857904e+01
2.542134056615538213e+02 1.849166853722409201e+02 1.166877416136675372e+01
2.542026187803965627e+02 1.848872802095024213e+02 1.178832772166105514e+01
2.542087916199027404e+02 1.847890510038658078e+02 1.180571143534106504e+01
2.542233071455293612e+02 1.847461528868936398e+02 1.186785135303653860e+01
2.541993141289437688e+02 1.846991021324354563e+02 1.167707943633869583e+01
2.542146651702207123e+02 1.846611298166853601e+02 1.163304651452799554e+01
2.542189674523007739e+02 1.846308392567651708e+02 1.182642474123955623e+01
2.542112981668537088e+02 1.846726898615787604e+02 1.183868312757201657e+01
2.542141164733757250e+02 1.847446689113355660e+02 1.186534480608554709e+01
2.542109864072826895e+02 1.848461404165107922e+02 1.181301907968574660e+01
2.542119216859957476e+02 1.846866816311260777e+02 1.175182691108616950e+01
2.542189549819179319e+02 1.847140416510787020e+02 1.195736376106746413e+01
2.542153759820426444e+02 1.846121710936525631e+02 1.188053373238558486e+01
2.541928295298665716e+02 1.846011223344556811e+02 1.177565781269484901e+01
2.542025439580995112e+02 1.846620027434842370e+02 1.176241426611797003e+01
2.542036413517895141e+02 1.846866192792118682e+02 1.174838508542212168e+01
2.542003990522509014e+02 1.847437710437710336e+02 1.168449931412894394e+01
2.541895124080309358e+02 1.847872552687367431e+02 1.176473375732635063e+01
2.541949619653323396e+02 1.847809701957850166e+02 1.174779897742860690e+01
2.542099513655069245e+02 1.848244918318992518e+02 1.165240054869684450e+01
2.542047387454794887e+02 1.847367377478488493e+02 1.160906596832522730e+01
2.542092654944506762e+02 1.848119341563786122e+02 1.148174335952113800e+01
2.542104626512033860e+02 1.848640852974186259e+02 1.152401795735129042e+01
2.542104002992891765e+02 1.849394313505424634e+02 1.148146901109864082e+01
2.542144531737124282e+02 1.849387828906347409e+02 1.152368125701459078e+01
2.542205137797730288e+02 1.848901234567901213e+02 1.144687616909839178e+01
2.542180695847362415e+02 1.847329093403167519e+02 1.146641725900985165e+01
2.542172964210001282e+02 1.844732510288065725e+02 1.138149395186432145e+01
2.542128320239431218e+02 1.844210749470008750e+02 1.133865818680633453e+01
2.542133931911709794e+02 1.844063474248659418e+02 1.128498565905973372e+01
2.542050255642848242e+02 1.844104002992891935e+02 1.135863574011722221e+01
2.542173338321486540e+02 1.845035540591096037e+02 1.137732884399551025e+01
2.542186931038782802e+02 1.846151639855343660e+02 1.155893502930539896e+01
2.542229829155754999e+02 1.846254645217608186e+02 1.159063474248659453e+01
2.542096520763187470e+02 1.846303903229829189e+02 1.175152762189799205e+01
2.542111609926424762e+02 1.845557924928295392e+02 1.167628133183688810e+01
2.542074572889387696e+02 1.846689861578750538e+02 1.164185060481356793e+01
2.542156004489337704e+02 1.846777777777777771e+02 1.172870682129941322e+01
2.542134306023195052e+02 1.846467140541214746e+02 1.185449557301409129e+01
2.542188302780895413e+02 1.847311634867190548e+02 1.188666916074323510e+01
2.542126449682005216e+02 1.847394937024566559e+02 1.188072078812819576e+01
2.542214490584860869e+02 1.847505050505050406e+02 1.199674523007856308e+01
2.542087043272228470e+02 1.847892255892255946e+02 1.195566778900112226e+01
2.542070582366878568e+02 1.847456291308143079e+02 1.202334455667788937e+01
2.542059234318493566e+02 1.847169597206634251e+02 1.199926424741239472e+01
2.542083925676518277e+02 1.847259009851602514e+02 1.204597830153385729e+01
2.542237311385459577e+02 1.845954483102631229e+02 1.206464646464646506e+01
2.542070582366878568e+02 1.846159995011846888e+02 1.211654819802967964e+01
2.542121710936525858e+02 1.845362389325352410e+02 1.198012220975183872e+01
2.542097518393814823e+02 1.844075819927671773e+02 1.187164234942012797e+01
2.542138920064845991e+02 1.841904726275096777e+02 1.186954732510288046e+01
2.542066965955854982e+02 1.841422371866816263e+02 1.202603815937149356e+01
2.542133058984910861e+02 1.841865319865319748e+02 1.210134680134680174e+01
2.541999251777029656e+02 1.843039780521262117e+02 1.227404913330839342e+01
2.542090410275595502e+02 1.844235440828033461e+02 1.233395685247537088e+01
2.542000748222970401e+02 1.844971442823294581e+02 1.242934281082429315e+01
2.541985783763561528e+02 1.845819428856465834e+02 1.248567153011597419e+01
2.542271979049756965e+02 1.845374859708192901e+02 1.255420875420875504e+01
2.542118219229330407e+02 1.845126324978176910e+02 1.246068088290310527e+01
2.542144032921810606e+02 1.845276094276094341e+02 1.242159870308018377e+01
2.542060606060606176e+02 1.845131811946626783e+02 1.259159496196533290e+01
2.541961217109365236e+02 1.844756702830777044e+02 1.251219603441825612e+01
2.542162364384586510e+02 1.846170470133432957e+02 1.251507669285447122e+01
2.542171592467888672e+02 1.845442573887018227e+02 1.251669784262376872e+01
2.542187429854096479e+02 1.846752088789125708e+02 1.239890260631001340e+01
2.542066841252026563e+02 1.846334206260132191e+02 1.249339069709440153e+01
2.542045891008853857e+02 1.846800723282204899e+02 1.249506172839506135e+01
2.542148023444319733e+02 1.847324479361516296e+02 1.245120339194413184e+01
2.542197655568025993e+02 1.845923681257014550e+02 1.251942885646589332e+01
2.542113480483850765e+02 1.846078438708068461e+02 1.252042648709315387e+01
2.542134555430851606e+02 1.843989275470756866e+02 1.239271729642100084e+01
2.542100261878039760e+02 1.842903229829155691e+02 1.238088290310512463e+01
2.541942885646589332e+02 1.842676019453797096e+02 1.215814939518643278e+01
2.542014216236438529e+02 1.843220725776281199e+02 1.233360768175582933e+01
