1.545100661021446911e+02 1.304289703505343709e+02 1.448359629441991672e+02
1.549773527779788083e+02 1.308229234517864370e+02 1.447406335190948425e+02
1.524295855347277495e+02 1.280138597380039016e+02 1.418368012834430942e+02
1.530221104436563735e+02 1.287307302598248668e+02 1.425538406793563411e+02
1.542373042869894562e+02 1.301086704783961920e+02 1.437757713927287568e+02
1.551890726399845732e+02 1.312462908011869445e+02 1.447225398663482281e+02
1.554013714988782056e+02 1.315575197220814800e+02 1.449283129478179148e+02
1.555720489252370271e+02 1.318507213336228290e+02 1.452529432341801225e+02
1.555859388193288453e+02 1.318643518853586158e+02 1.455125027140479119e+02
1.548068623193650240e+02 1.312193674458999908e+02 1.448689898916793197e+02
1.534790656437721736e+02 1.297409169863211957e+02 1.433975537381486447e+02
1.518290089503268803e+02 1.279980157294154566e+02 1.415794492292103826e+02
1.509080299630889499e+02 1.269972919833055869e+02 1.404502062676413061e+02
1.509163228872644709e+02 1.269658572772671334e+02 1.403624942703432907e+02
1.516511000940869849e+02 1.279195314950182194e+02 1.412742937444211293e+02
1.523152818991098059e+02 1.284352005982967739e+02 1.421538985790451477e+02
1.526354551156787522e+02 1.286301536754239976e+02 1.423616498998817974e+02
1.527054715205905779e+02 1.285935622783527492e+02 1.423296965091312529e+02
1.528696714192661261e+02 1.286576198402933642e+02 1.425339979735108784e+02
1.522393066512267410e+02 1.279171853513787340e+02 1.416501290680562590e+02
1.518285143904851395e+02 1.274404779136812209e+02 1.412013280741116148e+02
1.520244565872958447e+02 1.276207510072133431e+02 1.414041458589660181e+02
1.523067175701430642e+02 1.278580914815082821e+02 1.417050493353598313e+02
1.530089141395864942e+02 1.286673240693831133e+02 1.425606861113121511e+02
1.533794600854020302e+02 1.290123579648259522e+02 1.431423307037224788e+02
1.541040143784227041e+02 1.298420846300451217e+02 1.440129791802368970e+02
1.540580203131408155e+02 1.297189814479747270e+02 1.440385032930448119e+02
1.537367916334949598e+02 1.293352211044365561e+02 1.438831873778678414e+02
1.536637897758799625e+02 1.293683445513980246e+02 1.437985271766664255e+02
1.531523485561264977e+02 1.287066958577597688e+02 1.432254529444404341e+02
1.524143808352030192e+02 1.279564727027092204e+02 1.423672890883211437e+02
1.520054944392173866e+02 1.275292996550143556e+02 1.418289245132807537e+02
1.513221212998480212e+02 1.269965079250198983e+02 1.413964138380256088e+02
1.509465513497864890e+02 1.266705990205302612e+02 1.409797592337941126e+02
1.510765602759885269e+02 1.267151455935924389e+02 1.411526320233528793e+02
1.513499734626426516e+02 1.269960073339605771e+02 1.414778352753853881e+02
1.517968324045258157e+02 1.274568888567224008e+02 1.418753588574461446e+02
1.520960652336493695e+02 1.276999408940676943e+02 1.422597524788304213e+02
1.520305601794890435e+02 1.276970760657161463e+02 1.421811898386046096e+02
1.521902909459361695e+02 1.278389242720320311e+02 1.423818363851294180e+02
1.521694953077127082e+02 1.277729065643772230e+02 1.422139996622518083e+02
1.517622735277797972e+02 1.272304347301633243e+02 1.417572314298810738e+02
1.514047610431593966e+02 1.269653144676847347e+02 1.412833224771416951e+02
1.513683807387035358e+02 1.269031688017176975e+02 1.414280656678970445e+02
1.510380931702491978e+02 1.265449566958577634e+02 1.409171853513787482e+02
1.515261754843067763e+02 1.270763491833731393e+02 1.414771296229282882e+02
1.521267038189669734e+02 1.277458384598682812e+02 1.422106040867530226e+02
1.524627210441243790e+02 1.280224180357530486e+02 1.426506839400738329e+02
1.524449591083447899e+02 1.279905430508311071e+02 1.425915418204627088e+02
1.522330341849412605e+02 1.276535547996429472e+02 1.421494656341222083e+02
1.517066536392366913e+02 1.270616088876022332e+02 1.414638790379001705e+02
1.508429350317242097e+02 1.261782405732069208e+02 1.408686038937540843e+02
1.502343429591566064e+02 1.255465368748643016e+02 1.400449747895105190e+02
1.499798677957105895e+02 1.252600419772743692e+02 1.399079575884779558e+02
1.496029709777809842e+02 1.248696774504837066e+02 1.393220187691491105e+02
1.500554027647101520e+02 1.253635798895080882e+02 1.398685858001013287e+02
1.505922715977901589e+02 1.259340727606089132e+02 1.405452281006489557e+02
1.512958674097126845e+02 1.265791114810257909e+02 1.412299039830161007e+02
1.520793647921642560e+02 1.274102615135943637e+02 1.419849822682203069e+02
1.522660249451159302e+02 1.276031941328315327e+02 1.421422281730235682e+02
1.521102989071433740e+02 1.273380919640056987e+02 1.418943029118718471e+02
1.524073001857614997e+02 1.277517128657933512e+02 1.423935007599334028e+02
1.523408241055704195e+02 1.276803514993606967e+02 1.423959675279245403e+02
1.519073846228076548e+02 1.272841789100383636e+02 1.419174145376468630e+02
1.514961098646594735e+02 1.269066488142626241e+02 1.415642445296856522e+02
1.509708390629900236e+02 1.262830088538274111e+02 1.409171853513787482e+02
1.506270898168922372e+02 1.259095498299196692e+02 1.405286543147330462e+02
1.511794709415936779e+02 1.265596909604110891e+02 1.411698511495500838e+02
1.516508769390364648e+02 1.270085040167909085e+02 1.416846336638440675e+02
1.522218884948493383e+02 1.276179585534727750e+02 1.422843960338713316e+02
1.529206171141830168e+02 1.283349798557332804e+02 1.430991592482690464e+02
1.527928397384864070e+02 1.281429579503510183e+02 1.429362259052857667e+02
1.526430785747026562e+02 1.280184434633663955e+02 1.427404163952618887e+02
1.522493486285011102e+02 1.275760355600588696e+02 1.423128030686835075e+02
1.514876420351740478e+02 1.267998480133169323e+02 1.414743733564932029e+02
1.512319907842995406e+02 1.265560782610793495e+02 1.413532604762249321e+02
1.510839666111794770e+02 1.263729282767605184e+02 1.410116764372391458e+02
1.507865733034184927e+02 1.260689368169646087e+02 1.406968890979711091e+02
1.510899495790210096e+02 1.263838206557139756e+02 1.410413982774842623e+02
1.514266543629827879e+02 1.267854876842536953e+02 1.413879158524522950e+02
1.518829642228172929e+02 1.271712262671588149e+02 1.418185689126920863e+02
1.521951219512195053e+02 1.274626185134254968e+02 1.420885744614122643e+02
1.520966140744493487e+02 1.273623314274685754e+02 1.419607548671925770e+02
1.516481930472123736e+02 1.268176943861426764e+02 1.414445550167667989e+02
1.510493353598224360e+02 1.262112976767749899e+02 1.407092289691442772e+02
1.507608441292128134e+02 1.259345793828858149e+02 1.404706219391570698e+02
1.508613664326554158e+02 1.261248281102989068e+02 1.407504704349714189e+02
1.511117524305806796e+02 1.263316445924103135e+02 1.409086632409350841e+02
1.512865974282888146e+02 1.265217606330365925e+02 1.411651588622711131e+02
1.516776555451014588e+02 1.269895961496706889e+02 1.415577127210441120e+02
1.514104303876866595e+02 1.266341584038985815e+02 1.411612446020602647e+02
1.514415876577163260e+02 1.265583037803671829e+02 1.410801609128851055e+02
1.520144930158500358e+02 1.271471013968299957e+02 1.417499638126945172e+02
1.515304697112252938e+02 1.265098911968348148e+02 1.411679211599237647e+02
1.510154097609225232e+02 1.258763962268702841e+02 1.404586921907794874e+02
1.515638223444549055e+02 1.265053677836481683e+02 1.412501085619164769e+02
1.521492786663771710e+02 1.271135075148971083e+02 1.421702914284335861e+02
1.520407770620732890e+02 1.270631649417384352e+02 1.420060493112349604e+02
1.527905418445875796e+02 1.279229210392994105e+02 1.427953426937830272e+02
1.530040288533449200e+02 1.281237907408747674e+02 1.430474656823719499e+02
1.522841909724735103e+02 1.273895744372873935e+02 1.423160900822658164e+02
1.521536814552121655e+02 1.272617126245446428e+02 1.422362548551301416e+02
1.516186461122771334e+02 1.267456997418638878e+02 1.416326505995030232e+02
1.514847048322115199e+02 1.266396347494632266e+02 1.414508938264456788e+02
1.518075559093869913e+02 1.270436358592072565e+02 1.417421352922727920e+02
1.514189585293479183e+02 1.266043340329545686e+02 1.413064582277870329e+02
1.509753443825239572e+02 1.260524354056596934e+02 1.408449977081373277e+02
1.513630008926201924e+02 1.264325468625606135e+02 1.413251308774215431e+02
1.510519408458179669e+02 1.261095148488576854e+02 1.409442594871052563e+02
1.505360304938361082e+02 1.256002448674338439e+02 1.403581216375961844e+02
1.506522460254276155e+02 1.256676497551325724e+02 1.404604412438783072e+02
1.508698161684880859e+02 1.259049480109044481e+02 1.407382813442377767e+02
1.507622795589973634e+02 1.256363477358809178e+02 1.406516127475814812e+02
1.509119502545173930e+02 1.258086174036814526e+02 1.406699355865962104e+02
1.504499770813731914e+02 1.252079081324937846e+02 1.400617596680417876e+02
1.494707968444669746e+02 1.241068188945984474e+02 1.389005090347639282e+02
1.500613254203758515e+02 1.247892873513304863e+02 1.394963873006682604e+02
1.505821693083399566e+02 1.253250886588984514e+02 1.400964813876625499e+02
1.505029191093098007e+02 1.251070480808665621e+02 1.399755011941810778e+02
1.509151287061831965e+02 1.254944512798243750e+02 1.402495657523340924e+02
1.513491652794866127e+02 1.258119406045692443e+02 1.405498842006224152e+02
1.508534293503172421e+02 1.252681780897927695e+02 1.400210489493618979e+02
1.510203915466454418e+02 1.255465368748643016e+02 1.402941243878314026e+02
1.510800463197510339e+02 1.256571313116692039e+02 1.402751200212298954e+02
1.506507925019903098e+02 1.251819316783672349e+02 1.398846047139996642e+02
1.506311488263250453e+02 1.252137765072012741e+02 1.399566958577597688e+02
1.507509649948131596e+02 1.253734168053846645e+02 1.401962256640370583e+02
1.507803852741791388e+02 1.254097790161877839e+02 1.402904694699765855e+02
1.510245108682540831e+02 1.256206183204265301e+02 1.404208101131456488e+02
1.506734819425345506e+02 1.252405309883959319e+02 1.401820402402836976e+02
1.504340486357385771e+02 1.249426310583580602e+02 1.399228064461653389e+02
1.503632843598465740e+02 1.248074051289474369e+02 1.398488999059130151e+02
1.501166919977805208e+02 1.246374212926105542e+02 1.396323791947118309e+02
1.499224867916335029e+02 1.243774094714240874e+02 1.394886613109454458e+02
1.499953800873320233e+02 1.244196883066753543e+02 1.394888362162553506e+02
1.499141998986755482e+02 1.243880786953270103e+02 1.394411353163976628e+02
1.497398072422860764e+02 1.241863706545077264e+02 1.391231152445055557e+02
1.500268389182408271e+02 1.245415611203589776e+02 1.394821777520445778e+02
1.504927203203782824e+02 1.249827748425852150e+02 1.399893971194904907e+02
1.501877095848109889e+02 1.246411666787291068e+02 1.396071385491302976e+02
1.503133217533955701e+02 1.247379496272707513e+02 1.396277894381317708e+02
1.499017514655858747e+02 1.242021000699621283e+02 1.391240742081011206e+02
1.492001338930303120e+02 1.234866891027960776e+02 1.382616523123688239e+02
1.496035921931919574e+02 1.238927951074763030e+02 1.387501749053098763e+02
1.499187715616028527e+02 1.242605365371161099e+02 1.391457805601795030e+02
1.500493052037345194e+02 1.244331680779715867e+02 1.393415116643747922e+02
1.504436925526525215e+02 1.248078031893078617e+02 1.396413174591686470e+02
1.506399483727774964e+02 1.249298026585607033e+02 1.397597102603073438e+02
1.503481158476273265e+02 1.245475802755060215e+02 1.394709235000361787e+02
1.501545620129791700e+02 1.243506911775349266e+02 1.393078514390485054e+02
1.502128416684760452e+02 1.244416660635449148e+02 1.394276736387541860e+02
1.501223673735253783e+02 1.242762237340474343e+02 1.392146269088803763e+02
1.507091505633157169e+02 1.249213710163807889e+02 1.398001435429784465e+02
1.508421992231791648e+02 1.250005789968878958e+02 1.399364973100769589e+02
1.505541422402354499e+02 1.246797423463848844e+02 1.395447636968951315e+02
1.501941871124942622e+02 1.243899905913005739e+02 1.392222503679042802e+02
1.498967153989047176e+02 1.240452703191720332e+02 1.388787785578152523e+02
1.493545029070468786e+02 1.234083978673614581e+02 1.383735917106945692e+02
1.493776507201273773e+02 1.234319196159320597e+02 1.385107717546018193e+02
1.497844322211768144e+02 1.238707148199078460e+02 1.389900002412487083e+02
1.498105534245253523e+02 1.237126908880364766e+02 1.388948698463245819e+02
1.495975127258691089e+02 1.234380593954307557e+02 1.386693686521435041e+02
1.494658029963088950e+02 1.233346240138959189e+02 1.384276917324069416e+02
1.493998938505705496e+02 1.235907034812187817e+02 1.386687956864731746e+02
1.489370642445296937e+02 1.231908759740416457e+02 1.381544775759330435e+02
1.487502714047911923e+02 1.229847832380400945e+02 1.379055812887505681e+02
1.488944175050059187e+02 1.231195809510023906e+02 1.380441364502665920e+02
1.487705483583025625e+02 1.230196376444476556e+02 1.379456285734964069e+02
1.489100504209789904e+02 1.232720561626981208e+02 1.381845673204506397e+02
1.494427215266217956e+02 1.238094678053605406e+02 1.386258835733758019e+02
1.498323683385201832e+02 1.242345238956840632e+02 1.391554968517044131e+02
1.498632964222817350e+02 1.242360497937323629e+02 1.392183662637813200e+02
1.499275892017080309e+02 1.242827917299944573e+02 1.391498275071771502e+02
1.494025475863067243e+02 1.235763190272852228e+02 1.384949337772309548e+02
1.486980832790523834e+02 1.227260379725458961e+02 1.375552157969650864e+02
1.487713263853706849e+02 1.228992666039420101e+02 1.376577766519504848e+02
1.488397626112759724e+02 1.229457009481074010e+02 1.379551398036235526e+02
1.484433548044679299e+02 1.226004137415261397e+02 1.374941436877276715e+02
1.485132204289402011e+02 1.226582470869219037e+02 1.374037236737352430e+02
1.483756061373670150e+02 1.225665182987141435e+02 1.372824419193746905e+02
1.483877047598369074e+02 1.225908241055704337e+02 1.373387312730694134e+02
1.486336216255337490e+02 1.228443945863790958e+02 1.376197920436177640e+02
1.485307833345395636e+02 1.227417251694772204e+02 1.373642553858772999e+02
1.484792707051699665e+02 1.226695978384116188e+02 1.374185303128995770e+02
1.486087368217895914e+02 1.227994077344334301e+02 1.375937794021857030e+02
1.480280511929748286e+02 1.220935321222648469e+02 1.368760343538153563e+02
1.477743661190321234e+02 1.217569539938722869e+02 1.366055342452534376e+02
1.475102711635424839e+02 1.214550794914477336e+02 1.363601601891389805e+02
1.473771863163735532e+02 1.212486671009143322e+02 1.361700441485127158e+02
1.478347627319003266e+02 1.216878905213384456e+02 1.366355998649007120e+02
1.479368410894791452e+02 1.217930025813611223e+02 1.367973812453257949e+02
1.478201249668283026e+02 1.215434187353743027e+02 1.365339738486405565e+02
1.482226243033943831e+02 1.220569648500639346e+02 1.368194434392415246e+02
1.481936262092591221e+02 1.219801874502424539e+02 1.367615196255820251e+02
1.477447106221804063e+02 1.215333827893175140e+02 1.363160237388724170e+02
1.477931232057127602e+02 1.215304154302670554e+02 1.362598731031820591e+02
1.481802248437914784e+02 1.218780849677932991e+02 1.367487153506550044e+02
1.483332066777641103e+02 1.220770910231357504e+02 1.369951689947166642e+02
1.480223155050541664e+02 1.217534076379339467e+02 1.365344020650888979e+02
1.482495898772044143e+02 1.219706098767219089e+02 1.367969590600950482e+02
1.477800475259945472e+02 1.214764360329063209e+02 1.362771706352078240e+02
1.474832392463390534e+02 1.211063002098863706e+02 1.360291790306627036e+02
1.477439386263298786e+02 1.213764505078285225e+02 1.361716906709126533e+02
1.469613218016453118e+02 1.203287073894477857e+02 1.353348532001640478e+02
1.472769173240693874e+02 1.206935779595184641e+02 1.356817447106221834e+02
1.478119164796989082e+02 1.212237159537767468e+02 1.361781862922486823e+02
1.475768135871269635e+02 1.209868278208004568e+02 1.358943511616125193e+02
1.478274287713203421e+02 1.211651588622711131e+02 1.359776905261634283e+02
1.480385334491327001e+02 1.213185206629514425e+02 1.361631987165569058e+02
1.479899459602904699e+02 1.212364780101806900e+02 1.361413777713444802e+02
1.480706858700634427e+02 1.213150647752768378e+02 1.362539926660394087e+02
1.482080408192805976e+02 1.213387614291573158e+02 1.363605220621939225e+02
1.484758932233239364e+02 1.216120238353718861e+02 1.366428735133048633e+02
1.487727135654145911e+02 1.218786639646811949e+02 1.369019806518539895e+02
1.485027200791295741e+02 1.216790366939277703e+02 1.366850377554220586e+02
1.479747171358953892e+02 1.210322911389351219e+02 1.359507792333116072e+02
1.480282562543726215e+02 1.210201683915948934e+02 1.360606680176593954e+02
1.478173144194350073e+02 1.208393886757858695e+02 1.359619128609683685e+02
1.474651636872451945e+02 1.207780873802803256e+02 1.357617789679380564e+02
1.476548334177703907e+02 1.210733094497117008e+02 1.362386974982509571e+02
1.477270270922293776e+02 1.212741731200694772e+02 1.363699367928397521e+02
1.478430134375527700e+02 1.214854768280620476e+02 1.365242334322452962e+02
1.477784552845528481e+02 1.213261139658874299e+02 1.364959590842199191e+02
1.472013461677643420e+02 1.207696074883597532e+02 1.357786965332561238e+02
1.467929663940556395e+02 1.203305408795927747e+02 1.352660611324214130e+02
1.468313671564015408e+02 1.203933861667993597e+02 1.353707208511254123e+02
1.470314527996912091e+02 1.205901667028539777e+02 1.355226834093266746e+02
1.474899942100311137e+02 1.210786651709247081e+02 1.361071626740006195e+02
1.476153952860003358e+02 1.211195809510023906e+02 1.360535330872596660e+02
1.473655641600926458e+02 1.207832380400955401e+02 1.357444452486067803e+02
1.475385515427854557e+02 1.209704168777592770e+02 1.359773769028491586e+02
1.475599623652022956e+02 1.210216942896431931e+02 1.358668065909145639e+02
1.472062435164411056e+02 1.206436575715905519e+02 1.353700212298858787e+02
1.472398916793322314e+02 1.206296892716701592e+02 1.353132554100021707e+02
1.470199693614146952e+02 1.202951858821258782e+02 1.352901618778799104e+02
1.472035113748763706e+02 1.205970483221152705e+02 1.355989964053943311e+02
1.478677595232925626e+02 1.212885937613085332e+02 1.363336650503003682e+02
1.486077235772357596e+02 1.220636836264505121e+02 1.372341620226291354e+02
1.489664061180671126e+02 1.224684808569153915e+02 1.374982931654242293e+02
1.491854358157824834e+02 1.226746700923982587e+02 1.376072109237412917e+02
1.491929145255844276e+02 1.226647427082579469e+02 1.378452751441460862e+02
1.487499698439120834e+02 1.222500120624351609e+02 1.373115787315143166e+02
1.483097150852814252e+02 1.219273238281344192e+02 1.369557730814696868e+02
1.478093411497913223e+02 1.213371571252804557e+02 1.363714265035825406e+02
1.474108284480470843e+02 1.208193107524547116e+02 1.359185303128995770e+02
1.470289498443945888e+02 1.204550553665774117e+02 1.355502159175894406e+02
1.473517225157414714e+02 1.207811753636824221e+02 1.360696846879448003e+02
1.478565716146775628e+02 1.212382391257146992e+02 1.366784154785167971e+02
1.480296675592868780e+02 1.215130877421533881e+02 1.369404236327229683e+02
1.483685073942727684e+02 1.218658415961014185e+02 1.372923753347325828e+02
1.484067211888736040e+02 1.219612132397288349e+02 1.373217594267930792e+02
1.482360317000796215e+02 1.217201997539263232e+02 1.372796434344165277e+02
1.484328846107452193e+02 1.219671117705242267e+02 1.374694880702516286e+02
1.481945127982437214e+02 1.216569021254010750e+02 1.372281850860051691e+02
1.483801898627294804e+02 1.218880425080215133e+02 1.374350377554220586e+02
1.485530747147234081e+02 1.220920062242165471e+02 1.376151299124267098e+02
1.480948348652626123e+02 1.215921027236978631e+02 1.371108779040312697e+02
1.480970181660273681e+02 1.215852814166123892e+02 1.371140563556971017e+02
1.481686268123808929e+02 1.215619707606571609e+02 1.370242334322452962e+02
1.475904079515572676e+02 1.208934766350630809e+02 1.363267110564280813e+02
1.476454247183421273e+02 1.209003763479771294e+02 1.366042556271260082e+02
1.478257822489204045e+02 1.210494318593037519e+02 1.367670020023642508e+02
1.478202817784854517e+02 1.210134797712962325e+02 1.366580721816120274e+02
1.478775421582109004e+02 1.211937588960459351e+02 1.368247931292369231e+02
1.484263286772333572e+02 1.217642155798412631e+02 1.373825902873272184e+02
1.486330607222986089e+02 1.218732780873802852e+02 1.375689850667052667e+02
1.489015102168825706e+02 1.221718293889170326e+02 1.377226544594822712e+02
1.491721249185785609e+02 1.227699452365443591e+02 1.383437914646208640e+02
1.488941099129092152e+02 1.224583725362476230e+02 1.380849617620805247e+02
1.487644809534148749e+02 1.223161081759185578e+02 1.378169947649031428e+02
1.492407239873585638e+02 1.227579913632964264e+02 1.388001556054136074e+02
1.492436189717980142e+02 1.228131046295626163e+02 1.388720839062989967e+02
1.493614207136136542e+02 1.228373983739837456e+02 1.390755349689995342e+02
1.498024112807893573e+02 1.233196726255096394e+02 1.395946840848230579e+02
1.496932281488986973e+02 1.232270693107524551e+02 1.395736773539842090e+02
1.498629948614026262e+02 1.234283611975585586e+02 1.396605087935152483e+02
1.502146389713155372e+02 1.238056379821958473e+02 1.400877602470386591e+02
1.502213215603966034e+02 1.238552025282864122e+02 1.402473100769583425e+02
1.501276085016042998e+02 1.237390834961762067e+02 1.401621191286096746e+02
1.498269583363489517e+02 1.233387131794166578e+02 1.397215205905768300e+02
1.491845311331451569e+02 1.226331873778678414e+02 1.390583218740199243e+02
1.488540988154688591e+02 1.222212129984801265e+02 1.388195700948107287e+02
1.488902258087862833e+02 1.223263914018962168e+02 1.390705049335359718e+02
1.490812947817905467e+02 1.225351559672866699e+02 1.391839400738221002e+02
1.488573556729632514e+02 1.223039251164024961e+02 1.388795445224481853e+02
1.487809703022846293e+02 1.222143977226122473e+02 1.387403862391739722e+02
1.492090118453113234e+02 1.226737412848905961e+02 1.392959578779764058e+02
1.494854165158862145e+02 1.229514306048104970e+02 1.396730597573038040e+02
1.488025620612289117e+02 1.221470953656124152e+02 1.387259113169766636e+02
1.487407601746640751e+02 1.219859774191213688e+02 1.386422221418060019e+02
1.480504149477696672e+02 1.211179525222551945e+02 1.377574545849315939e+02
1.469064799401703283e+02 1.198224530168150324e+02 1.364446756411184367e+02
1.469915804202552465e+02 1.198853706786325972e+02 1.364972196086945928e+02
