2.550000000000000000e+02 1.781176071739997724e+02 1.016713514638611429e+02
2.550000000000000000e+02 1.780866632291513838e+02 1.016012687269682573e+02
2.550000000000000000e+02 2.038204371321030806e+02 1.179459663596555572e+02
2.550000000000000000e+02 2.038725675243109663e+02 1.176430518828280327e+02
2.550000000000000000e+02 2.045511251555160186e+02 1.171275870061922575e+02
2.550000000000000000e+02 2.048741128293431473e+02 1.167748695557563394e+02
2.550000000000000000e+02 2.050216673841297279e+02 1.159616622436252271e+02
2.550000000000000000e+02 2.049903923024887433e+02 1.156458413160953000e+02
2.550000000000000000e+02 2.049578005578866566e+02 1.154013299084327997e+02
2.550000000000000000e+02 2.050731607322222771e+02 1.155834914117307619e+02
2.550000000000000000e+02 2.048764260563658013e+02 1.151924551270224981e+02
2.550000000000000000e+02 2.048646754307537776e+02 1.150814218067769445e+02
2.550000000000000000e+02 2.047306564865755547e+02 1.149305101556500546e+02
2.550000000000000000e+02 2.046841380745814547e+02 1.148871911558093188e+02
2.550000000000000000e+02 2.047335909892948109e+02 1.149474785510084729e+02
2.550000000000000000e+02 2.052335886240320235e+02 1.154447435187856996e+02
2.550000000000000000e+02 2.050518654827737919e+02 1.152721550224778753e+02
2.550000000000000000e+02 2.048441039517234117e+02 1.150993268462058836e+02
2.550000000000000000e+02 2.047494240585071452e+02 1.149833580109085887e+02
2.550000000000000000e+02 2.045220544988086999e+02 1.151165159994260279e+02
2.550000000000000000e+02 2.043731753968516784e+02 1.147640508436892475e+02
2.550000000000000000e+02 2.043965946522984893e+02 1.147025618949854788e+02
2.550000000000000000e+02 2.041734857193316088e+02 1.145840338453338916e+02
2.550000000000000000e+02 2.043046695018283572e+02 1.147174204759224097e+02
2.550000000000000000e+02 2.047483864965569751e+02 1.151314676140332551e+02
2.550000000000000000e+02 2.053509277349139666e+02 1.156164947120607849e+02
2.550000000000000000e+02 2.056771621261505061e+02 1.158501952918655462e+02
2.550000000000000000e+02 2.058725927537808786e+02 1.159919581064652050e+02
2.550000000000000000e+02 2.059368979420636663e+02 1.159483536982460805e+02
2.550000000000000000e+02 2.061144613744699825e+02 1.164060052445760647e+02
2.550000000000000000e+02 2.069253554595784408e+02 1.168458542461986269e+02
2.550000000000000000e+02 2.086206654588058029e+02 1.181494104976670627e+02
2.550000000000000000e+02 2.092293800330821512e+02 1.185126880581034641e+02
2.550000000000000000e+02 2.091831438757827186e+02 1.184113223553602410e+02
2.550000000000000000e+02 2.084937170735707070e+02 1.178443042106408427e+02
2.550000000000000000e+02 2.062229843624591865e+02 1.161175740603205071e+02
2.550000000000000000e+02 2.054915962212561453e+02 1.154489016507957473e+02
2.550000000000000000e+02 2.055236944143530593e+02 1.153101963325811852e+02
2.550000000000000000e+02 2.059883597533188606e+02 1.158157460275411239e+02
2.550000000000000000e+02 2.067315332106550443e+02 1.167375267866012649e+02
2.550000000000000000e+02 2.062333363293328716e+02 1.159721561262671941e+02
2.550000000000000000e+02 2.058949507946494464e+02 1.156071724229279170e+02
2.550000000000000000e+02 2.062192330556514719e+02 1.160031631447903493e+02
2.550000000000000000e+02 2.065808959300134404e+02 1.162670350169273945e+02
2.550000000000000000e+02 2.065088894460396887e+02 1.161254503854589899e+02
2.550000000000000000e+02 2.066467621917471149e+02 1.162960315620668581e+02
2.550000000000000000e+02 2.063551694395430900e+02 1.160108565562719605e+02
2.550000000000000000e+02 2.053699791383820639e+02 1.152682870293718338e+02
2.550000000000000000e+02 2.054156791694458377e+02 1.152086745224928563e+02
2.550000000000000000e+02 2.054496869180468082e+02 1.156074925218274387e+02
2.550000000000000000e+02 2.055103417174015590e+02 1.153605543545276646e+02
2.550000000000000000e+02 2.056524577445800048e+02 1.154647930631572450e+02
2.550000000000000000e+02 2.053338599985177666e+02 1.151327968917293134e+02
2.550000000000000000e+02 2.050803195943101116e+02 1.149055093278080761e+02
2.550000000000000000e+02 2.050748810667019768e+02 1.148683510491517410e+02
2.550000000000000000e+02 2.050000031536837355e+02 1.148108105124893825e+02
2.550000000000000000e+02 2.049444179009396407e+02 1.147634437595694550e+02
2.550000000000000000e+02 2.048518462453029940e+02 1.147450183623235773e+02
2.550000000000000000e+02 2.049567582654108833e+02 1.148293604802429542e+02
2.550000000000000000e+02 2.051402600842979780e+02 1.153906058068778719e+02
2.550000000000000000e+02 2.061855580206850220e+02 1.158745716903271727e+02
2.550000000000000000e+02 2.061472991064037217e+02 1.157650742140625937e+02
2.550000000000000000e+02 2.060662888553547134e+02 1.156808251298135133e+02
2.550000000000000000e+02 2.059200210035336909e+02 1.155996556177356922e+02
2.550000000000000000e+02 2.057910132628169606e+02 1.154541131131746710e+02
2.550000000000000000e+02 2.059566526170056022e+02 1.156470838674885186e+02
2.550000000000000000e+02 2.056693930262591437e+02 1.153759616764351961e+02
2.550000000000000000e+02 2.058680924470851323e+02 1.155266509928584782e+02
2.550000000000000000e+02 2.063243011831044669e+02 1.159608817068997837e+02
2.550000000000000000e+02 2.066184389580859602e+02 1.165994143609296430e+02
2.550000000000000000e+02 2.068184960397616408e+02 1.163958582671453996e+02
2.550000000000000000e+02 2.068269936405967542e+02 1.162800392318257110e+02
2.550000000000000000e+02 2.069617631615048765e+02 1.164356956001381320e+02
2.550000000000000000e+02 2.071527723245329753e+02 1.165283902494406192e+02
2.550000000000000000e+02 2.073231374738047066e+02 1.166726160910405383e+02
2.550000000000000000e+02 2.075199131475498291e+02 1.167771985511976851e+02
2.550000000000000000e+02 2.076909153409368685e+02 1.169534295522242076e+02
2.550000000000000000e+02 2.075063113095829408e+02 1.166983643419286949e+02
2.550000000000000000e+02 2.073655797495659669e+02 1.165670922562872676e+02
2.550000000000000000e+02 2.070508200366142546e+02 1.167082148730878828e+02
2.550000000000000000e+02 2.068351711425323174e+02 1.162189571083243038e+02
2.550000000000000000e+02 2.068210442162228730e+02 1.160956827646453178e+02
2.550000000000000000e+02 2.065445039965057106e+02 1.158986421814661156e+02
2.550000000000000000e+02 2.062949261959163039e+02 1.156702839419154571e+02
2.550000000000000000e+02 2.058449144484443707e+02 1.153092076527289578e+02
2.550000000000000000e+02 2.054826807573256247e+02 1.149610504289798314e+02
2.550000000000000000e+02 2.053465929966145325e+02 1.149081836516188702e+02
2.550000000000000000e+02 2.053528546356785682e+02 1.148694942595071780e+02
2.550000000000000000e+02 2.053572224876572818e+02 1.148187120670977777e+02
2.550000000000000000e+02 2.057891194757316100e+02 1.158314261430920880e+02
2.550000000000000000e+02 2.057778434795223461e+02 1.153294401107573748e+02
2.550000000000000000e+02 2.058525999757166289e+02 1.153612087439035321e+02
2.550000000000000000e+02 2.058114444029209551e+02 1.152721329466917126e+02
2.550000000000000000e+02 2.054587316830106261e+02 1.150215459673057552e+02
2.550000000000000000e+02 2.056288051165365118e+02 1.151339921378664428e+02
2.550000000000000000e+02 2.057946068854377017e+02 1.153144380372103086e+02
2.550000000000000000e+02 2.057371609592875075e+02 1.151780443691765328e+02
2.550000000000000000e+02 2.058402391123011057e+02 1.153331204596809414e+02
2.550000000000000000e+02 2.059158770631004813e+02 1.153684905996571928e+02
2.550000000000000000e+02 2.059302121325367239e+02 1.158606418692514239e+02
2.550000000000000000e+02 2.057968523082599575e+02 1.153536083660922174e+02
2.550000000000000000e+02 2.057920492479252630e+02 1.152555035723352574e+02
2.550000000000000000e+02 2.058300180233025571e+02 1.152408752103112874e+02
2.550000000000000000e+02 2.060255653372312850e+02 1.154668082670665541e+02
2.550000000000000000e+02 2.058544338428109484e+02 1.152810972927201902e+02
2.550000000000000000e+02 2.057890422104800052e+02 1.151890097275374956e+02
2.550000000000000000e+02 2.057269083334516040e+02 1.151740171150416501e+02
2.550000000000000000e+02 2.055420252010867728e+02 1.150182866351613598e+02
2.550000000000000000e+02 2.055135222074524677e+02 1.149950345249527288e+02
2.550000000000000000e+02 2.056277533630095036e+02 1.156125809905405220e+02
2.550000000000000000e+02 2.055650313239637512e+02 1.151083006532855819e+02
2.550000000000000000e+02 2.055937503449341648e+02 1.150358242704346878e+02
2.550000000000000000e+02 2.055298567123793134e+02 1.149629867907956537e+02
2.550000000000000000e+02 2.054683472647312499e+02 1.149060013024713811e+02
2.550000000000000000e+02 2.055455888637119699e+02 1.150166987553987070e+02
2.550000000000000000e+02 2.053980721531302720e+02 1.148948057251974575e+02
2.550000000000000000e+02 2.055142270557681741e+02 1.150633969273659289e+02
2.550000000000000000e+02 2.054917617896524575e+02 1.150045003066957463e+02
2.550000000000000000e+02 2.055367806250285696e+02 1.151171561972250714e+02
2.550000000000000000e+02 2.056945010793482709e+02 1.157609870399366798e+02
2.550000000000000000e+02 2.059431217369228477e+02 1.154133690961069334e+02
2.550000000000000000e+02 2.057917338795513444e+02 1.153021970137768619e+02
2.550000000000000000e+02 2.056644038985838279e+02 1.151586161005015896e+02
2.550000000000000000e+02 2.056631392714044466e+02 1.151318917844961760e+02
2.550000000000000000e+02 2.057808741695956485e+02 1.152330319988520557e+02
2.550000000000000000e+02 2.058381576810332660e+02 1.152656836634451736e+02
2.550000000000000000e+02 2.061992812754758404e+02 1.156396522117572516e+02
2.550000000000000000e+02 2.071969617410857154e+02 1.165038419752151952e+02
2.550000000000000000e+02 2.080434041493016935e+02 1.171155856627229781e+02
2.550000000000000000e+02 2.083342605163526287e+02 1.177493940985116154e+02
2.550000000000000000e+02 2.081032941803497067e+02 1.171411967283684845e+02
2.550000000000000000e+02 2.071253068928488688e+02 1.163660733010711539e+02
2.550000000000000000e+02 2.056804198814530196e+02 1.151929124111646701e+02
2.550000000000000000e+02 2.049668185165386944e+02 1.145366513239952724e+02
2.550000000000000000e+02 2.045798063322815779e+02 1.141947699308870199e+02
2.550000000000000000e+02 2.048224207991750063e+02 1.144047343100291840e+02
2.550000000000000000e+02 2.048926832960410138e+02 1.144870517629880453e+02
2.550000000000000000e+02 2.050675030235942984e+02 1.146443275479005166e+02
2.550000000000000000e+02 2.052132694397007810e+02 1.148098581000001559e+02
2.550000000000000000e+02 2.052774847479970219e+02 1.153414792984315085e+02
2.550000000000000000e+02 2.052411921555270737e+02 1.148317541262009627e+02
2.550000000000000000e+02 2.051769121967141700e+02 1.147552457586895827e+02
2.550000000000000000e+02 2.052068674617103454e+02 1.147377238918349605e+02
2.550000000000000000e+02 2.052225113098983229e+02 1.147734850885948674e+02
2.550000000000000000e+02 2.056226696248220094e+02 1.151927988785500645e+02
2.550000000000000000e+02 2.056991259565517112e+02 1.151986568460955027e+02
2.550000000000000000e+02 2.059676968174600518e+02 1.154272531887684750e+02
2.550000000000000000e+02 2.061117728590823788e+02 1.155381934753437179e+02
2.550000000000000000e+02 2.060454808500439015e+02 1.154629544655373365e+02
2.550000000000000000e+02 2.058278577499412734e+02 1.157889949052239160e+02
2.550000000000000000e+02 2.056527084624372606e+02 1.151885004076136170e+02
2.550000000000000000e+02 2.055320091015312585e+02 1.149564381665113473e+02
2.550000000000000000e+02 2.056154035374870546e+02 1.150427213767721781e+02
2.550000000000000000e+02 2.056571661944025209e+02 1.151404997642621453e+02
2.550000000000000000e+02 2.056240130940948916e+02 1.151148398165186819e+02
2.550000000000000000e+02 2.057836762175978720e+02 1.152681277683430068e+02
2.550000000000000000e+02 2.056622562399574861e+02 1.151284211555412611e+02
2.550000000000000000e+02 2.052298467782755438e+02 1.148004065098339765e+02
2.550000000000000000e+02 2.050928665250662561e+02 1.146411880557382119e+02
2.550000000000000000e+02 2.054464212785349275e+02 1.155858535208513729e+02
2.550000000000000000e+02 2.054688360857108194e+02 1.151190941358827757e+02
2.550000000000000000e+02 2.056323467033755321e+02 1.152361951436424050e+02
2.550000000000000000e+02 2.056733777056635404e+02 1.152100463749193864e+02
2.550000000000000000e+02 2.056076297070700889e+02 1.151116214822628905e+02
2.550000000000000000e+02 2.055841757611021592e+02 1.151196870284257301e+02
2.550000000000000000e+02 2.055067070968921996e+02 1.151134632335665486e+02
2.550000000000000000e+02 2.055557658011381648e+02 1.150450472185297883e+02
2.550000000000000000e+02 2.055110244899310885e+02 1.150103488131899638e+02
2.550000000000000000e+02 2.056064691514540925e+02 1.151266598231729574e+02
2.550000000000000000e+02 2.057819716515368782e+02 1.158689660174808722e+02
2.550000000000000000e+02 2.059364280431865382e+02 1.154805851344809611e+02
2.550000000000000000e+02 2.058725422948410539e+02 1.153962556312965262e+02
2.550000000000000000e+02 2.057758266987711693e+02 1.152838946101968105e+02
2.550000000000000000e+02 2.056035803771490293e+02 1.150986645726206632e+02
2.550000000000000000e+02 2.055024322785837967e+02 1.150399350971886463e+02
2.550000000000000000e+02 2.054854559990160396e+02 1.150139518968619257e+02
2.550000000000000000e+02 2.053690740311489265e+02 1.149434260674036778e+02
2.550000000000000000e+02 2.050169352816791388e+02 1.146443732763147381e+02
2.550000000000000000e+02 2.048392188956114808e+02 1.145253832119953472e+02
2.550000000000000000e+02 2.045645409261423140e+02 1.149218974453584821e+02
2.550000000000000000e+02 2.046604570633843139e+02 1.145512197660281970e+02
2.550000000000000000e+02 2.046780782712767177e+02 1.144539317763596671e+02
2.550000000000000000e+02 2.050979455327281471e+02 1.148435977854832828e+02
2.550000000000000000e+02 2.054578817652429450e+02 1.151382101898675359e+02
2.550000000000000000e+02 2.053479743100922690e+02 1.150999228924325735e+02
2.550000000000000000e+02 2.056483642630865916e+02 1.153161126432758010e+02
2.550000000000000000e+02 2.058353540561891748e+02 1.154067384760454047e+02
2.550000000000000000e+02 2.057956081800248853e+02 1.153634336677814929e+02
2.550000000000000000e+02 2.059198002456719507e+02 1.155306262112116542e+02
2.550000000000000000e+02 2.065344626674803123e+02 1.166576345164377813e+02
2.550000000000000000e+02 2.067347546985945712e+02 1.161844037724364824e+02
2.550000000000000000e+02 2.067975681944687665e+02 1.161317908666165266e+02
2.550000000000000000e+02 2.068106985567166305e+02 1.161710857660061293e+02
2.550000000000000000e+02 2.062465928389303258e+02 1.157135162154533674e+02
2.550000000000000000e+02 2.057873912570425716e+02 1.153602910219354527e+02
2.550000000000000000e+02 2.054455918597115271e+02 1.150289839304045074e+02
2.550000000000000000e+02 2.054245315597015917e+02 1.150734429869169446e+02
2.550000000000000000e+02 2.056593832340711288e+02 1.152413230334022387e+02
2.550000000000000000e+02 2.058164776821685962e+02 1.154127162835729337e+02
2.550000000000000000e+02 2.059386860807437643e+02 1.161107621034439745e+02
2.550000000000000000e+02 2.057264226661557700e+02 1.153736232199426297e+02
2.550000000000000000e+02 2.056262332874472349e+02 1.152512508298130314e+02
2.550000000000000000e+02 2.054882848533300432e+02 1.150944954027175271e+02
2.550000000000000000e+02 2.053581906685651859e+02 1.149710129159117571e+02
2.550000000000000000e+02 2.053347729899602427e+02 1.149947349249975161e+02
2.550000000000000000e+02 2.051926364638374878e+02 1.147837235228539612e+02
2.550000000000000000e+02 2.052833584839611660e+02 1.149374608746111051e+02
2.550000000000000000e+02 2.052731232033858078e+02 1.150120155350461033e+02
2.550000000000000000e+02 2.052260055914812824e+02 1.149353526370314995e+02
2.550000000000000000e+02 2.053525045767835309e+02 1.157925333383792292e+02
2.550000000000000000e+02 2.056890026317490765e+02 1.155294309650745248e+02
2.550000000000000000e+02 2.057785924794103778e+02 1.155172183247947402e+02
2.550000000000000000e+02 2.060080529314278692e+02 1.156139276134971396e+02
2.550000000000000000e+02 2.060558138948151736e+02 1.156014216806295991e+02
2.550000000000000000e+02 2.062097861960108958e+02 1.158066807636329827e+02
2.550000000000000000e+02 2.063119087828515319e+02 1.158747246439885288e+02
2.550000000000000000e+02 2.062405929556166200e+02 1.158104541462268600e+02
2.550000000000000000e+02 2.061729212099423023e+02 1.156876765077367679e+02
2.550000000000000000e+02 2.063404669659512649e+02 1.158620594500921612e+02
2.550000000000000000e+02 2.067332582756603472e+02 1.169186239216372627e+02
2.550000000000000000e+02 2.067628745196545594e+02 1.162616926766733059e+02
2.550000000000000000e+02 2.069701898044558277e+02 1.164400949889542289e+02
2.550000000000000000e+02 2.069790374641859785e+02 1.164117796395024129e+02
2.550000000000000000e+02 2.062358324700124115e+02 1.158004506614063160e+02
2.550000000000000000e+02 2.059045569153188637e+02 1.155325452277669172e+02
2.550000000000000000e+02 2.056204510083115338e+02 1.153072444846013553e+02
2.550000000000000000e+02 2.054454184071058762e+02 1.150975055938465346e+02
2.550000000000000000e+02 2.052354461437543591e+02 1.149397236426939344e+02
2.550000000000000000e+02 2.051340284052294294e+02 1.148444603179859342e+02
2.550000000000000000e+02 2.052305752792192663e+02 1.156134403693594379e+02
2.550000000000000000e+02 2.052248828800701403e+02 1.150086521313383088e+02
2.550000000000000000e+02 2.052239430823158841e+02 1.150299741870985883e+02
2.550000000000000000e+02 2.052455521232964202e+02 1.150454035847923109e+02
2.550000000000000000e+02 2.054966042710338741e+02 1.152200435523724309e+02
2.550000000000000000e+02 2.060188022624527093e+02 1.157292247141579935e+02
2.550000000000000000e+02 2.060331972518799830e+02 1.156700584535280996e+02
2.550000000000000000e+02 2.058932241528022757e+02 1.155328574424571002e+02
2.550000000000000000e+02 2.056415459988425880e+02 1.152905725355144142e+02
2.550000000000000000e+02 2.053916607140886015e+02 1.151036458160866260e+02
2.550000000000000000e+02 2.054346943055509485e+02 1.158878345072921121e+02
2.550000000000000000e+02 2.054993842432499207e+02 1.153058347879699568e+02
2.550000000000000000e+02 2.053554248879259774e+02 1.151090528068573633e+02
2.550000000000000000e+02 2.051505016722408072e+02 1.148906696689735867e+02
2.550000000000000000e+02 2.051268127768342993e+02 1.149083571042245211e+02
2.550000000000000000e+02 2.052690596818879101e+02 1.150680706866673262e+02
2.550000000000000000e+02 2.059305385388037166e+02 1.157245399169635078e+02
2.550000000000000000e+02 2.061507508132561952e+02 1.158384667420397136e+02
2.550000000000000000e+02 2.057516269065989150e+02 1.154420029676164035e+02
2.550000000000000000e+02 2.056364685680225932e+02 1.153203401563281005e+02
2.550000000000000000e+02 2.061270682252171582e+02 1.165611664845414310e+02
2.550000000000000000e+02 2.061997417133017620e+02 1.159288087432727963e+02
2.550000000000000000e+02 2.062290820099688062e+02 1.158799534516280119e+02
2.550000000000000000e+02 2.063984868625419722e+02 1.160409647749294777e+02
2.550000000000000000e+02 2.059175390544310176e+02 1.156215453365690138e+02
2.550000000000000000e+02 2.057133175333777899e+02 1.154725148577925182e+02
2.550000000000000000e+02 2.056264114705784891e+02 1.153594994473169209e+02
2.550000000000000000e+02 2.058299738717302318e+02 1.164618096783400318e+02
2.550000000000000000e+02 2.058875743283836357e+02 1.166128979357563082e+02
2.550000000000000000e+02 2.060623577885738769e+02 1.167739833706256434e+02
2.550000000000000000e+02 2.060760526602110758e+02 1.167754324883037782e+02
2.550000000000000000e+02 2.060589975385498462e+02 1.167282754553525166e+02
2.550000000000000000e+02 2.058537573776488898e+02 1.165905856233019335e+02
2.550000000000000000e+02 2.057918868332127147e+02 1.165855681124729699e+02
2.550000000000000000e+02 2.053758733732905171e+02 1.162351370827479258e+02
2.550000000000000000e+02 2.054046917352987123e+02 1.162790631667084540e+02
2.550000000000000000e+02 2.055717187103325614e+02 1.163619561669497102e+02
2.550000000000000000e+02 2.056534700770602626e+02 1.164579952978575506e+02
2.550000000000000000e+02 2.058756250206960488e+02 1.166353978923931578e+02
2.550000000000000000e+02 2.060562002210732260e+02 1.167594559264813228e+02
2.550000000000000000e+02 2.060065833148054537e+02 1.168071632772450670e+02
2.550000000000000000e+02 2.064140282160084041e+02 1.171211188008432913e+02
2.550000000000000000e+02 2.069082940305497402e+02 1.174981811129034526e+02
2.550000000000000000e+02 2.074837782392668259e+02 1.179596533470833890e+02
2.550000000000000000e+02 2.082152263004608983e+02 1.185047959645462896e+02
2.550000000000000000e+02 2.081014666206228867e+02 1.184028799439905697e+02
2.550000000000000000e+02 2.073677305618760727e+02 1.177104082601284460e+02
2.550000000000000000e+02 2.068816044050654455e+02 1.172789922088243202e+02
2.550000000000000000e+02 2.068447283811037494e+02 1.172332243735601480e+02
2.550000000000000000e+02 2.066584276678981666e+02 1.170662336658892855e+02
2.550000000000000000e+02 2.065945939553343749e+02 1.170075120746666215e+02
2.550000000000000000e+02 2.066186928296269798e+02 1.169961193921590024e+02
2.550000000000000000e+02 2.063889233166030408e+02 1.168925476876402456e+02
2.550000000000000000e+02 2.060247848005058415e+02 1.165748597793367480e+02
2.550000000000000000e+02 2.054924461390238264e+02 1.161885997486514128e+02
2.550000000000000000e+02 2.050245104300205412e+02 1.158278088678433022e+02
2.550000000000000000e+02 2.052593699885994454e+02 1.160470482308622593e+02
2.550000000000000000e+02 2.056566552976367745e+02 1.164013441000096236e+02
2.550000000000000000e+02 2.061187156938340763e+02 1.167345970144075977e+02
2.550000000000000000e+02 2.061505552848643674e+02 1.167397264810092992e+02
2.550000000000000000e+02 2.061909918177675252e+02 1.167973064387184081e+02
2.550000000000000000e+02 2.063042752913609661e+02 1.168893482754868955e+02
2.550000000000000000e+02 2.062580170582753567e+02 1.168645682055066430e+02
2.550000000000000000e+02 2.063583199695984831e+02 1.169548502867486945e+02
2.550000000000000000e+02 2.066392091191918894e+02 1.171529694297666708e+02
2.550000000000000000e+02 2.067076566710660472e+02 1.171464917633664982e+02
2.550000000000000000e+02 2.065462763667671027e+02 1.169526395544475577e+02
2.550000000000000000e+02 2.063983449467737046e+02 1.168102523104675470e+02
2.550000000000000000e+02 2.061231671184318657e+02 1.165903538275471192e+02
2.550000000000000000e+02 2.057981327038580730e+02 1.163035657125196565e+02
2.550000000000000000e+02 2.059262542594441072e+02 1.164631294949848552e+02
2.550000000000000000e+02 2.064942263934945856e+02 1.169298478820648484e+02
2.550000000000000000e+02 2.065565967968034329e+02 1.169613610668281325e+02
2.550000000000000000e+02 2.065665230163723436e+02 1.169490222791987719e+02
2.550000000000000000e+02 2.063046300807816067e+02 1.167611321093886687e+02
2.550000000000000000e+02 2.061886092097026335e+02 1.166246737908382300e+02
2.550000000000000000e+02 2.060899509444494413e+02 1.165424225652378851e+02
2.550000000000000000e+02 2.059911823002653932e+02 1.164906406550831832e+02
2.550000000000000000e+02 2.058365508791681862e+02 1.163289875571408061e+02
2.550000000000000000e+02 2.057426530995192309e+02 1.162099517644072080e+02
2.550000000000000000e+02 2.058791807991119356e+02 1.163415360647388184e+02
2.550000000000000000e+02 2.058249800135293128e+02 1.162801827244358464e+02
2.550000000000000000e+02 2.054148087527338475e+02 1.160199423191244108e+02
2.550000000000000000e+02 2.054690063846327348e+02 1.160840330569129577e+02
2.550000000000000000e+02 2.054290208285042638e+02 1.160014633092549587e+02
2.550000000000000000e+02 2.053961089850026553e+02 1.159593190566070433e+02
2.550000000000000000e+02 2.055334944865724083e+02 1.160706551304915450e+02
2.550000000000000000e+02 2.055599759689299049e+02 1.161354617544888725e+02
2.550000000000000000e+02 2.056758202337194916e+02 1.162958029199957792e+02
2.550000000000000000e+02 2.057786555530851729e+02 1.163091098885330439e+02
2.550000000000000000e+02 2.058946243883824536e+02 1.164153953379093309e+02
2.550000000000000000e+02 2.061973764504974156e+02 1.166493718650412603e+02
2.550000000000000000e+02 2.062679590462629733e+02 1.167385643485514350e+02
2.550000000000000000e+02 2.066070478524202088e+02 1.170068482242395334e+02
2.550000000000000000e+02 2.067772695090818331e+02 1.171644015333210405e+02
2.550000000000000000e+02 2.063645074970946780e+02 1.167666084812016862e+02
2.550000000000000000e+02 2.060713079430255448e+02 1.165327754466798780e+02
2.550000000000000000e+02 2.053679260902679005e+02 1.160468432414192250e+02
2.550000000000000000e+02 2.046960936896365126e+02 1.155120352455694643e+02
2.550000000000000000e+02 2.045436903461010161e+02 1.153882247756548196e+02
2.550000000000000000e+02 2.047594117749089833e+02 1.155707994115226143e+02
2.550000000000000000e+02 2.046984605292827553e+02 1.154968754878354531e+02
2.550000000000000000e+02 2.044382910818554251e+02 1.153086951791213579e+02
2.550000000000000000e+02 2.044374616630320531e+02 1.152585673760878251e+02
2.550000000000000000e+02 2.042893646746423428e+02 1.152526983706492985e+02
2.550000000000000000e+02 2.044189290405390409e+02 1.154010996895198389e+02
2.550000000000000000e+02 2.045954044520553339e+02 1.155420015484587140e+02
2.550000000000000000e+02 2.046993750975670991e+02 1.156211195892642252e+02
2.550000000000000000e+02 2.049022610335567833e+02 1.158359595634670995e+02
2.550000000000000000e+02 2.049015073031431200e+02 1.157964202535877121e+02
2.550000000000000000e+02 2.047485615260044938e+02 1.156588250320493074e+02
2.550000000000000000e+02 2.047911693701620379e+02 1.156650030984942674e+02
2.550000000000000000e+02 2.047813724516264244e+02 1.156509676290132660e+02
2.550000000000000000e+02 2.048663863041822708e+02 1.157544053019731081e+02
2.550000000000000000e+02 2.047775296879902953e+02 1.157033424317109223e+02
2.550000000000000000e+02 2.048033347051857618e+02 1.156902530673516480e+02
2.550000000000000000e+02 2.046721793058426613e+02 1.156295935374712798e+02
2.550000000000000000e+02 2.045069199705446010e+02 1.154741768491230403e+02
2.550000000000000000e+02 2.042687316987790496e+02 1.152946612864822100e+02
2.550000000000000000e+02 2.044919226275231381e+02 1.155148987904046010e+02
2.550000000000000000e+02 2.046314983624497188e+02 1.156704731629397997e+02
2.550000000000000000e+02 2.048523350662825351e+02 1.158331007491575662e+02
2.550000000000000000e+02 2.049253838427320886e+02 1.158397692134239634e+02
2.550000000000000000e+02 2.051266440547542516e+02 1.161244002087738636e+02
2.550000000000000000e+02 2.051196507610627293e+02 1.161195183063456824e+02
2.550000000000000000e+02 2.049139990444338366e+02 1.158548517059063698e+02
2.550000000000000000e+02 2.051311191319800855e+02 1.160612650371582788e+02
2.550000000000000000e+02 2.051776438513416565e+02 1.160561734147614459e+02
2.550000000000000000e+02 2.055250568057283544e+02 1.163726818453465057e+02
2.550000000000000000e+02 2.057370237740448715e+02 1.165786883513960532e+02
2.550000000000000000e+02 2.057731902191652580e+02 1.165032821963515062e+02
2.550000000000000000e+02 2.055884537330942976e+02 1.164444754556678845e+02
2.550000000000000000e+02 2.055838398937839315e+02 1.163333869459569030e+02
2.550000000000000000e+02 2.055159773502433893e+02 1.163009292329137310e+02
2.550000000000000000e+02 2.055977366011804293e+02 1.163227637622816246e+02
2.550000000000000000e+02 2.055382518184928813e+02 1.163117589828739256e+02
2.550000000000000000e+02 2.055519135764508007e+02 1.163368181538650816e+02
2.550000000000000000e+02 2.055477806739106654e+02 1.162547782250752562e+02
2.550000000000000000e+02 2.053849118308868640e+02 1.161064557482981883e+02
2.550000000000000000e+02 2.051357045881367753e+02 1.160023542249112580e+02
2.550000000000000000e+02 2.048505264286581564e+02 1.157575101036142797e+02
2.550000000000000000e+02 2.048808554051774138e+02 1.157379809170597014e+02
2.550000000000000000e+02 2.049313947639388971e+02 1.158482084711098850e+02
2.550000000000000000e+02 2.050758177107724975e+02 1.158971047606432876e+02
2.550000000000000000e+02 2.052151931867816472e+02 1.160586490564966624e+02
2.550000000000000000e+02 2.052171295485974838e+02 1.159761045383085900e+02
2.550000000000000000e+02 2.052763100008041874e+02 1.161595779740420227e+02
2.550000000000000000e+02 2.053480799584975216e+02 1.161673502276171206e+02
2.550000000000000000e+02 2.053963108207619541e+02 1.161831990652481466e+02
2.550000000000000000e+02 2.054586149967122708e+02 1.162350629711800565e+02
2.550000000000000000e+02 2.055033941521242298e+02 1.162789039056796270e+02
2.550000000000000000e+02 2.058297294612404471e+02 1.165588485269931738e+02
2.550000000000000000e+02 2.059169083176831805e+02 1.166066457577434790e+02
2.550000000000000000e+02 2.060609953971985817e+02 1.166901852631512497e+02
2.550000000000000000e+02 2.058731982610587750e+02 1.165619675202111694e+02
2.550000000000000000e+02 2.057592667054569802e+02 1.164505447200238422e+02
2.550000000000000000e+02 2.056514737952533949e+02 1.163249603030059376e+02
2.550000000000000000e+02 2.057410226450260780e+02 1.164730667524468686e+02
2.550000000000000000e+02 2.059022326504031071e+02 1.166439033774375957e+02
2.550000000000000000e+02 2.059290105790321093e+02 1.165643958566902967e+02
2.550000000000000000e+02 2.058232896390451288e+02 1.164701432876206866e+02
2.550000000000000000e+02 2.059540729037069866e+02 1.165902371412487639e+02
2.550000000000000000e+02 2.061461653570995054e+02 1.167958447063053171e+02
2.550000000000000000e+02 2.057979009081032302e+02 1.164516185493370131e+02
2.550000000000000000e+02 2.056901679178906761e+02 1.163660591094943157e+02
2.550000000000000000e+02 2.055081467535191280e+02 1.162173487296173420e+02
2.550000000000000000e+02 2.050491154705532608e+02 1.158558451162842005e+02
2.550000000000000000e+02 2.046012434974983307e+02 1.155174611584426430e+02
2.550000000000000000e+02 2.047128886323892800e+02 1.156671822939580210e+02
2.550000000000000000e+02 2.047142100258759854e+02 1.156595566866767939e+02
2.550000000000000000e+02 2.045486384758877136e+02 1.155593862300706860e+02
2.550000000000000000e+02 2.044833130709153011e+02 1.154344735476892225e+02
2.550000000000000000e+02 2.043374599285059787e+02 1.153569213108601872e+02
2.550000000000000000e+02 2.039640101611690000e+02 1.151286655660310458e+02
2.550000000000000000e+02 2.039166528693003215e+02 1.150593554816542365e+02
2.550000000000000000e+02 2.043166424621439603e+02 1.154526450733941090e+02
2.550000000000000000e+02 2.048718342928416121e+02 1.159089499967674755e+02
2.550000000000000000e+02 2.057331557809388300e+02 1.165743630741478398e+02
2.550000000000000000e+02 2.059188588710758268e+02 1.167085523172479640e+02
2.550000000000000000e+02 2.056954440307862626e+02 1.164900178025447133e+02
2.550000000000000000e+02 2.052204708765191015e+02 1.161728975573142577e+02
2.550000000000000000e+02 2.046020618784286569e+02 1.156537838685922992e+02
2.550000000000000000e+02 2.044794829220141423e+02 1.155430753777718849e+02
2.550000000000000000e+02 2.045942233974950284e+02 1.156343697914941941e+02
2.550000000000000000e+02 2.049487463318716038e+02 1.159426313391014247e+02
2.550000000000000000e+02 2.051274797809451229e+02 1.161176860160932449e+02
2.550000000000000000e+02 2.049229696978297852e+02 1.159433424947846021e+02
2.550000000000000000e+02 2.044501110885097148e+02 1.155588832175142926e+02
2.550000000000000000e+02 2.042476398619317308e+02 1.153760310574774621e+02
2.550000000000000000e+02 2.041455188519329624e+02 1.153135676204983184e+02
2.550000000000000000e+02 2.043084791517852352e+02 1.154774472191605241e+02
2.550000000000000000e+02 2.048135889078635614e+02 1.159510847883641702e+02
2.550000000000000000e+02 2.049964836426308636e+02 1.161185674706983377e+02
2.550000000000000000e+02 2.055435168934953651e+02 1.165300427797199205e+02
2.550000000000000000e+02 2.056203690125343257e+02 1.165923895304007232e+02
2.550000000000000000e+02 2.055767961411525846e+02 1.164685916752210346e+02
2.550000000000000000e+02 2.053846059235641803e+02 1.163033764914952997e+02
2.550000000000000000e+02 2.049759090099167622e+02 1.160174241026587083e+02
2.550000000000000000e+02 2.050310117490487585e+02 1.160239679964174115e+02
2.550000000000000000e+02 2.051268206610436380e+02 1.160889591109134784e+02
2.550000000000000000e+02 2.053121626543925231e+02 1.162835398207761557e+02
2.550000000000000000e+02 2.054298581315370029e+02 1.163584681927342217e+02
2.550000000000000000e+02 2.056154981479992330e+02 1.165045184403772396e+02
2.550000000000000000e+02 2.058478079532750087e+02 1.166238175657030638e+02
2.550000000000000000e+02 2.058834193500573235e+02 1.167146941163299374e+02
2.550000000000000000e+02 2.057179707937348780e+02 1.165336490170756178e+02
2.550000000000000000e+02 2.053586179927118280e+02 1.162181781484407423e+02
2.550000000000000000e+02 2.050113642993539713e+02 1.159570342127380371e+02
2.550000000000000000e+02 2.048655884221962538e+02 1.158168655852685163e+02
2.550000000000000000e+02 2.047064661554545353e+02 1.156667565466532324e+02
2.550000000000000000e+02 2.047371735740224779e+02 1.156978345230605214e+02
2.550000000000000000e+02 2.049576949094814040e+02 1.159652101378317468e+02
2.550000000000000000e+02 2.050282207389396376e+02 1.159453450839589408e+02
2.550000000000000000e+02 2.048481248984907950e+02 1.158024769032087136e+02
2.550000000000000000e+02 2.051135972651254633e+02 1.160637753694146284e+02
2.550000000000000000e+02 2.053120238923080194e+02 1.162558552080721626e+02
2.550000000000000000e+02 2.055588106827883053e+02 1.164393917174803903e+02
2.550000000000000000e+02 2.059102666597285634e+02 1.166532997781383472e+02
2.550000000000000000e+02 2.063256273071167470e+02 1.169546957562454708e+02
2.550000000000000000e+02 2.064660860734902883e+02 1.170316724457921254e+02
2.550000000000000000e+02 2.067268657587211180e+02 1.173009386939649517e+02
2.550000000000000000e+02 2.069879750039026760e+02 1.174378558734994442e+02
2.550000000000000000e+02 2.069517155251120073e+02 1.174115478437475844e+02
2.550000000000000000e+02 2.068811013925090663e+02 1.174028815208324517e+02
2.550000000000000000e+02 2.063242302252203331e+02 1.169203079887539616e+02
2.550000000000000000e+02 2.058491719214922000e+02 1.164547722330761559e+02
2.550000000000000000e+02 2.056565086513429037e+02 1.162580375572196516e+02
2.550000000000000000e+02 2.048040726671807192e+02 1.157073807237388792e+02
2.550000000000000000e+02 2.047920476710833952e+02 1.156314053287794081e+02
2.550000000000000000e+02 2.051193290853213398e+02 1.159572581242835270e+02
2.550000000000000000e+02 2.055772234652992267e+02 1.162782842068248925e+02
2.550000000000000000e+02 2.061445759004949707e+02 1.167351205259083002e+02
2.550000000000000000e+02 2.063752883649569014e+02 1.169314215702506772e+02
2.550000000000000000e+02 2.066347750398546737e+02 1.171032815656147505e+02
2.550000000000000000e+02 2.074433590516242134e+02 1.177743381600462982e+02
2.550000000000000000e+02 2.075351943221077988e+02 1.177563621627332395e+02
2.550000000000000000e+02 2.068746804924161893e+02 1.172194002008896518e+02
2.550000000000000000e+02 2.060933947670925761e+02 1.165526405005526840e+02
2.550000000000000000e+02 2.045143390115408977e+02 1.154583059357058517e+02
2.550000000000000000e+02 2.039250574364650959e+02 1.149078777442961723e+02
2.550000000000000000e+02 2.026609458843638834e+02 1.141099248004112354e+02
2.550000000000000000e+02 2.055485123285381519e+02 1.164915284170557470e+02
2.550000000000000000e+02 2.078650034138626381e+02 1.183324834155656333e+02
2.550000000000000000e+02 2.080143082631244624e+02 1.183194098196250650e+02
2.550000000000000000e+02 2.061364078596106140e+02 1.167336367177090324e+02
2.550000000000000000e+02 2.063889485460729531e+02 1.168821200323567950e+02
2.550000000000000000e+02 2.066227563511248491e+02 1.170036283131418742e+02
2.550000000000000000e+02 2.068312038083884943e+02 1.171523765372237165e+02
2.550000000000000000e+02 2.080505377819196156e+02 1.181439404332215304e+02
2.550000000000000000e+02 2.074687178225705964e+02 1.177222534962526339e+02
2.550000000000000000e+02 2.070382620679650358e+02 1.172005301342365442e+02
2.550000000000000000e+02 2.065932851765826399e+02 1.169497223969888609e+02
2.550000000000000000e+02 2.063358988550551203e+02 1.166422524240001621e+02
2.550000000000000000e+02 2.063689021553851433e+02 1.166353679323976422e+02
2.550000000000000000e+02 2.060134756906173266e+02 1.163393647534844320e+02
2.550000000000000000e+02 2.053573375971137409e+02 1.158356978077167554e+02
2.550000000000000000e+02 2.044333949878504200e+02 1.151919032323681478e+02
2.550000000000000000e+02 2.044054407351867440e+02 1.150937306344107895e+02
2.550000000000000000e+02 2.052295550625296698e+02 1.158078239739884197e+02
2.550000000000000000e+02 2.057018207793067859e+02 1.161668251392745645e+02
2.550000000000000000e+02 2.062247709242973883e+02 1.166206118461822285e+02
2.550000000000000000e+02 2.062870072960473351e+02 1.166370409616212527e+02
2.550000000000000000e+02 2.064546949678245369e+02 1.167528694579921478e+02
2.550000000000000000e+02 2.057272047797230812e+02 1.161785284596304848e+02
2.550000000000000000e+02 2.045406612328695815e+02 1.152682223788551852e+02
2.550000000000000000e+02 2.044319442933304458e+02 1.151002130313365797e+02
2.550000000000000000e+02 2.042763730744789825e+02 1.149443579809485954e+02
2.550000000000000000e+02 2.043300692706633299e+02 1.150474613634320917e+02
2.550000000000000000e+02 2.046445214994504624e+02 1.153305864747965472e+02
2.550000000000000000e+02 2.056781839196819703e+02 1.161713664438589149e+02
2.550000000000000000e+02 2.056664900603772708e+02 1.161473527190272819e+02
2.550000000000000000e+02 2.055285747399393586e+02 1.160195039570846660e+02
2.550000000000000000e+02 2.063577144623205868e+02 1.166471564022145202e+02
2.550000000000000000e+02 2.075249795404767497e+02 1.175261448266183493e+02
2.550000000000000000e+02 2.084443035799041013e+02 1.182465139968368533e+02
2.550000000000000000e+02 2.093518312653052078e+02 1.190027610501136053e+02
2.550000000000000000e+02 2.088320079977419539e+02 1.184810093049438677e+02
2.550000000000000000e+02 2.079109652006767703e+02 1.176812161865971547e+02
2.550000000000000000e+02 2.074635016296660694e+02 1.172773712153824022e+02
2.550000000000000000e+02 2.069671969585874081e+02 1.168299754485720854e+02
2.550000000000000000e+02 2.061899495252917518e+02 1.163047199607681677e+02
2.550000000000000000e+02 2.051967378295402398e+02 1.154982804539412342e+02
2.550000000000000000e+02 2.043102799052002752e+02 1.148441670253981925e+02
2.550000000000000000e+02 2.033669279493644524e+02 1.141619274684276775e+02
2.550000000000000000e+02 2.034795302272702315e+02 1.141686132779546483e+02
2.550000000000000000e+02 2.037148754531449413e+02 1.143789040633638194e+02
2.550000000000000000e+02 2.038443278632688873e+02 1.144837262034851335e+02
2.550000000000000000e+02 2.045592458911442861e+02 1.151364835480203510e+02
2.550000000000000000e+02 2.057661354286408084e+02 1.161061372262405342e+02
2.550000000000000000e+02 2.059775268496749447e+02 1.161774593608429171e+02
2.550000000000000000e+02 2.061323112244334936e+02 1.163534301829609632e+02
2.550000000000000000e+02 2.058725060274780390e+02 1.160271469096264667e+02
2.550000000000000000e+02 2.051782982407175382e+02 1.154876903839452211e+02
2.550000000000000000e+02 2.053240394273541085e+02 1.155717455166443557e+02
2.550000000000000000e+02 2.060257813645674219e+02 1.162021684729390216e+02
2.550000000000000000e+02 2.072393362126465775e+02 1.171858197764353662e+02
2.550000000000000000e+02 2.078136740573245049e+02 1.175390749299487965e+02
2.550000000000000000e+02 2.086589622172919576e+02 1.182677225199825273e+02
2.550000000000000000e+02 2.092727179550253140e+02 1.186771826250948010e+02
2.550000000000000000e+02 2.086406424684513468e+02 1.180657274996491566e+02
2.550000000000000000e+02 2.080246397310538384e+02 1.175767614506314516e+02
2.550000000000000000e+02 2.078609241239460914e+02 1.174186483626862412e+02
2.550000000000000000e+02 2.070853307977716042e+02 1.167893465409608353e+02
2.550000000000000000e+02 2.058371863464416265e+02 1.158788023570632220e+02
2.550000000000000000e+02 2.052178943169042213e+02 1.153151996518333107e+02
2.550000000000000000e+02 2.045326035709161090e+02 1.147372051108598612e+02
2.550000000000000000e+02 2.044051600573339726e+02 1.146091892036790938e+02
2.550000000000000000e+02 2.043254238945155805e+02 1.145669298415746908e+02
2.550000000000000000e+02 2.046635508271324113e+02 1.148985144572746862e+02
2.550000000000000000e+02 2.047907940817970882e+02 1.149595587365712248e+02
2.550000000000000000e+02 2.043044471671247493e+02 1.145963868245400761e+02
2.550000000000000000e+02 2.039851524569561718e+02 1.144053477015164475e+02
2.550000000000000000e+02 2.040231401544358789e+02 1.143640186761151085e+02
2.550000000000000000e+02 2.041626449314783258e+02 1.145221711851070410e+02
2.550000000000000000e+02 2.045080095682764636e+02 1.147963146051824452e+02
2.550000000000000000e+02 2.050921411778062691e+02 1.153113411197784899e+02
2.550000000000000000e+02 2.056031483224767840e+02 1.156835546430897210e+02
2.550000000000000000e+02 2.057593155875549371e+02 1.158231209169650811e+02
2.550000000000000000e+02 2.057491055364494912e+02 1.157447392613126596e+02
2.550000000000000000e+02 2.053666583094047553e+02 1.154554755045499803e+02
2.550000000000000000e+02 2.051020532057983701e+02 1.152484692807551170e+02
2.550000000000000000e+02 2.050843768084405099e+02 1.152407963682178007e+02
2.550000000000000000e+02 2.046911944419477720e+02 1.148789016981010036e+02
2.550000000000000000e+02 2.041977202020249820e+02 1.145327628319449218e+02
2.550000000000000000e+02 2.040208190432038862e+02 1.144045655879491505e+02
2.550000000000000000e+02 2.044086228020795488e+02 1.148063653952590641e+02
2.550000000000000000e+02 2.047117690746618734e+02 1.150433536903618688e+02
2.550000000000000000e+02 2.050345028769479825e+02 1.153243122209975411e+02
2.550000000000000000e+02 2.054134100939955374e+02 1.156526233129763028e+02
2.550000000000000000e+02 2.052307440012993140e+02 1.154274534476859060e+02
2.550000000000000000e+02 2.047890343262706665e+02 1.151018907910857934e+02
2.550000000000000000e+02 2.044971167446414881e+02 1.148543628849268146e+02
2.550000000000000000e+02 2.044353991538666548e+02 1.148700035794310423e+02
2.550000000000000000e+02 2.040261298466205915e+02 1.145707205694291417e+02
2.550000000000000000e+02 2.040865118523319097e+02 1.146401158032668945e+02
2.550000000000000000e+02 2.043113253513597840e+02 1.147738272632805518e+02
2.550000000000000000e+02 2.041614149948200634e+02 1.146791347553293292e+02
2.550000000000000000e+02 2.041685533579636171e+02 1.147355210437431765e+02
2.550000000000000000e+02 2.035361498882807609e+02 1.142867345024039025e+02
2.550000000000000000e+02 2.032520755181108143e+02 1.140370857439303478e+02
2.550000000000000000e+02 2.036288193081133215e+02 1.143151381550003975e+02
2.550000000000000000e+02 2.038487240984012487e+02 1.146119865211556998e+02
2.550000000000000000e+02 2.048637387866832569e+02 1.154995687337486743e+02
2.550000000000000000e+02 2.055799072501612272e+02 1.160334243171092083e+02
2.550000000000000000e+02 2.059364311968702737e+02 1.162788077183255808e+02
2.550000000000000000e+02 2.063962335555103493e+02 1.166584497436843577e+02
2.550000000000000000e+02 2.063929048423237020e+02 1.165469559856128967e+02
2.550000000000000000e+02 2.061142532313432127e+02 1.162802599896874511e+02
2.550000000000000000e+02 2.060954698909929164e+02 1.162740961148193151e+02
2.550000000000000000e+02 2.066763484757458116e+02 1.167684975377614194e+02
2.550000000000000000e+02 2.072226484951409589e+02 1.171399746759195750e+02
2.550000000000000000e+02 2.074388776670309085e+02 1.173605117797971928e+02
2.550000000000000000e+02 2.074486903539852278e+02 1.172735300285881408e+02
2.550000000000000000e+02 2.070151755261527171e+02 1.168762809869137840e+02
2.550000000000000000e+02 2.057530902158538879e+02 1.159881973386062981e+02
2.550000000000000000e+02 2.055517369701614143e+02 1.157249656642682965e+02
2.550000000000000000e+02 2.053837954268432213e+02 1.155589967501289124e+02
2.550000000000000000e+02 2.054398127342595615e+02 1.155199825285920809e+02
2.550000000000000000e+02 2.054156933610226758e+02 1.155379364501189769e+02
2.550000000000000000e+02 2.055107879636506425e+02 1.156008477101890861e+02
2.550000000000000000e+02 2.057711340173673307e+02 1.158831512869394942e+02
2.550000000000000000e+02 2.059757418646785823e+02 1.159901179320034288e+02
2.550000000000000000e+02 2.059000991833536034e+02 1.158922559718943717e+02
2.550000000000000000e+02 2.059166481387746899e+02 1.159016602568044618e+02
2.550000000000000000e+02 2.062826962103759456e+02 1.162752787462214883e+02
2.550000000000000000e+02 2.062535687873613028e+02 1.161903200831310983e+02
2.550000000000000000e+02 2.056405588958322426e+02 1.156545218305872567e+02
2.550000000000000000e+02 2.046937583868276818e+02 1.150176085931574477e+02
2.550000000000000000e+02 2.046099035130459924e+02 1.148546940217194248e+02
2.550000000000000000e+02 2.046030694803833114e+02 1.147781099657982935e+02
2.550000000000000000e+02 2.045378039954019300e+02 1.147351820227412134e+02
2.550000000000000000e+02 2.042794226866547262e+02 1.146310789225124154e+02
2.550000000000000000e+02 2.044329928931736902e+02 1.147113149442034512e+02
2.550000000000000000e+02 2.044894927142021288e+02 1.147742656253202966e+02
2.550000000000000000e+02 2.046337705915837546e+02 1.149126934193658229e+02
2.550000000000000000e+02 2.047015416782958823e+02 1.149770222602766694e+02
2.550000000000000000e+02 2.049625973108538801e+02 1.152090640024346442e+02
2.550000000000000000e+02 2.051368288763897851e+02 1.153086273749209596e+02
2.550000000000000000e+02 2.059785612579413794e+02 1.160499401588510437e+02
2.550000000000000000e+02 2.067350574522335194e+02 1.166159964300300089e+02
2.550000000000000000e+02 2.068853809413430724e+02 1.166636801281657085e+02
2.550000000000000000e+02 2.074841866413110552e+02 1.172299193130015311e+02
2.550000000000000000e+02 2.078824653607262292e+02 1.174308310429705244e+02
2.550000000000000000e+02 2.077120040241004517e+02 1.172411259281685432e+02
2.550000000000000000e+02 2.075108447299579382e+02 1.169917625780733772e+02
2.550000000000000000e+02 2.073696022731752464e+02 1.168930491233547571e+02
2.550000000000000000e+02 2.058843276109741964e+02 1.158601908924767230e+02
2.550000000000000000e+02 2.055842025674139393e+02 1.145125335276002545e+02
2.550000000000000000e+02 2.055186895182590376e+02 1.141106785308248988e+02
2.550000000000000000e+02 2.047186929873111580e+02 1.134880577881008321e+02
2.550000000000000000e+02 2.058170311536648285e+02 1.143576908096925280e+02
2.550000000000000000e+02 2.061675189496971541e+02 1.146154003838033049e+02
2.550000000000000000e+02 2.058070828583097125e+02 1.143204820720963681e+02
2.550000000000000000e+02 2.060247469563009872e+02 1.145329031708713217e+02
2.550000000000000000e+02 2.055984982158034313e+02 1.141170757782897311e+02
2.550000000000000000e+02 2.059478633004246433e+02 1.143828004396235087e+02
2.550000000000000000e+02 2.066824634685159765e+02 1.150754171929376355e+02
2.550000000000000000e+02 2.065007182514715964e+02 1.148516917147997702e+02
2.550000000000000000e+02 2.065775640631430576e+02 1.149161908546325179e+02
2.550000000000000000e+02 2.064981148855449362e+02 1.147898227472054486e+02
2.550000000000000000e+02 2.061003675618397892e+02 1.145078755367175489e+02
2.550000000000000000e+02 2.062488067249151982e+02 1.146101952287918664e+02
2.550000000000000000e+02 2.065227451555475682e+02 1.148082686433956354e+02
2.550000000000000000e+02 2.069103959607618606e+02 1.151207419356364738e+02
2.550000000000000000e+02 2.074636325075412344e+02 1.155697413506281350e+02
2.550000000000000000e+02 2.077767412670555132e+02 1.158164240695450360e+02
2.550000000000000000e+02 2.082217686173777338e+02 1.162129272650150824e+02
2.550000000000000000e+02 2.083374977727108615e+02 1.162280239490743128e+02
2.550000000000000000e+02 2.075949424373875445e+02 1.156844502892716378e+02
2.550000000000000000e+02 2.073599882682964903e+02 1.153481761458515678e+02
2.550000000000000000e+02 2.073951187283085744e+02 1.153911308952204280e+02
2.550000000000000000e+02 2.070793041081461183e+02 1.151022140436690648e+02
2.550000000000000000e+02 2.070577881008358929e+02 1.150616639781512731e+02
2.550000000000000000e+02 2.068956430282302108e+02 1.149322036838179741e+02
2.550000000000000000e+02 2.069331545194653188e+02 1.148972450995696732e+02
2.550000000000000000e+02 2.070494292620853116e+02 1.150173137237278382e+02
2.550000000000000000e+02 2.066775074545199402e+02 1.147157947519548884e+02
2.550000000000000000e+02 2.065480581980797297e+02 1.146047645853930845e+02
2.550000000000000000e+02 2.059453419302752195e+02 1.141743782118297901e+02
2.550000000000000000e+02 2.058096546873989894e+02 1.139109147417369599e+02
2.550000000000000000e+02 2.062229670171986129e+02 1.144066233665889314e+02
2.550000000000000000e+02 2.064232448567360336e+02 1.146000734808311279e+02
2.550000000000000000e+02 2.064957795827361053e+02 1.146151197059505336e+02
2.550000000000000000e+02 2.065910318695510171e+02 1.146842799903497223e+02
2.550000000000000000e+02 2.068287155519182932e+02 1.149014410757846036e+02
2.550000000000000000e+02 2.070384591731987314e+02 1.150364092787683035e+02
2.550000000000000000e+02 2.067414294702284394e+02 1.147894017304262633e+02
2.550000000000000000e+02 2.065814935530820264e+02 1.145972651254614192e+02
2.550000000000000000e+02 2.067087714982678506e+02 1.146951554687241241e+02
2.550000000000000000e+02 2.066928059743384836e+02 1.146343950209641065e+02
2.550000000000000000e+02 2.063161284116944785e+02 1.143183706808330129e+02
2.550000000000000000e+02 2.055645425029841817e+02 1.138483677321387120e+02
2.550000000000000000e+02 2.051766299420195310e+02 1.133871288705554718e+02
2.550000000000000000e+02 2.051130343325780245e+02 1.133012193718177372e+02
2.550000000000000000e+02 2.051813305076327083e+02 1.134650500883819859e+02
2.550000000000000000e+02 2.051500916933547103e+02 1.133959434166063573e+02
2.550000000000000000e+02 2.052583844624309677e+02 1.135329567834948818e+02
2.550000000000000000e+02 2.054267012941141104e+02 1.136870441941470773e+02
2.550000000000000000e+02 2.062622224955414936e+02 1.144247128965165956e+02
2.550000000000000000e+02 2.068186537239486142e+02 1.148195635617073407e+02
2.550000000000000000e+02 2.077952423527111421e+02 1.155862020029045425e+02
2.550000000000000000e+02 2.084461563691008337e+02 1.162107086485046068e+02
2.550000000000000000e+02 2.083866463569433733e+02 1.160052035781695707e+02
2.550000000000000000e+02 2.078929387444239012e+02 1.155981938853226012e+02
2.550000000000000000e+02 2.071985559282158533e+02 1.149782206600975485e+02
2.550000000000000000e+02 2.068554398679237352e+02 1.146386572245375532e+02
2.550000000000000000e+02 2.065863991081382380e+02 1.143997688349819271e+02
2.550000000000000000e+02 2.062258936357085304e+02 1.141085781774546319e+02
2.550000000000000000e+02 2.060584014923231564e+02 1.140048755950606960e+02
2.550000000000000000e+02 2.060764200643666868e+02 1.140199470496500140e+02
2.550000000000000000e+02 2.060223123124543747e+02 1.139545081120629959e+02
2.550000000000000000e+02 2.062394607831542714e+02 1.142266994019038719e+02
2.550000000000000000e+02 2.068112977566270843e+02 1.146694560999339245e+02
2.550000000000000000e+02 2.072507005120005488e+02 1.150487275674533549e+02
2.550000000000000000e+02 2.072689745324269666e+02 1.150516620701726112e+02
2.550000000000000000e+02 2.064427015085646246e+02 1.143931066780830008e+02
2.550000000000000000e+02 2.061163535847134654e+02 1.140331105255771575e+02
2.550000000000000000e+02 2.058179252230048633e+02 1.136892170822433457e+02
2.550000000000000000e+02 2.062789906319824524e+02 1.141715067827853005e+02
2.550000000000000000e+02 2.085236628775156476e+02 1.160838438358886009e+02
2.550000000000000000e+02 2.097324540863068592e+02 1.170521225079985328e+02
2.550000000000000000e+02 2.104275859024029387e+02 1.176142382513454407e+02
2.550000000000000000e+02 2.107243901169858873e+02 1.178363427360414022e+02
2.550000000000000000e+02 2.107346979322872471e+02 1.177344819049511244e+02
2.550000000000000000e+02 2.108418601057430237e+02 1.177243380812042091e+02
2.550000000000000000e+02 2.113210434278019250e+02 1.181187740369832539e+02
2.550000000000000000e+02 2.115361514651226287e+02 1.182158743824693090e+02
2.550000000000000000e+02 2.116710660554827541e+02 1.182554862270746838e+02
2.550000000000000000e+02 2.106020981457916434e+02 1.172335176661478897e+02
2.550000000000000000e+02 2.098646407402326588e+02 1.165755488592337485e+02
2.550000000000000000e+02 2.086702366366593537e+02 1.155512481491818590e+02
2.550000000000000000e+02 2.079509838704845208e+02 1.147438499224982280e+02
2.550000000000000000e+02 2.080846007199859855e+02 1.148836826826495354e+02
2.550000000000000000e+02 2.084119152479031811e+02 1.150797976596512910e+02
2.550000000000000000e+02 2.085969576412968536e+02 1.152527220232773431e+02
2.550000000000000000e+02 2.083844845067402218e+02 1.149877920902458186e+02
2.550000000000000000e+02 2.076131991125533887e+02 1.143421762625378619e+02
2.550000000000000000e+02 2.069664416513318770e+02 1.137989290090021939e+02
2.550000000000000000e+02 2.068136756341663727e+02 1.135733728174537447e+02
2.550000000000000000e+02 2.066842957587684282e+02 1.135107012373478170e+02
2.550000000000000000e+02 2.068789143128359740e+02 1.136453067667015091e+02
2.550000000000000000e+02 2.073630741478352206e+02 1.141357345481323051e+02
2.550000000000000000e+02 2.073319330977531649e+02 1.140028178164209152e+02
2.550000000000000000e+02 2.073840303762817712e+02 1.140147702777922376e+02
2.550000000000000000e+02 2.070365243882247626e+02 1.137609176588944138e+02
2.550000000000000000e+02 2.058739819514679539e+02 1.129334793488904580e+02
2.550000000000000000e+02 2.056953147297529654e+02 1.126821260243558953e+02
2.550000000000000000e+02 2.058879243872786731e+02 1.128041452019067208e+02
2.550000000000000000e+02 2.066373689447301274e+02 1.134256542711127338e+02
2.550000000000000000e+02 2.073955428987714811e+02 1.140413873685505166e+02
2.550000000000000000e+02 2.074329928931736902e+02 1.140237409311882004e+02
2.550000000000000000e+02 2.075985691736875651e+02 1.141930732490353648e+02
2.550000000000000000e+02 2.080463859572770389e+02 1.146160027373974799e+02
2.550000000000000000e+02 2.081301761805420938e+02 1.145552044454325937e+02
2.550000000000000000e+02 2.081555475662234187e+02 1.145213496504929935e+02
2.550000000000000000e+02 2.081976886651875986e+02 1.144803076103119110e+02
2.550000000000000000e+02 2.081135168461901230e+02 1.144407099572833602e+02
2.550000000000000000e+02 2.079609400500489471e+02 1.142745360537009276e+02
2.550000000000000000e+02 2.081261363116722691e+02 1.145112594393696384e+02
2.550000000000000000e+02 2.082951169937825000e+02 1.145675353488526156e+02
2.550000000000000000e+02 2.081319690497477950e+02 1.144508742799745846e+02
2.550000000000000000e+02 2.082804586717630286e+02 1.145320690215223181e+02
2.550000000000000000e+02 2.085041604972728635e+02 1.147757730861475949e+02
2.550000000000000000e+02 2.085243850710919276e+02 1.148318881577598773e+02
2.550000000000000000e+02 2.080453483953268687e+02 1.142889515420725104e+02
2.550000000000000000e+02 2.080487165295602665e+02 1.142247898463998297e+02
2.550000000000000000e+02 2.072224955414796170e+02 1.136239027151640215e+02
2.550000000000000000e+02 2.069510737504710676e+02 1.133138183383555742e+02
2.550000000000000000e+02 2.069214527759512805e+02 1.133325117987192954e+02
2.550000000000000000e+02 2.070157163829139790e+02 1.133961988649892163e+02
2.550000000000000000e+02 2.075449218596011463e+02 1.138582229938235173e+02
2.550000000000000000e+02 2.080151471429990693e+02 1.142165082729008674e+02
2.550000000000000000e+02 2.084449595461218223e+02 1.145618918318014323e+02
2.550000000000000000e+02 2.086555846220073533e+02 1.146933752142533933e+02
2.550000000000000000e+02 2.083821539344569942e+02 1.143900050301255646e+02
2.550000000000000000e+02 2.077569314026481493e+02 1.138923994645045070e+02
2.550000000000000000e+02 2.074915016107439669e+02 1.136122230474361317e+02
2.550000000000000000e+02 2.071284574229042619e+02 1.132690596818879243e+02
2.550000000000000000e+02 2.067447707981500571e+02 1.129427937538139872e+02
2.550000000000000000e+02 2.065204618885204297e+02 1.126677389191379746e+02
2.550000000000000000e+02 2.061803970172459231e+02 1.124049345689466293e+02
2.550000000000000000e+02 2.052464840368413377e+02 1.116743111960503256e+02
2.550000000000000000e+02 2.047016410193336640e+02 1.111787744469621373e+02
2.550000000000000000e+02 2.049647150094847063e+02 1.113704458835754565e+02
2.550000000000000000e+02 2.050517756027872167e+02 1.114465064279958852e+02
2.550000000000000000e+02 2.049233828303996177e+02 1.113226202696715035e+02
2.550000000000000000e+02 2.049957661795802153e+02 1.113753025565337254e+02
2.550000000000000000e+02 2.048775629593537531e+02 1.113062321521210833e+02
2.550000000000000000e+02 2.042552433934267810e+02 1.108734111347111764e+02
2.550000000000000000e+02 2.037437568888279316e+02 1.104519008040316663e+02
2.550000000000000000e+02 2.039289112379943276e+02 1.106298852532171537e+02
2.550000000000000000e+02 2.040362421335301235e+02 1.107473221282950107e+02
2.550000000000000000e+02 2.040191349760872015e+02 1.107278481312058602e+02
2.550000000000000000e+02 2.041757532179400414e+02 1.109007882632505897e+02
2.550000000000000000e+02 2.043377295684656758e+02 1.110668959394745059e+02
2.550000000000000000e+02 2.041557998609225422e+02 1.108883737872114921e+02
2.550000000000000000e+02 2.040662510111498591e+02 1.107583064087584148e+02
2.550000000000000000e+02 2.040189205255929323e+02 1.107839553186087898e+02
2.550000000000000000e+02 2.038863948506651980e+02 1.106447327962609961e+02
2.550000000000000000e+02 2.042568864626548759e+02 1.110397994887878639e+02
2.550000000000000000e+02 2.044670164101933381e+02 1.111791781184807490e+02
2.550000000000000000e+02 2.046756972400536654e+02 1.112412284228900603e+02
2.550000000000000000e+02 2.046340481157528188e+02 1.113426650835174314e+02
2.550000000000000000e+02 2.040321171151993269e+02 1.109228009757497517e+02
2.550000000000000000e+02 2.037306139118450687e+02 1.105952168078728590e+02
2.550000000000000000e+02 2.037642889468115470e+02 1.106565985313294789e+02
2.550000000000000000e+02 2.039654923925264143e+02 1.108022924127099742e+02
2.550000000000000000e+02 2.047163324550324148e+02 1.114721711062649518e+02
2.550000000000000000e+02 2.053732573926288865e+02 1.119966365962922197e+02
2.550000000000000000e+02 2.057228810793167213e+02 1.123000698540948150e+02
2.550000000000000000e+02 2.057670121527202980e+02 1.122293642646634453e+02
2.550000000000000000e+02 2.053941805073961859e+02 1.119864848883359372e+02
2.550000000000000000e+02 2.058388609525071047e+02 1.122656300508216134e+02
2.550000000000000000e+02 2.057285813626752145e+02 1.121282555871449489e+02
2.550000000000000000e+02 2.054958805006157547e+02 1.119918161906969516e+02
2.550000000000000000e+02 2.054119720142105052e+02 1.119042856985172989e+02
2.550000000000000000e+02 2.049249186743805637e+02 1.115625966801171245e+02
2.550000000000000000e+02 2.045518016206780771e+02 1.113044030155523956e+02
2.550000000000000000e+02 2.045623286169993094e+02 1.112296528267255837e+02
2.550000000000000000e+02 2.046482822673093835e+02 1.113440258980508588e+02
2.550000000000000000e+02 2.049785376053133348e+02 1.116281065755882764e+02
2.550000000000000000e+02 2.052451437212521910e+02 1.118010798213122854e+02
2.550000000000000000e+02 2.052896090851321276e+02 1.118551229227079489e+02
2.550000000000000000e+02 2.052871302897131613e+02 1.118705333982992158e+02
2.550000000000000000e+02 2.054971924330512252e+02 1.120692548949113672e+02
2.550000000000000000e+02 2.056826511126984656e+02 1.122903502008108063e+02
2.550000000000000000e+02 2.058436987033629180e+02 1.123804966736520754e+02
2.550000000000000000e+02 2.058009268676509294e+02 1.122999342456940326e+02
2.550000000000000000e+02 2.058362560097385767e+02 1.123165620432086200e+02
2.550000000000000000e+02 2.054849734854039696e+02 1.119834478908951638e+02
2.550000000000000000e+02 2.053110115598277332e+02 1.118489811236259754e+02
2.550000000000000000e+02 2.051444040247311875e+02 1.117660944307522044e+02
2.550000000000000000e+02 2.052281847869450075e+02 1.118238494179088178e+02
2.550000000000000000e+02 2.055046067435219470e+02 1.120421111389686502e+02
2.550000000000000000e+02 2.062977613575977784e+02 1.127129517060640609e+02
2.550000000000000000e+02 2.068356615403537546e+02 1.131912583040435010e+02
2.550000000000000000e+02 2.068583932927454327e+02 1.130889165361830067e+02
2.550000000000000000e+02 2.064037456301769566e+02 1.127564993479758897e+02
2.550000000000000000e+02 2.056409420684065594e+02 1.120886878941119136e+02
2.550000000000000000e+02 2.050381453816666806e+02 1.116034163855945991e+02
2.550000000000000000e+02 2.044857855589667963e+02 1.110848262083733431e+02
2.550000000000000000e+02 2.045333005350224482e+02 1.110821660761393872e+02
2.550000000000000000e+02 2.048000485667295720e+02 1.113490639078241315e+02
2.550000000000000000e+02 2.051301919489607712e+02 1.116873201414742596e+02
2.550000000000000000e+02 2.060778975651984695e+02 1.124301419630735239e+02
2.550000000000000000e+02 2.064621155856627297e+02 1.126326762633262888e+02
2.550000000000000000e+02 2.075663811006040760e+02 1.135858945187399769e+02
2.550000000000000000e+02 2.087446840718472174e+02 1.144810203428369562e+02
2.550000000000000000e+02 2.099528839649373424e+02 1.154106159302026668e+02
2.550000000000000000e+02 2.108936420158977114e+02 1.161704203387371734e+02
2.550000000000000000e+02 2.111424329723942321e+02 1.163077743034695288e+02
2.550000000000000000e+02 2.110197294454720236e+02 1.160121337981863121e+02
2.550000000000000000e+02 2.098183698924120790e+02 1.149809564807412414e+02
2.550000000000000000e+02 2.082421193385463596e+02 1.136049285769475148e+02
2.550000000000000000e+02 2.068034813514796326e+02 1.123056786806248653e+02
2.550000000000000000e+02 2.061805263182792203e+02 1.118042776566237677e+02
2.550000000000000000e+02 2.061373334657880605e+02 1.116859419816802443e+02
2.550000000000000000e+02 2.058863365075160061e+02 1.114891726153026212e+02
2.550000000000000000e+02 2.069791620346936725e+02 1.124106648123006238e+02
2.550000000000000000e+02 2.074408518730516278e+02 1.127812399969093917e+02
2.550000000000000000e+02 2.077215454942532062e+02 1.129764987487759811e+02
2.550000000000000000e+02 2.084457211607448244e+02 1.136082336375061317e+02
2.550000000000000000e+02 2.081996628712082895e+02 1.132837731933728520e+02
2.550000000000000000e+02 2.076570353165273559e+02 1.128179646440515995e+02
2.550000000000000000e+02 2.068823991333676986e+02 1.122053584240411652e+02
2.550000000000000000e+02 2.067489888501511359e+02 1.119967627436417814e+02
2.550000000000000000e+02 2.063311005252460291e+02 1.116378183446629464e+02
2.550000000000000000e+02 2.060087956239484299e+02 1.112889420810212897e+02
2.550000000000000000e+02 2.060498329336039092e+02 1.113442908074849527e+02
2.550000000000000000e+02 2.061949528445438773e+02 1.115307602427705689e+02
2.550000000000000000e+02 2.062920910342348009e+02 1.116058683747017852e+02
2.550000000000000000e+02 2.064451298450437378e+02 1.117662489612554140e+02
2.550000000000000000e+02 2.068200791889986760e+02 1.120324987109317760e+02
2.550000000000000000e+02 2.068712839750291437e+02 1.120565266273402329e+02
2.550000000000000000e+02 2.068156198801915480e+02 1.120207938137339738e+02
2.550000000000000000e+02 2.066611335285463440e+02 1.117833781944845271e+02
2.550000000000000000e+02 2.066000182913657000e+02 1.118556590489435933e+02
2.550000000000000000e+02 2.064871684492864006e+02 1.116853285901929951e+02
2.550000000000000000e+02 2.064052609752136220e+02 1.116195317095015724e+02
2.550000000000000000e+02 2.064467839521649353e+02 1.116596024150910011e+02
2.550000000000000000e+02 2.062794920676969639e+02 1.115618240276010340e+02
2.550000000000000000e+02 2.060083525313830819e+02 1.113249445345872317e+02
2.550000000000000000e+02 2.057740779811378218e+02 1.111008973807079769e+02
2.550000000000000000e+02 2.056130729652038269e+02 1.109812056217566294e+02
2.550000000000000000e+02 2.057847831605903082e+02 1.111478699231604992e+02
2.550000000000000000e+02 2.058037572988068007e+02 1.111511087563605855e+02
2.550000000000000000e+02 2.054818986437583135e+02 1.108525889378235547e+02
2.550000000000000000e+02 2.054137081171088823e+02 1.108348825804701789e+02
2.550000000000000000e+02 2.054447025208970956e+02 1.109038646817381277e+02
2.550000000000000000e+02 2.055975426496304692e+02 1.109875208734442538e+02
2.550000000000000000e+02 2.058615848206894157e+02 1.111664624656445568e+02
2.550000000000000000e+02 2.057783985278604177e+02 1.111622570283784199e+02
2.550000000000000000e+02 2.059099560218802480e+02 1.111872483951691919e+02
2.550000000000000000e+02 2.058859233749462021e+02 1.112478416976910296e+02
2.550000000000000000e+02 2.057384145485738145e+02 1.111399116022447942e+02
2.550000000000000000e+02 2.057060309470985260e+02 1.110867184186168259e+02
2.550000000000000000e+02 2.059967974341629144e+02 1.113173772704551823e+02
2.550000000000000000e+02 2.059149751095510794e+02 1.112564607153500873e+02
2.550000000000000000e+02 2.057948371043506768e+02 1.111468607443639769e+02
2.550000000000000000e+02 2.059267604256842219e+02 1.112680978083474912e+02
2.550000000000000000e+02 2.060974898254278287e+02 1.114128266625038037e+02
2.550000000000000000e+02 2.060357848493879374e+02 1.113177919798668825e+02
2.550000000000000000e+02 2.060071872452414823e+02 1.113325196829286341e+02
2.550000000000000000e+02 2.060865118523319097e+02 1.113336628932840711e+02
2.550000000000000000e+02 2.060986141136808385e+02 1.113690267258928515e+02
2.550000000000000000e+02 2.063818732566041945e+02 1.116283352176593695e+02
2.550000000000000000e+02 2.065163242554546912e+02 1.116985220261156542e+02
2.550000000000000000e+02 2.064162216030489674e+02 1.115836443653921037e+02
2.550000000000000000e+02 2.063920186571930060e+02 1.116005749165456393e+02
2.550000000000000000e+02 2.063325401818729290e+02 1.114858186726460474e+02
2.550000000000000000e+02 2.060624050938299661e+02 1.113185756702760614e+02
2.550000000000000000e+02 2.059643539126965663e+02 1.112105099664290435e+02
2.550000000000000000e+02 2.061640388596910327e+02 1.113815641955977753e+02
2.550000000000000000e+02 2.058915668919973712e+02 1.111285630713095145e+02
2.550000000000000000e+02 2.056097458288590474e+02 1.109155080821030026e+02
2.550000000000000000e+02 2.055241690437557907e+02 1.109016839094325064e+02
2.550000000000000000e+02 2.054984050244489424e+02 1.108550724637681100e+02
2.550000000000000000e+02 2.051559070861696910e+02 1.105587223796435978e+02
2.550000000000000000e+02 2.050916492031429641e+02 1.105746752888380087e+02
2.550000000000000000e+02 2.052538951936282956e+02 1.106955071044610435e+02
2.550000000000000000e+02 2.052596017843542597e+02 1.106598499792645356e+02
2.550000000000000000e+02 2.052543698230310270e+02 1.106915649997871327e+02
2.550000000000000000e+02 2.052490306364606738e+02 1.106604034507607537e+02
2.550000000000000000e+02 2.052712672605053115e+02 1.106313044108997588e+02
