2.549836338726996701e+02 1.369131521457399856e+02 5.628170474321471904e-03
2.549914651756951969e+02 1.363352464175954424e+02 7.831302995519680635e-03
2.549921316695671578e+02 1.372926278372273714e+02 5.868848816973377264e-03
2.549876143222127496e+02 1.323950087014477788e+02 6.165068315621875968e-03
2.549874662124634312e+02 1.320705928092716590e+02 4.128559262413448137e-03
2.549894101529233126e+02 1.321489243529455280e+02 2.906653830488391960e-03
2.549879660828674162e+02 1.315428222312733624e+02 1.203391713259525280e-03
2.549894656940793141e+02 1.311358351538490012e+02 1.147850557262931935e-03
2.549915762580071714e+02 1.311746213944532826e+02 9.812270892731514687e-04
2.549932239789684161e+02 1.305679083200651576e+02 1.758803273225460024e-03
2.549923168067537915e+02 1.302576183952308781e+02 3.147332173140297102e-04
2.549940570963083530e+02 1.299962972562668995e+02 1.092309401266338374e-03
2.549947976450549731e+02 1.298323397637649634e+02 2.628948050505424371e-03
2.549935757396230542e+02 1.295146073240271107e+02 2.647461769170955485e-03
2.549936312807790557e+02 1.296013255822564645e+02 1.795830710556522471e-03
2.549938719591217193e+02 1.296767134446624823e+02 1.536638649239086213e-03
2.549917058540378321e+02 1.294348131965786592e+02 5.368978413004036297e-04
2.549936127670603980e+02 1.296685303810123173e+02 4.443292479727477848e-04
2.549905950309179161e+02 1.296163587218128725e+02 1.777316991890991139e-03
2.549913355796645362e+02 1.292652645610397428e+02 1.147850557262931935e-03
2.549918169363498350e+02 1.291594401451475562e+02 2.832598955826267067e-03
2.549916873403191744e+02 1.286293923797533978e+02 3.721257451771762745e-03
2.549907616543858921e+02 1.280648905839226757e+02 1.407042618580367976e-03
2.549925574850964551e+02 1.279417558410782334e+02 5.183841226348724065e-04
2.549925574850964551e+02 1.278842707446217588e+02 7.590624652867775492e-04
2.549922427518791324e+02 1.276083052541933540e+02 2.980708705150516419e-03
2.549924278890657945e+02 1.272114451808790250e+02 6.294664346280594205e-04
2.549923908616284791e+02 1.270332321250046306e+02 2.036509053208427505e-04
2.549922612655978185e+02 1.266940422853334383e+02 1.462583774576961537e-03
2.549916317991631729e+02 1.264118376717147356e+02 7.590624652867775492e-04
2.549921686970044732e+02 1.263678490761654416e+02 4.443292479727477848e-04
2.549900211056392720e+02 1.264036175806272411e+02 7.590624652867775492e-04
2.549901877291072765e+02 1.261337986447957888e+02 4.443292479727477848e-04
2.549901877291072765e+02 1.264225200873847541e+02 4.258155293072166700e-04
2.549911134150405587e+02 1.263665531158588493e+02 8.146036212833710020e-04
2.549910578738845572e+02 1.264220017032621115e+02 8.516310586144333400e-04
2.549911319287592164e+02 1.262548783648683610e+02 5.183841226348724065e-04
2.549908912504165528e+02 1.262686155441181910e+02 1.851371866553115815e-03
2.549910393601658711e+02 1.261797496945236361e+02 2.777057799829673723e-04
2.549919465323804957e+02 1.259235753693486828e+02 1.481097493242492706e-04
2.549911319287592164e+02 1.254700448031991726e+02 3.332469359795608792e-04
2.549891324471433336e+02 1.252307179620098481e+02 6.479801532935905353e-04
2.549890954197059898e+02 1.250185692598215326e+02 5.924389972969970825e-04
2.549896878587032916e+02 1.247150923834561382e+02 3.702743733106231630e-04
2.549895397489539732e+02 1.244607324027104056e+02 8.146036212833710020e-04
2.549896138038286324e+02 1.245944199651942057e+02 5.739252786314659677e-04
2.549904839486059132e+02 1.245754989447180350e+02 2.036509053208427505e-04
2.549902617839819357e+02 1.243092346428703650e+02 5.739252786314659677e-04
2.549901877291072765e+02 1.244324249268708087e+02 3.702743733106231630e-04
2.549901136742326173e+02 1.242067797237753126e+02 3.517606546450919940e-04
2.549898544821712960e+02 1.241935424149294676e+02 3.887880919761543320e-04
2.549902617839819357e+02 1.241695486355389306e+02 4.813566853038101227e-04
2.549915207168511984e+02 1.241789721183396864e+02 7.220350279557152112e-04
2.549898729958899537e+02 1.238215277520642843e+02 2.777057799829673723e-04
2.549890398785500167e+02 1.235344170029992199e+02 2.591920613174362033e-04
2.549890213648313306e+02 1.235266227274410369e+02 2.406783426519050614e-04
2.549892620431739942e+02 1.232548043099937018e+02 7.220350279557152112e-04
2.549893546117673111e+02 1.232530640204391403e+02 5.368978413004036297e-04
2.549898544821712960e+02 1.232983115488576971e+02 2.777057799829673723e-04
2.549893360980486534e+02 1.230008701447772808e+02 1.666234679897804396e-04
2.549889843373940153e+02 1.230888473358758830e+02 5.739252786314659677e-04
2.549883548709593697e+02 1.230578738845484565e+02 2.591920613174362033e-04
2.549886140630206910e+02 1.229971488873255083e+02 9.256859332765579075e-05
2.549877994593994117e+02 1.227786870070722358e+02 4.258155293072166700e-04
2.549882437886473951e+02 1.227453623134742884e+02 2.406783426519050614e-04
2.549886140630206910e+02 1.228159551227459616e+02 9.256859332765579075e-05
2.549875032399007750e+02 1.227648757729477609e+02 2.962194986484985412e-04
2.549882993298033966e+02 1.228579442366793728e+02 2.036509053208427505e-04
2.549880956788980768e+02 1.228237864257414742e+02 4.628429666382789538e-04
2.549878920279927286e+02 1.230862554152627126e+02 3.702743733106231766e-05
2.549880401377420753e+02 1.229633613507609198e+02 4.258155293072166700e-04
2.549878920279927286e+02 1.227797422890361787e+02 3.147332173140297102e-04
2.549880401377420753e+02 1.226234124486244355e+02 1.295960306587181016e-04
2.549876698633687511e+02 1.223156774169659684e+02 3.332469359795608792e-04
2.549873181027141129e+02 1.220435812937386544e+02 2.221646239863738924e-04
2.549885214944273741e+02 1.222194986484985435e+02 3.147332173140297102e-04
2.549882808160847105e+02 1.221746213944532968e+02 9.256859332765579075e-04
2.549878364868367555e+02 1.222852778909171718e+02 4.813566853038101227e-04
2.549870033694967901e+02 1.229701558855111614e+02 5.554115599659347445e-04
2.549845965860702677e+02 1.239013218795127216e+02 6.109527159625281973e-04
2.549840596882289674e+02 1.248753471322249737e+02 2.777057799829673723e-04
2.549840782019476535e+02 1.261451290406190964e+02 4.258155293072166700e-04
2.549842448254156295e+02 1.262812974414040781e+02 6.850075906246528732e-04
2.549836709001370139e+02 1.263442255711482147e+02 2.406783426519050614e-04
2.549845040174769508e+02 1.261346317621357400e+02 1.851371866553115815e-04
2.549857814640648712e+02 1.262855741104158227e+02 1.295960306587181016e-04
2.549839300921983067e+02 1.260019254267412094e+02 2.591920613174362033e-04
2.549840411745103097e+02 1.260694634724330712e+02 2.777057799829673723e-04
2.549861517384381955e+02 1.260305476357981291e+02 4.258155293072166700e-04
2.549863924167808307e+02 1.262093346169511676e+02 3.702743733106231630e-04
2.549852445662235709e+02 1.264113378013107649e+02 4.443292479727477848e-04
2.549850224015995934e+02 1.259739326841189353e+02 4.813566853038101227e-04
2.549859110600955319e+02 1.259428296367608340e+02 5.554115599659347445e-04
2.549857814640648712e+02 1.257920909393860853e+02 3.332469359795608792e-04
2.549855592994408937e+02 1.253563150294368143e+02 2.036509053208427505e-04
2.549847261821009283e+02 1.254240567260339958e+02 3.147332173140297102e-04
2.549845225311956085e+02 1.256188765875513695e+02 3.332469359795608792e-04
2.549844114488836340e+02 1.256373532787795710e+02 3.702743733106231630e-04
2.549847076683822706e+02 1.253779390528381583e+02 3.702743733106231630e-04
2.549848557781315890e+02 1.252521753619432019e+02 4.998704039693412917e-04
2.549848557781315890e+02 1.251843225830340316e+02 8.886584959454955695e-04
2.549824304809864088e+02 1.250043322101677319e+02 3.702743733106231630e-04
2.549807827600251926e+02 1.245270485429703342e+02 3.517606546450919940e-04
2.549825600770170695e+02 1.244360351020105924e+02 7.220350279557152112e-04
2.549815418224904704e+02 1.243302847409930791e+02 4.813566853038101227e-04
2.549808753286185095e+02 1.242907394379235058e+02 3.517606546450919940e-04
2.549806346502758458e+02 1.243314325915503389e+02 7.035213092901839880e-04
2.549801532935905470e+02 1.243444477357722064e+02 4.258155293072166700e-04
2.549832450846076881e+02 1.243899729699707422e+02 2.036509053208427505e-04
2.549813011441478068e+02 1.241502758544081217e+02 6.294664346280594205e-04
2.549798200466545666e+02 1.242565816269855929e+02 2.962194986484985412e-04
2.549788388195653113e+02 1.242956640870885394e+02 2.221646239863738924e-04
2.549778390787573699e+02 1.241765653349131640e+02 3.517606546450919940e-04
2.549777465101640246e+02 1.244746547191468835e+02 6.294664346280594205e-04
2.549778020513200261e+02 1.243663864923908591e+02 2.036509053208427505e-04
2.549767467693560832e+02 1.243373754952419716e+02 8.701447772799644547e-04
2.549775798866960486e+02 1.248056800088865828e+02 9.256859332765579075e-04
2.549784870589106447e+02 1.250271411115636653e+02 4.998704039693412917e-04
2.549788388195653113e+02 1.253662754100788703e+02 3.147332173140297102e-04
2.549776354278520500e+02 1.258811048987299586e+02 3.887880919761543320e-04
2.549830414337023683e+02 1.258482430480986380e+02 1.055281963935276145e-03
2.549812641167104914e+02 1.259990558003480601e+02 2.406783426519050614e-04
2.549806901914318473e+02 1.259681008627392913e+02 2.777057799829673723e-04
2.549791535527826056e+02 1.258933239530492045e+02 2.962194986484985412e-04
2.549792276076572648e+02 1.259250934942792668e+02 2.221646239863738924e-04
2.549782834080053249e+02 1.254503276928203803e+02 4.813566853038101227e-04
2.549784130040359855e+02 1.255077387344021957e+02 6.850075906246528732e-04
2.549794497722812707e+02 1.254852630799422428e+02 6.664938719591217585e-04
2.549783389491613264e+02 1.254178361165623699e+02 8.516310586144333400e-04
2.549779131336320290e+02 1.254782093531306657e+02 5.183841226348724065e-04
2.549767467693560832e+02 1.252175547080386622e+02 4.258155293072166700e-04
2.549759691931721477e+02 1.254617321435183470e+02 3.517606546450919940e-04
2.549771355574480651e+02 1.254468100862739277e+02 7.035213092901839880e-04
2.549774873181027033e+02 1.256768060132558276e+02 9.071722146110267927e-04
2.549797089643425920e+02 1.256865627429925638e+02 2.962194986484985412e-04
2.549791350390639479e+02 1.261598474469581959e+02 8.701447772799644547e-04
2.549816529048024449e+02 1.261359462361609900e+02 5.554115599659347445e-04
2.549804124856518683e+02 1.259286851557003786e+02 5.924389972969970825e-04
2.549808197874625080e+02 1.259158551486651589e+02 9.256859332765579075e-04
2.549802828896212077e+02 1.256504795053134416e+02 4.998704039693412917e-04
2.549806531639945320e+02 1.255968637760580577e+02 2.591920613174362033e-04
2.549807087051505050e+02 1.257075943273966061e+02 2.962194986484985412e-04
2.549801532935905470e+02 1.256561632169437530e+02 4.073018106416855010e-04
2.549776539415707077e+02 1.257656163216943810e+02 4.998704039693412917e-04
2.549794682859999284e+02 1.256380938275261911e+02 4.998704039693412917e-04
2.549809493834931686e+02 1.259456066945606665e+02 5.183841226348724065e-04
2.549805976228385305e+02 1.260233643129559056e+02 4.443292479727477848e-04
2.549794867997185861e+02 1.258995630762394882e+02 6.294664346280594205e-04
2.549790239567519450e+02 1.257832043544266298e+02 3.887880919761543320e-04
2.549810234383678278e+02 1.255167734291109696e+02 4.998704039693412917e-04
2.549794497722812707e+02 1.253797719109860367e+02 4.258155293072166700e-04
2.549800977524345456e+02 1.253520939015810711e+02 1.036768245269744813e-03
2.549812270892731476e+02 1.258152145739993273e+02 6.479801532935905353e-04
2.549815788499277858e+02 1.258584626208020154e+02 5.554115599659347445e-04
2.549816343910837872e+02 1.254879105417114147e+02 2.591920613174362033e-04
2.549813566853038083e+02 1.252625430443958976e+02 3.887880919761543320e-04
2.549819491243011100e+02 1.249257599881512135e+02 5.554115599659347445e-04
2.549807087051505050e+02 1.247961454437738382e+02 6.109527159625281973e-04
2.549816529048024449e+02 1.243811789536046177e+02 2.406783426519050614e-04
2.549805420816825290e+02 1.244103750879401673e+02 1.666234679897804396e-04
2.549797830192172512e+02 1.245067204798755824e+02 2.962194986484985412e-04
2.549793016625319240e+02 1.248269337579146168e+02 3.332469359795608792e-04
2.549822083163624313e+02 1.245695375273077303e+02 5.554115599659347445e-04
2.549822638575184328e+02 1.247323101418150912e+02 4.998704039693412917e-04
2.549825600770170695e+02 1.246192283482060219e+02 4.998704039693412917e-04
2.549834487355130079e+02 1.245521161180434717e+02 6.850075906246528732e-04
2.549816899322397887e+02 1.244647498796608289e+02 7.960899026178397788e-04
2.549815233087718127e+02 1.240674639908172026e+02 4.998704039693412917e-04
2.549841707705409704e+02 1.238156218758099811e+02 4.998704039693412917e-04
2.549849668604435919e+02 1.238038841781760340e+02 3.517606546450919940e-04
2.549827081867663878e+02 1.237758358943977441e+02 3.332469359795608792e-04
2.549829488651090514e+02 1.236970970489132498e+02 4.628429666382789538e-04
2.549834857629503517e+02 1.238440589476802245e+02 3.147332173140297102e-04
2.549826711593290725e+02 1.239335542637094107e+02 2.591920613174362033e-04
2.549834117080756926e+02 1.239904839486059132e+02 3.332469359795608792e-04
2.549838004961676461e+02 1.239879290554300724e+02 4.258155293072166700e-04
2.549843373940089748e+02 1.237289961861739584e+02 2.962194986484985412e-04
2.549840226607916520e+02 1.236870626133965203e+02 5.554115599659347445e-04
2.549846150997889538e+02 1.237161106379827515e+02 3.517606546450919940e-04
2.549842263116969718e+02 1.237801495908468183e+02 2.591920613174362033e-04
2.549829673788277091e+02 1.238981004924649199e+02 9.071722146110267927e-04
2.549826156181730710e+02 1.235746102862220965e+02 1.203391713259525280e-03
2.549845595586329523e+02 1.236609027289221245e+02 7.220350279557152112e-04
2.549847632095382721e+02 1.237680416188395611e+02 4.258155293072166700e-04
2.549831154885770275e+02 1.235153478727737308e+02 3.332469359795608792e-04
2.549838375236049899e+02 1.236247824638056869e+02 4.073018106416855010e-04
2.549828377827970485e+02 1.237547302551190427e+02 2.777057799829673723e-04
2.549844114488836340e+02 1.236882104639537943e+02 2.221646239863738924e-04
2.549829118376717076e+02 1.239415151627355840e+02 2.591920613174362033e-04
2.549826156181730710e+02 1.238765505239382350e+02 4.998704039693412917e-04
2.549835783315436686e+02 1.239550486910800942e+02 3.517606546450919940e-04
2.549830784611397121e+02 1.238975821083422773e+02 3.517606546450919940e-04
2.549824675084237526e+02 1.241495538193801593e+02 3.517606546450919940e-04
2.549848928055689328e+02 1.240852741881734431e+02 2.962194986484985412e-04
2.549858370052208727e+02 1.242573777168882145e+02 3.147332173140297102e-04
2.549854852445662345e+02 1.245176620876069222e+02 2.221646239863738924e-04
2.549860036286888487e+02 1.244592142777798358e+02 3.332469359795608792e-04
2.549858925463768742e+02 1.244396267634317041e+02 3.702743733106231630e-04
2.549863739030621730e+02 1.246501277446587892e+02 2.777057799829673723e-04
2.549854482171288907e+02 1.244346465731106690e+02 4.813566853038101227e-04
2.549866516088421520e+02 1.241957640611693279e+02 4.258155293072166700e-04
2.549858184915022150e+02 1.240402117969415343e+02 7.775761839523086640e-04
2.549855592994408937e+02 1.239722109082830315e+02 6.850075906246528732e-04
2.549855407857222076e+02 1.239684896508312590e+02 5.368978413004036297e-04
2.549864109304994884e+02 1.240711297071129735e+02 4.998704039693412917e-04
2.549830414337023683e+02 1.241801199688969461e+02 5.554115599659347445e-04
2.549861147110008517e+02 1.242541563298404128e+02 6.664938719591217585e-04
2.549873181027141129e+02 1.243448920650201757e+02 5.554115599659347445e-04
2.549859110600955319e+02 1.239745436368348948e+02 3.517606546450919940e-04
2.549862813344688277e+02 1.241984115229384997e+02 2.777057799829673723e-04
2.549862998481875138e+02 1.241396304661754328e+02 7.405487466212463260e-04
2.549867626911541549e+02 1.239612322731143763e+02 4.998704039693412917e-04
2.549860406561261925e+02 1.236447957936831159e+02 6.294664346280594205e-04
2.549864479579368322e+02 1.236495538193801593e+02 4.258155293072166700e-04
2.549857444366275274e+02 1.236483689413855700e+02 7.590624652867775492e-04
2.549857259229088697e+02 1.237663383567223292e+02 7.960899026178397788e-04
2.549853741622542316e+02 1.237652460473210709e+02 1.481097493242492706e-04
2.549852630799422286e+02 1.237399563076239559e+02 3.702743733106231630e-04
2.549837819824489884e+02 1.236965416373532776e+02 1.666234679897804396e-04
2.549865034990928336e+02 1.236203021438886225e+02 1.851371866553115815e-04
2.549858370052208727e+02 1.235501536638649185e+02 1.481097493242492706e-04
2.549860221424075348e+02 1.236153589810049311e+02 1.110823119931869462e-04
2.549855778131595514e+02 1.234766727144814240e+02 2.406783426519050614e-04
2.549850964564742526e+02 1.235874032658199724e+02 2.962194986484985412e-04
2.549839671196356505e+02 1.235659458658866185e+02 3.332469359795608792e-04
2.549841152293849689e+02 1.235962898507794279e+02 1.851371866553115815e-04
2.549860036286888487e+02 1.235817565816269905e+02 3.332469359795608792e-04
2.549845780723516100e+02 1.236390935683341326e+02 4.443292479727477848e-04
2.549843559077276325e+02 1.234875032399007608e+02 5.183841226348724065e-04
2.549845965860702677e+02 1.233794386640500562e+02 3.332469359795608792e-04
2.549853926759728893e+02 1.234180397674676897e+02 3.517606546450919940e-04
2.549850594290369088e+02 1.236427592846299177e+02 3.332469359795608792e-04
2.549852445662235709e+02 1.238683119191320827e+02 5.554115599659347445e-04
2.549828933239530500e+02 1.239127448439293460e+02 4.998704039693412917e-04
2.549834302217943502e+02 1.238226570889028721e+02 2.591920613174362033e-04
2.549833006257636896e+02 1.238053467619506023e+02 1.481097493242492706e-04
2.549856703817528683e+02 1.237734661384085655e+02 3.332469359795608792e-04
2.549854297034102331e+02 1.235694634724330712e+02 3.887880919761543320e-04
2.549844855037582931e+02 1.234637316251342298e+02 6.109527159625281973e-04
2.549843929351649479e+02 1.233980449513089184e+02 1.851371866553115815e-04
2.549840226607916520e+02 1.233769393120302169e+02 7.035213092901839880e-04
2.549847076683822706e+02 1.232414929462731834e+02 7.405487466212463260e-04
2.549850594290369088e+02 1.232414929462731834e+02 4.628429666382789538e-04
2.549833746806383488e+02 1.234582885918465536e+02 2.591920613174362033e-04
2.549839300921983067e+02 1.235432665605213458e+02 2.406783426519050614e-04
2.549835413041063532e+02 1.236566445736290660e+02 4.443292479727477848e-04
2.549808197874625080e+02 1.235958455215314586e+02 2.591920613174362033e-04
2.549824489947050665e+02 1.234039693412818934e+02 7.405487466212463260e-04
2.549823193986744059e+02 1.233759025437849459e+02 5.739252786314659677e-04
2.549806161365571882e+02 1.234319805976228395e+02 5.183841226348724065e-04
2.549822823712370905e+02 1.234180582811863616e+02 8.146036212833710020e-04
2.549817639871144479e+02 1.234071351871736937e+02 6.850075906246528732e-04
2.549810974932424870e+02 1.234764690635761042e+02 2.221646239863738924e-04
2.549797089643425920e+02 1.234724886140630247e+02 4.443292479727477848e-04
2.549819306105824523e+02 1.236269670826082177e+02 4.073018106416855010e-04
2.549828562965157062e+02 1.236405191246713855e+02 1.110823119931869462e-04
2.549843003665716310e+02 1.235232532306439026e+02 2.591920613174362033e-04
2.549842077979783141e+02 1.234012293109193905e+02 3.332469359795608792e-04
2.549834857629503517e+02 1.231871181545525218e+02 4.628429666382789538e-04
2.549835598178250109e+02 1.231177287369941098e+02 4.628429666382789538e-04
2.549812270892731476e+02 1.229902988114192652e+02 7.590624652867775492e-04
2.549849113192875905e+02 1.228745510423223664e+02 2.777057799829673723e-04
2.549850409153182511e+02 1.227639871144518082e+02 7.960899026178397788e-04
2.549840226607916520e+02 1.227244047839449053e+02 7.220350279557152112e-04
2.549842818528529733e+02 1.225447661717332579e+02 9.627133706076202455e-04
2.549831525160143713e+02 1.226835264931314100e+02 8.886584959454955695e-04
2.549830044062650529e+02 1.225299551968008274e+02 1.073795682600807259e-03
2.549833561669196911e+02 1.225948828081608468e+02 1.073795682600807259e-03
2.549833006257636896e+02 1.225231976894879153e+02 8.516310586144333400e-04
2.549834487355130079e+02 1.228405228274151142e+02 7.590624652867775492e-04
2.549820416928944269e+02 1.229616766023623455e+02 4.998704039693412917e-04
2.549830784611397121e+02 1.228947865368237871e+02 6.664938719591217585e-04
2.549834302217943502e+02 1.229207983115488645e+02 4.628429666382789538e-04
2.549820046654571115e+02 1.228113637205169084e+02 5.739252786314659677e-04
2.549819861517384254e+02 1.226828970266967787e+02 5.183841226348724065e-04
2.549816343910837872e+02 1.226198763283593109e+02 3.147332173140297102e-04
2.549812270892731476e+02 1.225543747917206616e+02 9.256859332765579075e-04
2.549815233087718127e+02 1.224017847224793627e+02 2.777057799829673723e-04
2.549815418224904704e+02 1.224480134779871889e+02 2.777057799829673723e-04
2.549795053134372438e+02 1.228315066464249981e+02 4.443292479727477848e-04
2.549812826304291491e+02 1.226963194727292858e+02 5.368978413004036297e-04
2.549818010145517917e+02 1.228693486873773537e+02 4.443292479727477848e-04
2.549824675084237526e+02 1.229594364424038275e+02 4.628429666382789538e-04
2.549821157477690861e+02 1.229724515866256951e+02 4.443292479727477848e-04
2.549814307401784674e+02 1.232172584885400113e+02 2.221646239863738924e-04
2.549810234383678278e+02 1.229556966712333832e+02 3.147332173140297102e-04
2.549815603362091281e+02 1.230192357536934935e+02 2.221646239863738924e-04
2.549821898026437452e+02 1.229508460769430087e+02 3.517606546450919940e-04
2.549808383011811657e+02 1.230460065908838487e+02 4.813566853038101227e-04
2.549832821120450319e+02 1.229774502906653879e+02 3.887880919761543320e-04
2.549817269596771325e+02 1.230689265745917709e+02 4.258155293072166700e-04
2.549815603362091281e+02 1.231806198393009169e+02 4.998704039693412917e-04
