2.506873797203096217e+02 1.425211234046712905e+00 1.562160543984946415e+00
2.507578460542152072e+02 1.491394847294432502e+00 1.587154281804241229e+00
2.509039961877065821e+02 1.638687446924200097e+00 1.680164466248373456e+00
2.510517103390130842e+02 1.400284700117912173e+00 1.516327490667823463e+00
2.511198734123080953e+02 1.439806697173160011e+00 1.482982142093462352e+00
2.510227760094329881e+02 1.443704522821830372e+00 1.438621464922623883e+00
2.509400480202344852e+02 1.444822551181871972e+00 1.424441444028323289e+00
2.509575332506521761e+02 1.462704895497950242e+00 1.411703252057355362e+00
2.509573621862036532e+02 1.482212352075072959e+00 1.384125219176324695e+00
2.509767230161106113e+02 1.463163103842229695e+00 1.373439800587728632e+00
2.509729962549104698e+02 1.418796317226800996e+00 1.325602849444956988e+00
2.510046737251116440e+02 1.452276073582150717e+00 1.360011241378046298e+00
2.510148215125763045e+02 1.471349759593355344e+00 1.348055058314648669e+00
2.509931513126141738e+02 1.414855725465997915e+00 1.313781074162547968e+00
2.509889174675130334e+02 1.458141140388927282e+00 1.344920913239777471e+00
2.509997067466596548e+02 1.427099052425144121e+00 1.301983736658500312e+00
2.509642597491462084e+02 1.410328627024517223e+00 1.327282946707314837e+00
2.510136057331027928e+02 1.462857631612709985e+00 1.322694753819930291e+00
2.510352087291744283e+02 1.538174864523066177e+00 1.358942088574727647e+00
2.510566101135745782e+02 1.593483666399887477e+00 1.382139649684447136e+00
2.510706068511311742e+02 1.643446704260115743e+00 1.382109102461495320e+00
2.510553271302105998e+02 1.527501664823650795e+00 1.360506106389868020e+00
2.509731673193589927e+02 1.432695303669943465e+00 1.308050415136760014e+00
2.509525968194231496e+02 1.436244890976961175e+00 1.299588834379066693e+00
2.509012530470854756e+02 1.337180246943750372e+00 1.223672875898851986e+00
2.508266261814138431e+02 1.190730750667456928e+00 1.149669173575430303e+00
2.507267367623609289e+02 1.065762061570982633e+00 1.073185036748309118e+00
2.506620071969257140e+02 1.007429084621916937e+00 1.019892351586317192e+00
2.506541565606270865e+02 9.786536006011693489e-01 9.988208771940543240e-01
2.506350950935050435e+02 9.893695664127174494e-01 1.001356296699067006e+00
2.506521404439122307e+02 9.879766130461079543e-01 9.885509008376048845e-01
2.506712996621477032e+02 9.957417171204965278e-01 1.019281407127277994e+00
2.506939351543551311e+02 1.074700179006726541e+00 1.066177503803129367e+00
2.506988532572503914e+02 1.123868989070203606e+00 1.089338408245306367e+00
2.506558977523353349e+02 1.095374539500614031e+00 1.093279000006109447e+00
2.506174265797496332e+02 1.134896536555861646e+00 1.141946835613174338e+00
2.505949743708799531e+02 1.118847025616901192e+00 1.100750850740159104e+00
2.506481021010380061e+02 1.230246638278114091e+00 1.154813325920540645e+00
2.505775991104648597e+02 1.104929710839987589e+00 1.099889419052913819e+00
2.505589225383520500e+02 1.062224693153145383e+00 1.087701077095081237e+00
2.506003934482316140e+02 1.143688027321436262e+00 1.148386190211447833e+00
2.506572540490344068e+02 1.267190449716216305e+00 1.208240418863521182e+00
2.506452856470818347e+02 1.281987524514146326e+00 1.226758145417000234e+00
2.506032465588553464e+02 1.202741918732167958e+00 1.183998142728844627e+00
2.506721305466120100e+02 1.255472534991843858e+00 1.264942174106951978e+00
2.506982117655684021e+02 1.291780964192545289e+00 1.273635913759080251e+00
2.507624036998796555e+02 1.281162749494443531e+00 1.290473543050201233e+00
2.507654339843964806e+02 1.242373885790042820e+00 1.273061625967583321e+00
2.507359864614707874e+02 1.241103121315241253e+00 1.227766203774414810e+00
2.507435682822074625e+02 1.225707320947452716e+00 1.239575760167643148e+00
2.506394450180534079e+02 1.121461867901589082e+00 1.189313359522485847e+00
2.506523481650283145e+02 1.155338738155314404e+00 1.216873064069745380e+00
2.506808426145979070e+02 1.177943683139765829e+00 1.203041281517097216e+00
2.506811419773828220e+02 1.152125170300767998e+00 1.187724903928983888e+00
2.506735479377569789e+02 1.083118993652287143e+00 1.140938777255759762e+00
2.505705365925183798e+02 1.046847221119127980e+00 1.090535859385023398e+00
2.506580238390527882e+02 1.025818512838997831e+00 1.082355313078487979e+00
2.505863600540074856e+02 1.032758841893683499e+00 1.109041367049321547e+00
2.506363719674244521e+02 1.093040731667084042e+00 1.138867675539616764e+00
2.506420293131151311e+02 1.156016886504847907e+00 1.147604181303877757e+00
2.506998552061632211e+02 1.208032697747447815e+00 1.209822765012432688e+00
2.507351922336740415e+02 1.286056414611347787e+00 1.236569913429170109e+00
2.507460975922678870e+02 1.297487185439971658e+00 1.246418338108882473e+00
2.508219341279684329e+02 1.394486837201629914e+00 1.261869123477984633e+00
2.507767120191103345e+02 1.355319187932624958e+00 1.226642065969782758e+00
2.507287162224082238e+02 1.329549550650350298e+00 1.213066880089931132e+00
2.507880267104917493e+02 1.361410304189246245e+00 1.255209828874457090e+00
2.508271210464256740e+02 1.358734367458654280e+00 1.258820510627378875e+00
2.508217875012982461e+02 1.286154165724793907e+00 1.228346601010502193e+00
2.508287522681312964e+02 1.284461849573255376e+00 1.202357023722973262e+00
2.508309455587392449e+02 1.230937005516828497e+00 1.147952419645529964e+00
2.508102039943548789e+02 1.192930150719998084e+00 1.144415051227692937e+00
2.507449245789065344e+02 1.187321680586017836e+00 1.141616925605293265e+00
2.507300541907735294e+02 1.249271448732595768e+00 1.154599495359876826e+00
2.507030443362394010e+02 1.309156224607620933e+00 1.200939632578002403e+00
2.507263946334638831e+02 1.257714701156517956e+00 1.162902230558219951e+00
2.507482542262083030e+02 1.323269041611426999e+00 1.202302038721659860e+00
2.507340131108680907e+02 1.320660308771329561e+00 1.204788582669949371e+00
2.507551640080400261e+02 1.278279091647778198e+00 1.193040120722625108e+00
2.507578888203273380e+02 1.269334864767444060e+00 1.176960062560712617e+00
2.507945638162034641e+02 1.262706117386868332e+00 1.135281431565056343e+00
2.508254592774970888e+02 1.266793335817840704e+00 1.136637728264123570e+00
2.508566113354634979e+02 1.299491083265620350e+00 1.162517335549025255e+00
2.508530128725997486e+02 1.334376011876760248e+00 1.184511336074437482e+00
2.508163562050573887e+02 1.268791124198899167e+00 1.132813215950537966e+00
2.508305912109530027e+02 1.258490600619497579e+00 1.115993914993187897e+00
2.508803892938092872e+02 1.252821036039613700e+00 1.093028512777903360e+00
2.508841893683445221e+02 1.317092393130540495e+00 1.150139600808890439e+00
2.508073814309541092e+02 1.210720853367220462e+00 1.114625399404939987e+00
2.507877701138189650e+02 1.215437344591003166e+00 1.086919068187511161e+00
2.507985166268534556e+02 1.229892290491871432e+00 1.091550027187028427e+00
2.507862977376726690e+02 1.246290039772484315e+00 1.103316817468124045e+00
2.507629291121144206e+02 1.252136778245489745e+00 1.099076862922391706e+00
2.507752213146303006e+02 1.248648285384375667e+00 1.114051111613443279e+00
2.507901589066538008e+02 1.282311325077437170e+00 1.107257409228926903e+00
2.508055058314648704e+02 1.274876131010929781e+00 1.118046688375559761e+00
2.507537466168950573e+02 1.275859751589982993e+00 1.114735369407567234e+00
2.507538810246760477e+02 1.248519987047977509e+00 1.097500626218070430e+00
2.507654278749518824e+02 1.242062304115932880e+00 1.068126416627464437e+00
2.507765348452172134e+02 1.206719167160513528e+00 1.062915060391859789e+00
2.507587319236808128e+02 1.185721006103335196e+00 1.074101453436868026e+00
2.507686108955834925e+02 1.190498591773021975e+00 1.053023869600014706e+00
2.507949548206572672e+02 1.188934573957881380e+00 1.047745309473915754e+00
2.507386501793122022e+02 1.099712245159792490e+00 1.002077211160733450e+00
2.506897135281431588e+02 1.080198679138079543e+00 9.729412699091525285e-01
2.507317648352588151e+02 1.094189307250077903e+00 9.981182910661591245e-01
2.507288506301892141e+02 1.119543502300205828e+00 1.006011693476946078e+00
2.507751724390735717e+02 1.151233191390570676e+00 1.046230167215498330e+00
2.507835423781623945e+02 1.184230301623279358e+00 1.071211686145612463e+00
2.507984921890750911e+02 1.186606875568942066e+00 1.082587471972922932e+00
2.507767059096657647e+02 1.167178841771494557e+00 1.078518581875721694e+00
2.507840311337296271e+02 1.172891172463511378e+00 1.059921432542567654e+00
2.507752090957411042e+02 1.169341585156493446e+00 1.060636237559643424e+00
2.508161179367183706e+02 1.198453088629712671e+00 1.079899316353150285e+00
2.507929875794991403e+02 1.168431277912524990e+00 1.088079862659685704e+00
2.507917656905810588e+02 1.137413627727103416e+00 1.082581362528332480e+00
2.506812397284962799e+02 1.072439684508281310e+00 1.019709068248605410e+00
2.507444541516730681e+02 1.081561085281737000e+00 1.019684630470244047e+00
2.507470201184010250e+02 1.077345568514366470e+00 1.044678368289538861e+00
2.507454744289196640e+02 1.060733988673089767e+00 1.042869972690782632e+00
2.507583287003378416e+02 1.041959665446814176e+00 1.034438939156041348e+00
2.507973863796042338e+02 1.049956928415637814e+00 1.034145685815702542e+00
2.507705781367415909e+02 1.033204831348782049e+00 1.066745682150035845e+00
2.507594772759208581e+02 1.055027767425663399e+00 1.093193467781844008e+00
2.507333410719631388e+02 1.094464232256645575e+00 1.103976637483886414e+00
2.506721427655011780e+02 9.860582474447248114e-01 1.017308056524581339e+00
2.506565148062389596e+02 1.031005431296240893e+00 1.073826528430300353e+00
2.506625326091605075e+02 1.012683206969654304e+00 1.052724506815085448e+00
2.506425180686823637e+02 1.001014167802005028e+00 1.042711127131432436e+00
2.506250206193755048e+02 9.543196827976369034e-01 9.999633433324576215e-01
2.506792541590044152e+02 9.607345996175488123e-01 1.023344187779889003e+00
2.506991342917015402e+02 9.803642450864792357e-01 1.001368515588247909e+00
2.506598383440961300e+02 9.504218571489665424e-01 1.000543740568544893e+00
2.507143529181762176e+02 9.495848632400828437e-01 1.014387742010373739e+00
2.507760521990945790e+02 9.904570475498072346e-01 1.054923906867626604e+00
2.507955474367825275e+02 9.712672820913850202e-01 1.066611274369047013e+00
2.507275493184914694e+02 9.101361795199198745e-01 1.006091116256621065e+00
2.507084267569235294e+02 8.326867504475168325e-01 9.358630506900618151e-01
2.506707131554670411e+02 7.784226635956524865e-01 9.219212981347865155e-01
2.506350706557266790e+02 7.783188030376158029e-01 9.170398519070631638e-01
2.506733035599733626e+02 8.433721690361128953e-01 9.853800990951913086e-01
2.506067350517164414e+02 8.343546288206938888e-01 9.610217435132971664e-01
2.505720945008889373e+02 8.155864150390087497e-01 9.433410108687019235e-01
2.505686365552507482e+02 8.303162859464445766e-01 9.909763503399905415e-01
2.505801100921915179e+02 7.805365314239282037e-01 9.409033424771353626e-01
2.504984207085733772e+02 7.215498439036907019e-01 8.966098691967913092e-01
2.505703716375144268e+02 7.890775349612966227e-01 9.308227589029881566e-01
2.506637178414110281e+02 8.448934207391206597e-01 9.635571630183099590e-01
2.506840989485645821e+02 9.060978366456705624e-01 1.000794227796750979e+00
2.506745926527819393e+02 9.285133888478198649e-01 1.026258392849506151e+00
2.506890964742395340e+02 9.238824298483024888e-01 1.022794337766753658e+00
2.506794679895650688e+02 9.242551059683163928e-01 9.833151068236386516e-01
2.507219530672466590e+02 9.367122634881263066e-01 1.008467690202283773e+00
2.507020057306590388e+02 9.462307781599574863e-01 1.009213042442311581e+00
2.506989326800300546e+02 9.219090792456058336e-01 1.018664353223648344e+00
2.507038019073686144e+02 9.275236588241763114e-01 9.943121070863447652e-01
2.507483641962109289e+02 1.008950336324924590e+00 1.054453479634166468e+00
2.507272988312632549e+02 1.009542952450192654e+00 1.069397181102266003e+00
2.507392366859928643e+02 1.026661616192471982e+00 1.061277729241634660e+00
2.507163507065572787e+02 1.029545274039137093e+00 1.053824206841356137e+00
2.507182935099370127e+02 1.062071957038385639e+00 1.068376903855670523e+00
2.507696495011638547e+02 1.091427838295220498e+00 1.083687171999193621e+00
2.507853568832057363e+02 1.109902798736566831e+00 1.109542341505733720e+00
2.507984982985196893e+02 1.096565881195740388e+00 1.084585260353981173e+00
2.507358520536897970e+02 1.037206517555488983e+00 1.044519522730188665e+00
2.507424563632920069e+02 1.065731514348030595e+00 1.050048570084493704e+00
2.507669735644332434e+02 1.076545231273025038e+00 1.077681587966837995e+00
2.507828886675912372e+02 1.086741894294389610e+00 1.066336349362479563e+00
2.507923521972617493e+02 1.103561195251739679e+00 1.081768806397810367e+00
2.507773229635693895e+02 1.110263255967399942e+00 1.079722142460028955e+00
2.507854424154300261e+02 1.081762696953219915e+00 1.058271882503161621e+00
2.507796689902920946e+02 1.082074278627330077e+00 1.070380801681319216e+00
2.507844404665171965e+02 1.070154752231474715e+00 1.052339611805890751e+00
2.507292110874200546e+02 1.058400180839559779e+00 1.081047891936144145e+00
2.506908315565031842e+02 1.037646397565997303e+00 1.055345458544363790e+00
2.506497760888557593e+02 1.050354042314013192e+00 1.038575033143736892e+00
2.506692896548774740e+02 1.067130577159230542e+00 1.084322554236594405e+00
2.507038141262577824e+02 1.085214533146791727e+00 1.070784025024285047e+00
2.507020729345495340e+02 1.067399392721207763e+00 1.084163708677244209e+00
2.507404219182434133e+02 1.080528589145960838e+00 1.079807674684294394e+00
2.507631368332305044e+02 1.146657217392366812e+00 1.118785931170997339e+00
2.507482603356528728e+02 1.119372437851674951e+00 1.108528173703728692e+00
2.507793574086179831e+02 1.134352795987316753e+00 1.122042265137676242e+00
2.507948143034316786e+02 1.153652531448366103e+00 1.138293387748119834e+00
2.507998912518862937e+02 1.153029368100146002e+00 1.154990499813661975e+00
2.508020234480483452e+02 1.170056390173569216e+00 1.137163140498897329e+00
2.508055852542445336e+02 1.189661597864138276e+00 1.131554670364917081e+00
2.507875379549245167e+02 1.164368497259914204e+00 1.151343161393197700e+00
2.507599415937097262e+02 1.141916288390222523e+00 1.158509539897727869e+00
2.507552312119305213e+02 1.047965249479169803e+00 1.092955199442818603e+00
2.507713112700924398e+02 1.000983620579053213e+00 1.019012591565300774e+00
2.507298037035453149e+02 9.497192710210714539e-01 1.027046511201666679e+00
2.507444419327839000e+02 9.858871829961938227e-01 1.025702433391780355e+00
2.507509240534942876e+02 9.765763894404360101e-01 1.033204831348782049e+00
2.507383263787488943e+02 9.754400327466230536e-01 1.044134627720993969e+00
2.507379659215180823e+02 9.946420170942259498e-01 1.033760790806507845e+00
2.507618416309773295e+02 9.951368821060477821e-01 1.049382640624140883e+00
2.508008321063531980e+02 9.963832088024877631e-01 1.045490924420060974e+00
2.507894318827475502e+02 1.041892461556319871e+00 1.045307641082349193e+00
2.507876357060379746e+02 1.075414984023802312e+00 1.086106512056988826e+00
2.507992497602043045e+02 1.084603588687752307e+00 1.060685113116366596e+00
2.508092631398879462e+02 1.061027242013428573e+00 1.051227692890439380e+00
2.507759727763149158e+02 1.033571398024205612e+00 1.053940286288573613e+00
2.507785753997104052e+02 1.027321436208234351e+00 1.036436727537099589e+00
2.508746586347835148e+02 1.002908095625026696e+00 9.926503381577580498e-01
2.508068437998301476e+02 9.145105418466407121e-01 9.546312644717468432e-01
2.507465802383905213e+02 8.721598719460413873e-01 9.107471239789590722e-01
2.507229733444932549e+02 8.135336416566369966e-01 8.759049614799518935e-01
2.505911376396771857e+02 6.897501848106988298e-01 8.080351415252838843e-01
2.505310940182428112e+02 6.703038226794801879e-01 7.557077486085740370e-01
2.504512374680017786e+02 5.991715593135428231e-01 7.220874750276452536e-01
2.504606399032263937e+02 5.593807466963178765e-01 7.143651370653893995e-01
2.504328785870076501e+02 5.743000103860558259e-01 6.814963251690788759e-01
2.504068095869404544e+02 5.837757589457542862e-01 6.943444871426738274e-01
2.504185152827756440e+02 5.362381705879118998e-01 6.840011974511397419e-01
2.504169879216280492e+02 5.176960062560712617e-01 6.568324973576652459e-01
2.503727738711273787e+02 5.228829247133143232e-01 6.729980877438431763e-01
2.503365693024847189e+02 5.261453681245837899e-01 6.865854925128757058e-01
2.503550381534814733e+02 5.623865934347908047e-01 6.982728600142961151e-01
2.503627116158870081e+02 5.854925128756545138e-01 7.205845516584087340e-01
2.504790598786664191e+02 6.344597112676486628e-01 7.724965023429719579e-01
2.505151239300835186e+02 6.601804729932001514e-01 7.988954124180570604e-01
2.505139325883883998e+02 6.960368032942124694e-01 8.328394865622765764e-01
2.505671825074382468e+02 7.182690721586501015e-01 8.449789529633860985e-01
2.505716118547662745e+02 7.770846952303566146e-01 9.219396264685577602e-01
2.505462393313823952e+02 7.516327490667823463e-01 8.950947269383739968e-01
2.505033571398024321e+02 7.587074859024566242e-01 8.882032734404115004e-01
2.505152033528631819e+02 7.507102229336330979e-01 8.802548860283111454e-01
2.505333789505196194e+02 7.657883321827212431e-01 9.516559649562258416e-01
2.505659300712972311e+02 7.948631789883982002e-01 9.437747814346197917e-01
2.505719295458849842e+02 8.040701119861193291e-01 9.667524025390851206e-01
2.505852175878690957e+02 7.534839107776711842e-01 9.436953586549446937e-01
2.505346497149944014e+02 7.331577886254360132e-01 9.271937488162951269e-01
2.504761395641522199e+02 6.917601920809379745e-01 8.733451041965775152e-01
2.504941807540276386e+02 7.000812556130522335e-01 8.816417299503301885e-01
2.506095453962280430e+02 7.694845461599085779e-01 9.300102027724659326e-01
2.506066311911584137e+02 7.742621318295953570e-01 9.197646641943780788e-01
2.506405019519675363e+02 7.884360432793054985e-01 9.297108399875367857e-01
2.506765232372725052e+02 8.099840543496190648e-01 9.389422107636195003e-01
2.506828159652006036e+02 8.350205582810467098e-01 9.785130833755902868e-01
2.506027516938435156e+02 8.258747197292294340e-01 9.610645096254299968e-01
2.506302686322786428e+02 8.195086784660406964e-01 9.382151868573628262e-01
2.506171760925214187e+02 8.189160623407726325e-01 9.492121871200689398e-01
2.505812403394407397e+02 8.022739352765440035e-01 9.207849414409735589e-01
2.505764199876589089e+02 7.548646452550998864e-01 9.019311954350229810e-01
2.505555256871597862e+02 7.289239435242942378e-01 8.798027871286221435e-01
2.505929582541651257e+02 6.980468105644516141e-01 8.684758768580348454e-01
2.505580549972202107e+02 7.151349270837787930e-01 8.623481039338714016e-01
2.505376127956207597e+02 7.361941825868609790e-01 8.732595719723119654e-01
2.505832992222676978e+02 7.748364196210922872e-01 8.685858468606618699e-01
2.505952798431094664e+02 7.994208246528308193e-01 9.520958449667340506e-01
2.505870198740232411e+02 7.750258124033944096e-01 8.862665795052572237e-01
2.505660033846322960e+02 7.488712801119250528e-01 8.945754241481906899e-01
2.505744894031683714e+02 7.604975531674414979e-01 9.196791319701126399e-01
2.505812892149974687e+02 7.426335371851344735e-01 8.796500510138622886e-01
2.505754424765244721e+02 7.386746170905602593e-01 8.782082220905297332e-01
2.505856147017674687e+02 7.858578576621599865e-01 9.009109181884275008e-01
2.505618550717554172e+02 7.942827817523109291e-01 9.358874884684232898e-01
2.505530147054331280e+02 7.797728508501292621e-01 8.931824707815811948e-01
2.505353889577898485e+02 7.745920418374765415e-01 8.772246015114766315e-01
2.505428058235225706e+02 8.278969458886492605e-01 9.159951368821060980e-01
2.505230478797172680e+02 8.054447370189575794e-01 9.401640996816978957e-01
2.505003696213977094e+02 7.895235244163952837e-01 8.851118944776730224e-01
2.505093260671672226e+02 7.611634826277943189e-01 8.805359204794691586e-01
2.505167001667878424e+02 7.550357097036308751e-01 8.870913545249601295e-01
2.504803306431412295e+02 7.724231890078873120e-01 8.941844196944055412e-01
2.504961235574074010e+02 7.620371332042203960e-01 8.795400810112352641e-01
2.505094971316157739e+02 7.618721782002798593e-01 8.574972049290998655e-01
2.504882423738857824e+02 7.487002156633940642e-01 8.486385102730310548e-01
2.505255894086668604e+02 7.584386703404792929e-01 8.545341243027596567e-01
2.504985428974651995e+02 7.526652452025586193e-01 8.546440943053866812e-01
2.505070533537796109e+02 7.507285512674042316e-01 8.281107764493129686e-01
2.505284913948472933e+02 7.653789993951649606e-01 8.291616009188604863e-01
2.504686188378614418e+02 7.662954160837238682e-01 8.322896365491413428e-01
2.504726449618465267e+02 7.737550479285928429e-01 8.350938716161313558e-01
2.504734819557554033e+02 7.451933944685088518e-01 8.332243815714713842e-01
2.505002779797288497e+02 7.646886321564506650e-01 8.094158760027125865e-01
2.505343136955419254e+02 8.259785802872661176e-01 8.266445097476188275e-01
2.505688381669222338e+02 8.263268186289184358e-01 8.442824762800813510e-01
2.505676407157825167e+02 8.042839425467830372e-01 8.529212309308961126e-01
2.505808676633207313e+02 8.024694375034365779e-01 8.550656459821237565e-01
2.505897263579767866e+02 8.136558305484448139e-01 8.529334498200769055e-01
2.505736524092594664e+02 8.180973967656600676e-01 8.602342361055956843e-01
2.505572546599788666e+02 8.102223226886443586e-01 8.688424435334584084e-01
2.505393784251073725e+02 7.889431271803080126e-01 8.827597583103720114e-01
2.505606820583940646e+02 7.942522345293588915e-01 8.666124962579652147e-01
2.505477850208637562e+02 7.937268222945852436e-01 8.631667695089839665e-01
2.505695163152717839e+02 8.282085275627593113e-01 8.777683420800215242e-01
2.505857857662159915e+02 8.045344297749891238e-01 8.695389202167630449e-01
2.505810570561030204e+02 7.962378040212364505e-01 8.641931562001697875e-01
2.506140786041140984e+02 7.897495738662397846e-01 8.632706300670206501e-01
2.507353449697887982e+02 8.632217545102974787e-01 9.234486592823846207e-01
2.507775429035746413e+02 8.824481766362619606e-01 9.175041696959329585e-01
2.508327234071150542e+02 8.573505782589304625e-01 9.169543196827976139e-01
2.508354360005131980e+02 8.901216390417947544e-01 9.365228707058241842e-01
2.508454554896414379e+02 9.523341133057593444e-01 9.593599745847104510e-01
2.509226483220410557e+02 1.013966190333636774e+00 9.813234278871707517e-01
2.509297474966550681e+02 1.095954936736701191e+00 1.073740996206034914e+00
2.509108143278694456e+02 1.076294744044818952e+00 1.027303107874463217e+00
2.508706752769105890e+02 9.652739169482101866e-01 9.791484656129910702e-01
2.507534228163317778e+02 9.208032697747448037e-01 9.370605018297786248e-01
2.507479731917571257e+02 8.499214936370134144e-01 8.797478021273086313e-01
2.506692774359883060e+02 8.445329635082874375e-01 9.076740733499917280e-01
2.506586286740672449e+02 9.392843396606814776e-01 9.638076502465160456e-01
2.506191188959011811e+02 9.075274466798223250e-01 9.348549923326470168e-01
2.506428052125781107e+02 9.199784947550417868e-01 9.538614744533574497e-01
2.506238231682357878e+02 8.777072476341175600e-01 9.250493337650673720e-01
2.506460309993218516e+02 8.563791765690581537e-01 9.251593037676945075e-01
2.507747814346197686e+02 1.060037511989784909e+00 1.033693586916013540e+00
2.507788442152723860e+02 1.158277381003292916e+00 1.102895265791386858e+00
2.507398720682302837e+02 1.173013361355319084e+00 1.107831697020423833e+00
2.506507597094348228e+02 1.076166445708420571e+00 1.044531741619369347e+00
2.505580672161093787e+02 9.626712935527030890e-01 9.853739896506008566e-01
2.505881134646049304e+02 1.047335976686359471e+00 1.060440735332750961e+00
2.506069183350541607e+02 1.069042833316023344e+00 1.038196247579132647e+00
2.505571569088654087e+02 1.074443582333930003e+00 1.085232861480562860e+00
2.504447125811792318e+02 8.978867431161833279e-01 9.733383838075280181e-01
2.502155350957044391e+02 6.484075732675143033e-01 8.222884757546691237e-01
2.501815849121156532e+02 6.295965933736964448e-01 8.071248342813155396e-01
2.503446582071223929e+02 8.121834544021603319e-01 9.332726461837353993e-01
2.504476206768042630e+02 9.576676584331718090e-01 1.050268510089747753e+00
2.504126563254134510e+02 8.984182647955474277e-01 9.967436660333208742e-01
2.504238854845706044e+02 8.677794001747300978e-01 9.375492573970100052e-01
2.504649592805517955e+02 8.966343069751528949e-01 9.749024016226685019e-01
2.504864523066208051e+02 9.664347114203847289e-01 1.048380691711316537e+00
2.505656795840690165e+02 1.063513785961718305e+00 1.154104630348055105e+00
2.505538822465649673e+02 1.084854075915958393e+00 1.140254519461635807e+00
2.505504670670389373e+02 1.110086082074278613e+00 1.147335365741900315e+00
2.505851503839786005e+02 1.102876937457615725e+00 1.152064075854864145e+00
2.506072849017295709e+02 1.119965053976943015e+00 1.181896493789749591e+00
2.506528491394847435e+02 1.181059499880865893e+00 1.170514598517848670e+00
2.506052810039039400e+02 1.132556619277741428e+00 1.160770034396173100e+00
2.505047439837244383e+02 1.064619595432579224e+00 1.121449649012408178e+00
2.504170184688509835e+02 1.048924432279861430e+00 1.077437210183222138e+00
2.505194371979643222e+02 1.123368014613791432e+00 1.140999871701663615e+00
2.504752414757974464e+02 1.145826332928073565e+00 1.147023784067790375e+00
2.505103646727476132e+02 1.202289819832478956e+00 1.169524868494205228e+00
2.504933987451200892e+02 1.240040077956513054e+00 1.210995778373788134e+00
2.504701889651211673e+02 1.211637270055779148e+00 1.201202338695389171e+00
2.504727793696275171e+02 1.247957918145661482e+00 1.239917889064705125e+00
2.504007795651297386e+02 1.197848253615263925e+00 1.197946004728710045e+00
2.504055938074669712e+02 1.206639744380838319e+00 1.165737012848161891e+00
2.504099498414599054e+02 1.164851143382555021e+00 1.158063550442629319e+00
2.504008101123526728e+02 1.096822477868536927e+00 1.137095936608403024e+00
2.503529426139869543e+02 1.055382115211906058e+00 1.105381809739676591e+00
2.504954270807240846e+02 1.104850288060312380e+00 1.128939828080229191e+00
2.504609575943451034e+02 1.118865353950672326e+00 1.170355752958498474e+00
2.504441077461648035e+02 1.158491211563956735e+00 1.153970222567066495e+00
2.504274778379897555e+02 1.146522809611378202e+00 1.135183680451610222e+00
2.503870272053567589e+02 1.128866514745144434e+00 1.162114112206059424e+00
2.503873204586971042e+02 1.178163623145019878e+00 1.168926142924346712e+00
2.504126013404121522e+02 1.195386147445335778e+00 1.167948631789883951e+00
2.503925134865989435e+02 1.263982991306260351e+00 1.247994574813203750e+00
2.504415478888814164e+02 1.397761499502080174e+00 1.324643666644265361e+00
2.505383153817486459e+02 1.593080443056921647e+00 1.430648639732162053e+00
2.506111949462674318e+02 1.811224271601468816e+00 1.545866655262370104e+00
2.506258453943951849e+02 1.843359950146932213e+00 1.546532584722722925e+00
2.506227845626553972e+02 1.635730475742450230e+00 1.436800850434686971e+00
2.505386880578686544e+02 1.493753092906323854e+00 1.348562142215651072e+00
2.504768360408355363e+02 1.460413853776553195e+00 1.300407499954179258e+00
2.504628759599464729e+02 1.547442891966691381e+00 1.338176086411984267e+00
2.504739707113226359e+02 1.562783707333166294e+00 1.384094671953372657e+00
2.503794637129538501e+02 1.494480116812580528e+00 1.366053482077944192e+00
2.503637685498011365e+02 1.507242746561910041e+00 1.362595536439782151e+00
2.504164686188378539e+02 1.560804247285879187e+00 1.398916184529664486e+00
2.504724800068425736e+02 1.596263463688516016e+00 1.432353174772881488e+00
2.504794692114539885e+02 1.595120997550112829e+00 1.403107263518673431e+00
2.504605238237791696e+02 1.546129361379756872e+00 1.376329567878984195e+00
2.504524410285860938e+02 1.441346277209938798e+00 1.353229757882710826e+00
2.504042069635449366e+02 1.429756660821964731e+00 1.343094189307250108e+00
2.504302209786108335e+02 1.472761041293735973e+00 1.366261203194017559e+00
2.504002724812287397e+02 1.385634251990151666e+00 1.302625228340491548e+00
2.503814981580024437e+02 1.323085758273715440e+00 1.269365411990395875e+00
2.503319322340406075e+02 1.306510835099981005e+00 1.245361404194744726e+00
2.503653264581716940e+02 1.297090071541596057e+00 1.261178756239270227e+00
2.504798235592402307e+02 1.338512105864455792e+00 1.272933327631184941e+00
2.506443814492824345e+02 1.627824854442482705e+00 1.479157629779876748e+00
2.509060978366456709e+02 2.035801345299698806e+00 1.667633995393478674e+00
2.509472327270727874e+02 2.020930957166684028e+00 1.649214019953445964e+00
2.508997684520500115e+02 1.632217545102974787e+00 1.392250780481546490e+00
2.510436947477104752e+02 1.933798058418509269e+00 1.586873247353083105e+00
2.511034634441382991e+02 1.955260537264557286e+00 1.594864400877316291e+00
2.510668923088202007e+02 1.742169219396264790e+00 1.490851106725887609e+00
2.509304623016721507e+02 1.494052455691253112e+00 1.303877664481521981e+00
2.509026704382304729e+02 1.382072445793952831e+00 1.240040077956513054e+00
2.507033192612459516e+02 1.163775881134646140e+00 1.103622289697643533e+00
2.504296161435963768e+02 8.395110000549850238e-01 8.432805273672570046e-01
2.505147879106310427e+02 9.414104263781379878e-01 9.447889492366249309e-01
2.505519638809635694e+02 1.058833951405477647e+00 9.959555476811603469e-01
2.507185684349435917e+02 1.193437234621000709e+00 1.137774084957936527e+00
2.507247634117582322e+02 1.231664029423085172e+00 1.176459088104300443e+00
2.507384363487515486e+02 1.137945149406467404e+00 1.075567720138562278e+00
2.507880878049376463e+02 1.166164673969489529e+00 1.148044061314385855e+00
2.508312388120795902e+02 1.198990719753667111e+00 1.131841814260665657e+00
2.510807851858187689e+02 1.584655518966770815e+00 1.366230655971065744e+00
2.510557303535535709e+02 1.510596831642035509e+00 1.356174510175280012e+00
2.508441602873882630e+02 1.100323189618831687e+00 1.104721989723914222e+00
2.509194042069635486e+02 1.250536103762806883e+00 1.166366285640972444e+00
2.510475803544699716e+02 1.491791961192807880e+00 1.318130998710907109e+00
2.510172836187462337e+02 1.398690135079819985e+00 1.262736664609820370e+00
2.509801809617487720e+02 1.353498573444688047e+00 1.248862115945039486e+00
2.510115101936083022e+02 1.259046560077223376e+00 1.188763509509350502e+00
2.510710589500308458e+02 1.471710216824188455e+00 1.331144115688442708e+00
2.511109352948723483e+02 1.614817846909537558e+00 1.436507597094348165e+00
2.510051502617897086e+02 1.554395439910557730e+00 1.394621244982618524e+00
2.509329366267312764e+02 1.342104459283606444e+00 1.273562600423995494e+00
2.508853929289288374e+02 1.135550247127033785e+00 1.123429109059695286e+00
2.508635577739627820e+02 1.056518471905719014e+00 1.085776602049107753e+00
2.509858444168840492e+02 1.276977779950024816e+00 1.256608891685656815e+00
2.510452648749702291e+02 1.299307799927908569e+00 1.234566015603521416e+00
2.508260885502898816e+02 1.103145753019592945e+00 1.138488889975012297e+00
2.506914058442947066e+02 8.737849842070857243e-01 9.688235042552281184e-01
2.507912158405679293e+02 9.057984738607413044e-01 9.942204654174888745e-01
2.508485713063825244e+02 1.096816368423946475e+00 1.117105833908639267e+00
2.508421808273409965e+02 1.109365167612612391e+00 1.110403773192979004e+00
2.508949481002682091e+02 1.150286227479059953e+00 1.173496007477960124e+00
2.509846103090767997e+02 1.247389739798755004e+00 1.253181493270446811e+00
2.510500607889736671e+02 1.292514097543392415e+00 1.255985728337436935e+00
2.510593227069727220e+02 1.194084835747582174e+00 1.182684612141910119e+00
2.509990224888655348e+02 1.101569516315271668e+00 1.142160666173838157e+00
2.510421307298953479e+02 1.213311257873546767e+00 1.213463993988306511e+00
2.510853733787061515e+02 1.241836254666088379e+00 1.245514140309504469e+00
2.510586812152907044e+02 1.154153505904778276e+00 1.170111375174882840e+00
2.509482285665410188e+02 1.129000922526133044e+00 1.183265009377997501e+00
2.509199662758658746e+02 1.097274576768225929e+00 1.112432108796989283e+00
2.509026704382304729e+02 1.115236343863979407e+00 1.148502269658665309e+00
2.508527807137053287e+02 1.099962732387998576e+00 1.152094623077815960e+00
2.508518337497937978e+02 1.092319817205417820e+00 1.147946310200939735e+00
2.508672417690507643e+02 1.123013666827548773e+00 1.173612086925177600e+00
2.508932191274491288e+02 1.182770144366175780e+00 1.230112230497125481e+00
2.509202412008724252e+02 1.214148251782430465e+00 1.213653386770608744e+00
2.509390521807662537e+02 1.249998472638852443e+00 1.270446783682895431e+00
2.509727946432389842e+02 1.266707803593575266e+00 1.274387375443698511e+00
2.508865109572888628e+02 1.173990872489781845e+00 1.233111967791008068e+00
2.508293326653673887e+02 1.074186985661133464e+00 1.193382249619687085e+00
2.508019318063794856e+02 1.021792388853929312e+00 1.152180155302081399e+00
2.507955352178933310e+02 1.003158582853232783e+00 1.109530122616553038e+00
2.507837256615001138e+02 9.647240669350749531e-01 1.084945717584814284e+00
2.507354121736792933e+02 9.639787146950470342e-01 1.105100775288518467e+00
2.507060746207562261e+02 9.843109462918726571e-01 1.083699390888374303e+00
2.506688925409791011e+02 9.880132697136503328e-01 1.071816521160061431e+00
2.506773846689597463e+02 9.970980138195636444e-01 1.082508049193247945e+00
2.507541254024596640e+02 1.065468808230643827e+00 1.098911907918451059e+00
2.507093004074999669e+02 1.076563559606796172e+00 1.112957521031763042e+00
2.507297853752115486e+02 1.035110978060984399e+00 1.088318130998710886e+00
2.507284290785124767e+02 1.074840696232305604e+00 1.097757222890866968e+00
2.507170655115743330e+02 1.042662251574709265e+00 1.107715617573206357e+00
2.506899151398146444e+02 1.072995643966007107e+00 1.133845712086314128e+00
2.507201813283154479e+02 1.058369633616607963e+00 1.108069965359449238e+00
2.507405990921365344e+02 1.154513963135611387e+00 1.161075506625692588e+00
2.506892247725759262e+02 1.155418160934989391e+00 1.164246308368106275e+00
2.507074553552336624e+02 1.148502269658665309e+00 1.180802903208069354e+00
2.507055003329647320e+02 1.156554517628802348e+00 1.164576218375987349e+00
2.506921695248684898e+02 1.118187205601138823e+00 1.146101257934641238e+00
2.507148600020772164e+02 1.116134432218766959e+00 1.129055907527446667e+00
2.507380209065193810e+02 1.101209059084438557e+00 1.111155234877597264e+00
2.507729913673547912e+02 1.157458715428180351e+00 1.154147396460187824e+00
2.506738717383202584e+02 1.140431693354757137e+00 1.103017454683194787e+00
2.506658744753514441e+02 1.158595072121993308e+00 1.093969367244823854e+00
2.506528552489293133e+02 1.146699983504499532e+00 1.125988966343069775e+00
2.506138464452196786e+02 1.138482780530422067e+00 1.080430838032514496e+00
2.506405935936363960e+02 1.067765959396631326e+00 1.047855279476542778e+00
2.506437766142680061e+02 1.095166818384540663e+00 1.067136686603820772e+00
2.506268045771958839e+02 1.104172139710778877e+00 1.058064161387088253e+00
2.506401231664029297e+02 1.090144854931238250e+00 1.052461800697698679e+00
2.505961107275737447e+02 1.022721024431668901e+00 1.011937854729626496e+00
2.506495439299613395e+02 1.113935032166225803e+00 1.072231963392207943e+00
2.506935319310121599e+02 1.191005675674024378e+00 1.108845864822429084e+00
2.507057813674158808e+02 1.146987127400248108e+00 1.068871768867492245e+00
2.506785760106548651e+02 1.183888172726217380e+00 1.112621501579291516e+00
2.507118969214508581e+02 1.170557364629981389e+00 1.117392977804387844e+00
2.507259119873412203e+02 1.185201703313151889e+00 1.105137431956060956e+00
2.507948265223208466e+02 1.232720963337222919e+00 1.137444174950055231e+00
2.507628619082239254e+02 1.232934793897886738e+00 1.139112053323232399e+00
2.507886009982832434e+02 1.276275193822129728e+00 1.170972806862128124e+00
2.508142912127858324e+02 1.294951765934958754e+00 1.175677079196730146e+00
2.508315870504212342e+02 1.268143523072317480e+00 1.144378394560150447e+00
2.508287095020191657e+02 1.232507132776559322e+00 1.146168461825135543e+00
2.508509295519944260e+02 1.209297352777658929e+00 1.099748901827334979e+00
2.508400975067356740e+02 1.159004404909549590e+00 1.083186197542781448e+00
2.507878495365986282e+02 1.180454664866416925e+00 1.102492042448421028e+00
2.508460358868775302e+02 1.226171638736322400e+00 1.100323189618831687e+00
2.508542530898515963e+02 1.241610205216243878e+00 1.090431998826986604e+00
2.507738222518190980e+02 1.146302869606124153e+00 1.050091336196626424e+00
2.507960056451267974e+02 1.128493838625130641e+00 1.063061687062029081e+00
2.508146272322383084e+02 1.117356321136845354e+00 1.041391487099907698e+00
2.507431772777536878e+02 1.107905010355508590e+00 1.030357830169659206e+00
2.507271033290363675e+02 1.125652946890598249e+00 1.054826155754180483e+00
2.507382958315259600e+02 1.112633720468472198e+00 1.048087438370977731e+00
2.507224173850355271e+02 1.091684434968017037e+00 1.027156481204293703e+00
2.507045961351653602e+02 1.112285482126819769e+00 1.055388224656496510e+00
2.506995925000458101e+02 1.132306132049535341e+00 1.045429829974157121e+00
2.507417598866087189e+02 1.113812843274417874e+00 1.001063043358728200e+00
2.506887054697857309e+02 1.112590954356339479e+00 1.076319181823180537e+00
2.506107795040352926e+02 1.147390350743213938e+00 1.081365583054844537e+00
2.506953342171663053e+02 1.079398341896738112e+00 1.011467427496166360e+00
2.506489574232806490e+02 1.181114484882179294e+00 1.120979221778948043e+00
2.505860851290009350e+02 1.006408807375321457e+00 9.414959586024034266e-01
2.507181102265992934e+02 1.191011785118614830e+00 1.101728361874622086e+00
2.506602537863282976e+02 1.160036901045325974e+00 1.068529639970430267e+00
2.506353944562899869e+02 1.065499355453595642e+00 1.012683206969654304e+00
2.506407218919727882e+02 1.152314563083070009e+00 1.081469443612881109e+00
2.506843616546819646e+02 1.115254672197750541e+00 1.051441523451102977e+00
2.507000690367238747e+02 1.144903806794924206e+00 1.091916593862451990e+00
2.506522809611378193e+02 1.129691289764847451e+00 1.097109621764285503e+00
2.506730347444113818e+02 1.135709092686383981e+00 1.061540435359021428e+00
2.507695517500503968e+02 1.175652641418368560e+00 1.149748596355105290e+00
2.507411550515942622e+02 1.172933938575644097e+00 1.077925965750453630e+00
2.507303535535584444e+02 1.159706991037444679e+00 1.071822630604651660e+00
2.507088299802665006e+02 1.148630567995063467e+00 1.076642982386471159e+00
2.507312516419132464e+02 1.231529621642096561e+00 1.138855456650435860e+00
2.507227411855988066e+02 1.235012005058620188e+00 1.163598707241524588e+00
2.506919251470848735e+02 1.174778990841942594e+00 1.121761230686518340e+00
2.506633757125139823e+02 1.082453064191934322e+00 1.026093437845565504e+00
2.505622399667646221e+02 9.396264685577434550e-01 9.797960667395727574e-01
2.506543337345202076e+02 1.024010117240241602e+00 9.998839205527825236e-01
2.506724848943982522e+02 1.047158802793238142e+00 1.033546960245844026e+00
2.504949933101581792e+02 8.372016299998167321e-01 8.931458141140389273e-01
2.504366969898766513e+02 7.887842816209578167e-01 8.443557896151661080e-01
2.504630958999517247e+02 7.889553460694888054e-01 8.383746433611720672e-01
2.504598151282066851e+02 8.425901601285427089e-01 8.658060495720334426e-01
2.504871610021932895e+02 8.913007618477404304e-01 9.102461495225468990e-01
2.504245514140309581e+02 8.653234034493924032e-01 9.037640288121406851e-01
2.503669088043205875e+02 8.379286539060734063e-01 9.126960368032942528e-01
2.502984646965744275e+02 8.130571049785864091e-01 9.029392537924377793e-01
2.502615025568025544e+02 8.070393020570499898e-01 8.905493001631221706e-01
2.502458745975403360e+02 8.250071785973936977e-01 8.908120062805090500e-01
2.502342910905969404e+02 8.143156505642071830e-01 8.497993047452055970e-01
2.502859953201654548e+02 8.257464213928311647e-01 9.066354677696251141e-01
2.503095166818384598e+02 8.739804864339782986e-01 9.133314190406950361e-01
2.503240266127406244e+02 8.598859977639432550e-01 9.290998955284974770e-01
2.502726889498475771e+02 8.477770785857857705e-01 9.079001227998362289e-01
2.502455691253108228e+02 7.981561696226195934e-01 8.776950287449367671e-01
2.502893494052455594e+02 8.341163604816685950e-01 8.988031598047421245e-01
2.502864657473988927e+02 8.546318754162058884e-01 9.446606509002266616e-01
2.503091623340522176e+02 8.716466786004484213e-01 9.092808572772649311e-01
2.503132984280399000e+02 8.878244878758072556e-01 9.481858004288830077e-01
2.503398256364513941e+02 8.562325498988886396e-01 9.280735088373115449e-01
2.503557835057214902e+02 8.526951814810516117e-01 9.232592665000824983e-01
2.503434668654272741e+02 8.644497528729663260e-01 9.272792810405605657e-01
2.503045924694986013e+02 8.265162114112205582e-01 9.084499728129715734e-01
2.503558201623890511e+02 8.777500137462502794e-01 9.600197946004728200e-01
2.502775398488523422e+02 8.570267776956397299e-01 9.578203945479316639e-01
2.502371747484436071e+02 8.512350242239478115e-01 9.161356541076850490e-01
2.502254201770517170e+02 8.673211918304506440e-01 9.416853513847056600e-01
2.502263976881861538e+02 8.748052614536812044e-01 9.678826497883077362e-01
2.502536152638363660e+02 8.708096846915647227e-01 9.730756776901411387e-01
2.502190113696763945e+02 8.226855896530446133e-01 9.320690855994281376e-01
2.502301672154984260e+02 7.829008864804101187e-01 8.890097201263432725e-01
2.502883718941110942e+02 8.194536934647270732e-01 9.373293173917559562e-01
2.502968334748688051e+02 9.110220489855267445e-01 9.953629315558922830e-01
2.503200738020906613e+02 8.350388866148178435e-01 9.470738815134316368e-01
2.502839669845614310e+02 8.087438370977694246e-01 9.453693464727122020e-01
2.502558818677794079e+02 7.991947752029863183e-01 9.456198337009182886e-01
2.503190413059548689e+02 8.549006909781832197e-01 9.756905199748291402e-01
2.503191512759574948e+02 9.108204373140438292e-01 9.931818598371222606e-01
2.502739963709899200e+02 8.022311691644112841e-01 8.891624562411031274e-01
2.503664383770871495e+02 8.802976521404438648e-01 9.735338860344205925e-01
2.503057349356369912e+02 8.264001319640031928e-01 9.011125298599104161e-01
2.501830633977065190e+02 7.386868359797410521e-01 8.380325144641100898e-01
2.501791166965011257e+02 7.239264178493532986e-01 8.453821763063520400e-01
2.501095240131719493e+02 7.157641998765892355e-01 8.214514818457854251e-01
2.501918060129153787e+02 8.105339043627544093e-01 8.959072830688962208e-01
2.501420812433941592e+02 7.823204892443228475e-01 8.639915445286868723e-01
2.500967308361996686e+02 6.440576487191549404e-01 7.600087976002101176e-01
2.500231425761083983e+02 6.372517274454578828e-01 7.698511128353321409e-01
2.500117362430581522e+02 5.882600912751021482e-01 7.199674977547790844e-01
2.500557670102211034e+02 6.209272914999297566e-01 7.237370250670511762e-01
2.500313964357500254e+02 6.312217056347407818e-01 7.397559887830597036e-01
2.500000305472229627e+02 5.726382414574691104e-01 6.652635308924065294e-01
2.500101294591308658e+02 5.673046963300566459e-01 6.795413029001533545e-01
2.500110825324869666e+02 5.457627947043334204e-01 6.711408165883639976e-01
2.500041238750985144e+02 6.269634227552373096e-01 7.264373995760045055e-01
2.501420323678374302e+02 7.510584612752854161e-01 8.070698492800019164e-01
2.501077706025745329e+02 7.575039253181493626e-01 7.934763350663791570e-01
2.500298201990457017e+02 7.228328272676730615e-01 7.940139661903335977e-01
2.500372248458892557e+02 6.649824964412485162e-01 7.479182067558238778e-01
2.499880193791582315e+02 6.356938190749078510e-01 6.932020210042705299e-01
2.500553698963227305e+02 6.955419382823907481e-01 7.514005901723473935e-01
2.499844759012958093e+02 6.400865097353999333e-01 6.743543844429102929e-01
2.499956073093395048e+02 6.513767633384448530e-01 6.696745498866698565e-01
2.500047775856697001e+02 6.647564469914040153e-01 7.215926100158234213e-01
2.500210531460585059e+02 6.996841417146767439e-01 7.298647979912146200e-01
2.500721708689463014e+02 7.400370232342178278e-01 7.510156951631526967e-01
2.501399918133442384e+02 7.837989748351977815e-01 8.062817309278413891e-01
2.502007135831281630e+02 8.015469113702873294e-01 8.415698828819472288e-01
2.502346515478277809e+02 8.438548151587539348e-01 8.336642615819795932e-01
2.502135739639909389e+02 8.152198483635852977e-01 8.010520463584654971e-01
2.501855560510993826e+02 7.651468405007301188e-01 7.888331571776809881e-01
2.502250719387100446e+02 7.671568477709691525e-01 7.826870559197462995e-01
2.502482389525968074e+02 7.606075231700686334e-01 7.677739016745988021e-01
2.502586311178450842e+02 7.295409974279237764e-01 7.426824127418576449e-01
2.501685351384705598e+02 7.259853006763155037e-01 7.769441780047775525e-01
2.501843524905150957e+02 7.141818537276776180e-01 7.826626181413847139e-01
2.501764041031029819e+02 7.193260060727879601e-01 7.744576340564879313e-01
2.501637819905792242e+02 7.152204593080443429e-01 7.759483385365436581e-01
2.501270214624788366e+02 7.265718073569932267e-01 7.933663650637520215e-01
2.501793610742847420e+02 7.327423463932893899e-01 7.950953378828330420e-01
2.501347438004411003e+02 7.492195184535773711e-01 7.836951142771610979e-01
2.501733921469199231e+02 7.681526872392030469e-01 8.060373531442256434e-01
2.502023203670554210e+02 7.843304965145618812e-01 8.474899346900373054e-01
2.502454286080852341e+02 7.935740861798253887e-01 8.283429353437479215e-01
2.502478235103646682e+02 7.793940652855249063e-01 8.136069549917217536e-01
2.501971090108198155e+02 7.591779131359167598e-01 8.376964950116384534e-01
2.501970784635968812e+02 7.608580103982747200e-01 7.984860796305007780e-01
2.501895760656398693e+02 7.510218046077431486e-01 8.164600656154349378e-01
2.501760680836505060e+02 7.444480422284810439e-01 8.159529817144323127e-01
2.501388798944288112e+02 7.318931335952248984e-01 8.401280539586146734e-01
2.500969141195373879e+02 7.437149088776339179e-01 8.098801937915823812e-01
2.501236368301757693e+02 7.302435835558189758e-01 8.191787684581595119e-01
2.501041232641540546e+02 7.266939962488010440e-01 7.818989375675857723e-01
2.501552165492635140e+02 7.139924609453754956e-01 7.787892302710760495e-01
2.501753532786334517e+02 7.246839889785620104e-01 7.960606301281150099e-01
2.501822386226868105e+02 7.725575967888759221e-01 8.427245679095313191e-01
2.501648389244933810e+02 7.746836835063324322e-01 8.163134389452655348e-01
2.501549904998136640e+02 7.350944825605904009e-01 7.988404274167435482e-01
2.501868756911309220e+02 7.956085312284260080e-01 8.537643342843702632e-01
2.502374924395623168e+02 8.216775312956299260e-01 8.685125335255772239e-01
2.501765690581069350e+02 7.569601847496043590e-01 8.449361868512533791e-01
2.500527672729272126e+02 5.608531228426023585e-01 6.792236117814529628e-01
2.501058766747514994e+02 5.817474233417440077e-01 7.054636762971878694e-01
2.501440057184401269e+02 6.831642035422559323e-01 7.511562123887317588e-01
2.501417207861633187e+02 7.399576004545427299e-01 8.147616400193058439e-01
2.500503662612031803e+02 6.617017246962079158e-01 7.487552006647075764e-01
2.500239368039051442e+02 6.218864743006213835e-01 7.269017173648744112e-01
2.500649067393283360e+02 6.675362442800325535e-01 7.417293393857564698e-01
2.501487955229989950e+02 7.778422663595652153e-01 8.486873858297542261e-01
2.502519168382402484e+02 7.918145661377924416e-01 8.305789920638314561e-01
2.502861908223923422e+02 7.895051960826241499e-01 8.388267422608610691e-01
2.502365332567616178e+02 7.490545634496368343e-01 8.224289929802481858e-01
2.502205937158252880e+02 7.305796030082905013e-01 7.981744979563908382e-01
2.502574458855945352e+02 7.488896084456961866e-01 8.184884012194451053e-01
2.502330936394572234e+02 7.311050152430642601e-01 8.282512936748920307e-01
2.501412747967082453e+02 7.011992839730940563e-01 7.720993884445964683e-01
2.500831189936522776e+02 7.032215101325138829e-01 7.684337216903611711e-01
2.500651083509998216e+02 6.894935881379024023e-01 7.339520164221871035e-01
2.500701730805652403e+02 6.885954997831147395e-01 7.488285139997923334e-01
2.500818665575112618e+02 7.029526945705365515e-01 7.676028372260678134e-01
2.500714316261508543e+02 6.852841808151221015e-01 7.401775404597967789e-01
2.501223843940347251e+02 6.863655525076215458e-01 7.625258887714517764e-01
2.501327948876167682e+02 7.427312882985808162e-01 7.958284712336801681e-01
2.501583079282262361e+02 7.713540362045686605e-01 8.125439116329934430e-01
2.501858004288829989e+02 7.739200029325333796e-01 8.112059432676975712e-01
2.501801247548585252e+02 7.732479640275902177e-01 8.383563150274008224e-01
2.501963942058027612e+02 7.703154306242019356e-01 8.287461586867137520e-01
2.502386837812574356e+02 7.423891594015188389e-01 8.234309418930725322e-01
2.502362827695334317e+02 7.424441444028323511e-01 8.051881403461611519e-01
2.502921475308679646e+02 7.563064741784324418e-01 8.290943970283661812e-01
2.502574458855945352e+02 7.510645707198758680e-01 8.106499838099718858e-01
2.502475608042472857e+02 7.518893457395787738e-01 8.112548188244206315e-01
2.501916471673560238e+02 7.307079013446887705e-01 7.999645652213757119e-01
2.501775038031292695e+02 7.248917100946352665e-01 7.696739389422108113e-01
2.501856904588803729e+02 7.149394248568862187e-01 7.845687648535871750e-01
2.502216995252961453e+02 7.267428718055241044e-01 8.093242343338566958e-01
2.502102931922458993e+02 7.214276550118828846e-01 7.893830071908163326e-01
2.502383416523603898e+02 7.754595829693122777e-01 8.626535761633910004e-01
2.502751999315742069e+02 7.686292239172536345e-01 8.482536152638363580e-01
2.503069384962213064e+02 7.907759605574257167e-01 8.617432689194225448e-01
2.503824695596923391e+02 8.386862250352820070e-01 8.996829198257586535e-01
2.503866239820137878e+02 8.667652323727249586e-01 8.932191274491235733e-01
2.503496557327973449e+02 8.166861150652794388e-01 8.961577702971023074e-01
2.503459106432634087e+02 7.701504756202613988e-01 8.419608873357322665e-01
2.503387320458697047e+02 7.492989412332524690e-01 8.317153487576444126e-01
2.502942919459191842e+02 7.287101129636305297e-01 8.355520799604108095e-01
2.503211368454493879e+02 7.127461342489354035e-01 7.866643043480917585e-01
2.503088324240443399e+02 6.598444535407286260e-01 7.650307610535126424e-01
2.502743507187761622e+02 6.890353797936229485e-01 7.532212046602843047e-01
2.502644350902059500e+02 7.021462478846047794e-01 7.640349215852786369e-01
2.502846390234663829e+02 6.963911510804552396e-01 7.896457133082031010e-01
2.502077088971841476e+02 6.959329427361758968e-01 7.567769014118926885e-01
2.501820614487936894e+02 6.894569314703600238e-01 7.589152070185299914e-01
2.501619919233142468e+02 6.507658188794056553e-01 7.263396484625582739e-01
2.501224638168144168e+02 6.677378559515154688e-01 7.464397211649489439e-01
2.501406943994721530e+02 6.804455006995313582e-01 7.411611610388499916e-01
2.501491193235623030e+02 7.342269414287546647e-01 7.730830090236496810e-01
2.501447083045680415e+02 7.211954961174479317e-01 7.681649061283838398e-01
2.501442928623358739e+02 7.193321155173783010e-01 7.448146089039044959e-01
2.501353180882325944e+02 7.061907002034445435e-01 7.840861187309461355e-01
2.500872795254183529e+02 6.766637544980785846e-01 7.439776149950207973e-01
2.501165315461171303e+02 6.599483140987653096e-01 7.153487576444425011e-01
2.501912072873455202e+02 6.961712110752011906e-01 7.870553088018767962e-01
2.502032245648548212e+02 6.915158142973222288e-01 7.803227008632644957e-01
2.502069818732778970e+02 7.038874395928665928e-01 7.538321491193236135e-01
2.501938832240761030e+02 6.593740263072683794e-01 7.534900202222616361e-01
2.501312919642475379e+02 6.460615465448036332e-01 7.346057269933590206e-01
2.501736487435927074e+02 6.462875959946481341e-01 7.202240944275756229e-01
2.501695981818292864e+02 6.521343344676535647e-01 7.259303156750019914e-01
2.501090902426060438e+02 6.038208466468313329e-01 7.258386740061461007e-01
2.500090541968829712e+02 6.171149980755249453e-01 7.357481931317624291e-01
2.500839071120044537e+02 6.802072323605060644e-01 7.494638962371931168e-01
2.500594448958645160e+02 6.107061907002034884e-01 7.063923118749274588e-01
2.500527611634826144e+02 6.616345208057134997e-01 7.406113110257146470e-01
2.501232824823895271e+02 6.807631918182317499e-01 7.548768641442806793e-01
2.501585217587869181e+02 6.937885276849481420e-01 7.450895339104721682e-01
2.500934317361208628e+02 6.465930682241677330e-01 7.391694821023820916e-01
2.501805157593123283e+02 6.868176514073105476e-01 7.738833462649910011e-01
2.501567255820773426e+02 7.052376268473432575e-01 7.586036253444199406e-01
2.501201116806471134e+02 6.716662288231376454e-01 7.590618336886993944e-01
2.501137578582731180e+02 6.931959115596800780e-01 7.496349606857241055e-01
2.501601102143804098e+02 7.353327508996156947e-01 7.774695902395513114e-01
2.501755304525265728e+02 7.487796384430691621e-01 7.762415918768824641e-01
2.501764224314367482e+02 7.380514537423402688e-01 7.708225145252045607e-01
2.501608738949542214e+02 7.276226318265406334e-01 7.577055369896322778e-01
2.501572448848675094e+02 7.457126972586921587e-01 7.654523127302497176e-01
2.501442073301116125e+02 7.445885594540599950e-01 7.586463914565526601e-01
2.501427532822991111e+02 7.483153206541993674e-01 7.652018255020436310e-01
2.501993206297615586e+02 8.139002083320605596e-01 8.041434253212040861e-01
2.501741802652720708e+02 7.292844007551273489e-01 7.651712782790915934e-01
2.502102320978000023e+02 7.676089466706581543e-01 7.758139307555550479e-01
2.502189380563413010e+02 7.532945179953690618e-01 7.751113446276598484e-01
2.502201477263701861e+02 7.327728936162413165e-01 7.610290748468057087e-01
2.502081915433068104e+02 7.539299002327698451e-01 7.934152406204751928e-01
2.502280900043377017e+02 6.987921628044794220e-01 7.213909983443405061e-01
2.502044586726620707e+02 6.873613919758554403e-01 7.126056170233564524e-01
2.501482945485425944e+02 6.663693403632675594e-01 7.124956470207293169e-01
2.501489726968921161e+02 6.448824237388578462e-01 7.145606392922819738e-01
2.501512454102797562e+02 6.668275487075470132e-01 7.179391621507689170e-01
2.501032801608005798e+02 6.455911193113433866e-01 7.129844025879606972e-01
2.501193785472962645e+02 6.326940817810252637e-01 7.005577922911028210e-01
2.501509460474948128e+02 6.270000794227796881e-01 6.919984604199632683e-01
2.501679852884574302e+02 6.194304775752835779e-01 6.861150652794154592e-01
2.501824830004704268e+02 6.346246662715891995e-01 7.093798302796292532e-01
2.501943719796433356e+02 6.047922483367037527e-01 6.728209138507218467e-01
2.500799726296882284e+02 5.882173251629694288e-01 6.654651425638895557e-01
2.500342251085953649e+02 5.609753117344101758e-01 6.635589958516870945e-01
2.500356791564078947e+02 5.449502385738113075e-01 6.326452062243022034e-01
2.500404995081896971e+02 5.428485896347162720e-01 6.169561525161747495e-01
2.500286899517964798e+02 5.015243064253028793e-01 6.365857979851051729e-01
2.500204238732656847e+02 5.357677433544516532e-01 6.243730182489110048e-01
2.500691283655402799e+02 5.596556717028854377e-01 6.423408947892547127e-01
2.500689695199809250e+02 5.571202521978726452e-01 6.318998539842742845e-01
2.500627134487203875e+02 5.226690941526506151e-01 6.096920228981983492e-01
2.500772294890671503e+02 5.188873479511977305e-01 5.897263579767962893e-01
2.500501707589762930e+02 5.465692413902651925e-01 5.916325046889987505e-01
2.500684135605232257e+02 5.722777842266359993e-01 6.302258661665067763e-01
2.500772050512887859e+02 5.772569815678056937e-01 6.211594503943645984e-01
2.500946780628173087e+02 5.899524074266407903e-01 6.145429219029697743e-01
2.501118944776730473e+02 5.657651162932777478e-01 6.164918347273049548e-01
2.501192624678490404e+02 5.017992314318705516e-01 5.892986968554688731e-01
2.500853550503723568e+02 4.485370934928305520e-01 5.671886168828391694e-01
2.500308343668476994e+02 4.547320703074883563e-01 5.734019220312681631e-01
2.499328633133961830e+02 4.101331247976246486e-01 5.338371588638877174e-01
2.499838832851705490e+02 4.013721812550021251e-01 5.428852463022586505e-01
2.499666729797594087e+02 4.213500650655848667e-01 5.775013593514213284e-01
2.498893701773571649e+02 3.287858700765513564e-01 5.136393350480508158e-01
2.498221174113061522e+02 2.765378999395164961e-01 4.583427520604101968e-01
2.497835484876069927e+02 2.335457383569259637e-01 3.916215076887359925e-01
2.497122940353492595e+02 2.032428931885802148e-01 3.877114631508849496e-01
2.496922122909806205e+02 2.010434931360390032e-01 4.042986052138000108e-01
2.497105956097531134e+02 1.940115224124974724e-01 3.751626639622192005e-01
2.497204990194341292e+02 2.093706661127436863e-01 4.075182825129367581e-01
2.495787537954924460e+02 1.930462301672155045e-01 3.502116922550571054e-01
2.495827799194775309e+02 1.945919196485847436e-01 3.495702005730659256e-01
2.496513156688925505e+02 2.239966764621428297e-01 3.947251055406553188e-01
2.496588913801846275e+02 2.447687880694766061e-01 4.219854473029857056e-01
2.495938013575186005e+02 2.320611433214606334e-01 3.954826766698639195e-01
2.495700783841740815e+02 2.371625295544382006e-01 3.925745810448372231e-01
2.495951515447730742e+02 2.565233594613913759e-01 4.020442201599452869e-01
2.496296943444871488e+02 2.808328394865622912e-01 4.275328229910618782e-01
2.496431656698089512e+02 2.790183344432157764e-01 4.545976625264996906e-01
2.496654223764517440e+02 2.834415723266597853e-01 4.542738619632089025e-01
2.496908559942815486e+02 2.977865482249008600e-01 4.840268571184193624e-01
2.496684648798577655e+02 2.812971572754320859e-01 4.761273452630421232e-01
2.497274149107104790e+02 3.075983162370709012e-01 4.805017075897630163e-01
2.497266573395812657e+02 3.135305869343418261e-01 4.962701840775655127e-01
2.497455416328101592e+02 3.186075353889578077e-01 5.050616748431400183e-01
2.497221302411397801e+02 3.136588852707400399e-01 5.206041018810979581e-01
2.497081335035831842e+02 2.945913087041256984e-01 5.252533892143864680e-01
2.497285940335164014e+02 3.119787880083821352e-01 5.379243772948600899e-01
2.497636866832436340e+02 3.061931439812806688e-01 4.998258808291738409e-01
2.497589946297981953e+02 3.266047983577812786e-01 5.351506894508220036e-01
2.497608396820644998e+02 3.243565227485169511e-01 5.286868970741870344e-01
2.497512661823913618e+02 3.286942284076954657e-01 5.405147818011865057e-01
2.497136503320483030e+02 3.439128548823626175e-01 5.054954454090578864e-01
2.497156847770969250e+02 3.616241347499098979e-01 5.467830719509289006e-01
2.497348256669986029e+02 3.652470353920125312e-01 5.270067998118290742e-01
2.498378675594601646e+02 3.562783707333166405e-01 5.240376097408984135e-01
2.498624519644918962e+02 4.016471062615697418e-01 5.325786132782668325e-01
2.498952046969409935e+02 4.037609740898455146e-01 5.501554853648255028e-01
2.498985648914657247e+02 4.254067362736053681e-01 5.692719374881629602e-01
2.498158796683793526e+02 3.839236075048417240e-01 5.574012866490307694e-01
2.498082795193089112e+02 3.085452801485816798e-01 4.802451109169665333e-01
2.497739749879338547e+02 2.856165346008394113e-01 4.607254354506631899e-01
2.498643825489824621e+02 3.519651028524996561e-01 5.009927847459387795e-01
2.499453510181389504e+02 3.830255191500540612e-01 5.039253181493270617e-01
2.498364929344273264e+02 3.328181035062102722e-01 4.698957117808419959e-01
2.498381302655775471e+02 3.296900678759294157e-01 4.600411776565392352e-01
2.498496587875196155e+02 3.504927267062151186e-01 4.927205967705475809e-01
2.497798583830743837e+02 3.499489861376702260e-01 4.865500577342513622e-01
2.497315021291414325e+02 2.913960691833505368e-01 4.334528747991520103e-01
2.496389745908199416e+02 2.647955474367825190e-01 4.087401714310152090e-01
2.497542598102406544e+02 3.208435921090413423e-01 4.378516749042344336e-01
2.498503124980908012e+02 3.619723730915622717e-01 4.757424502538474265e-01
2.498313487820822161e+02 3.513480489488700620e-01 4.492885551774488118e-01
2.498958278602892165e+02 3.686499960288610045e-01 4.886822538962982687e-01
2.498915817962989081e+02 3.621984225414067726e-01 4.764878024938752898e-01
2.499348488828880477e+02 3.496923894648737430e-01 4.821695859629401282e-01
2.499307494455678977e+02 3.590887152448971054e-01 4.876436483159315993e-01
2.499951796482181692e+02 3.793537429512283121e-01 5.360793250285617040e-01
2.499560975311734410e+02 3.555574562716503628e-01 4.924945473207030799e-01
2.498796989265705975e+02 3.436623676541565864e-01 4.709220984720279279e-01
2.498771696165101730e+02 2.597552556497088605e-01 4.602427893280222060e-01
2.498873296228639731e+02 2.905407469406956489e-01 4.303553863918231359e-01
2.498234431607822614e+02 3.070545756685259531e-01 4.441993878336520374e-01
2.497657333471813956e+02 2.935160464562166505e-01 4.436923039326494678e-01
2.497345568514366221e+02 2.984158210177113024e-01 4.367092087658310806e-01
2.497318564769276747e+02 2.803013178071981359e-01 4.505287724292984519e-01
2.497532089857710957e+02 2.858975690519974799e-01 4.271234902035055958e-01
2.497124162242410534e+02 2.576658255997947289e-01 4.261154318460908530e-01
2.497602104092717070e+02 2.919459191964858258e-01 4.377233765678362198e-01
2.498289294420244175e+02 3.092051001643440489e-01 4.679590178456876637e-01
2.497873607810313956e+02 3.263420922403943991e-01 4.658756972403638730e-01
2.497916190639109004e+02 2.998881971639958399e-01 4.304775752836309533e-01
2.498109860032624567e+02 3.150151819698071010e-01 4.300499141623034816e-01
2.498359614127479631e+02 3.064741784324386820e-01 4.572858181462723381e-01
2.498107721727017747e+02 2.951045020497186644e-01 4.246308368106255227e-01
2.497274271295996471e+02 2.856470818237913933e-01 4.102675325786132587e-01
2.497668941416535802e+02 3.024113977798278396e-01 3.994293778752573409e-01
2.497601493148257816e+02 3.216011632382499985e-01 4.036876607547607576e-01
2.497720749506662230e+02 3.041220422651376709e-01 4.255594723883651676e-01
2.497865115682333226e+02 3.059243284193033929e-01 4.354323348464391175e-01
2.497883444016104590e+02 3.645811059316597658e-01 4.657046327918328843e-01
2.498045894147763022e+02 3.597485352606594744e-01 4.608842810100133858e-01
2.498082245343075840e+02 3.741790433831660434e-01 4.829821420934622966e-01
2.498361691338640469e+02 3.693464727121657520e-01 4.766038819410927108e-01
2.498800166176892787e+02 3.881146864938508356e-01 4.876375388713412029e-01
2.499041367049321423e+02 3.844245819612538972e-01 4.764572552709233078e-01
2.499232287192771196e+02 3.955682088941294139e-01 4.902401622668483006e-01
2.499478803281993748e+02 3.918475571385805489e-01 5.267624220282134395e-01
2.499494015799023714e+02 3.944379616449068537e-01 5.075115621238873720e-01
2.499114741478852295e+02 3.406320831373219615e-01 4.725594296222530577e-01
2.499235830670633618e+02 3.443527348928708820e-01 4.717957490484540051e-01
2.499644674702622922e+02 3.416462509393271008e-01 4.631264471746873723e-01
2.498315809409766644e+02 3.308936284602366773e-01 4.441444028323385251e-01
2.498283612636775217e+02 3.175628203640006864e-01 4.101270153530342522e-01
2.497974841307176632e+02 2.772893616241347559e-01 3.998387106628136234e-01
2.497752029862965060e+02 2.641968218669240587e-01 3.889028048460114739e-01
2.497424624727366052e+02 2.785479072097555853e-01 4.089295642133173869e-01
2.497393222182171542e+02 3.062175817596422545e-01 3.912427221241316921e-01
2.496815268723920269e+02 2.679907869575576806e-01 3.582761591143749369e-01
2.497132898748174910e+02 2.854149229293564960e-01 3.757552800874872645e-01
2.497625197793268512e+02 3.257861327826687137e-01 4.066385224919202845e-01
2.497448940316835717e+02 3.239532994055510651e-01 4.318216530935172770e-01
2.497612917809641999e+02 3.327386807265351742e-01 4.136032893249674824e-01
2.497630268632278501e+02 3.325676162780041856e-01 4.277161063287736598e-01
2.497505635962634756e+02 3.403571581307543448e-01 4.492457890653160923e-01
2.498037585303119954e+02 3.477556955297194108e-01 4.529908785992265430e-01
2.498116641516119785e+02 3.392452392153029184e-01 4.676474361715776684e-01
2.498421624990072019e+02 3.623755964345281577e-01 4.678062817309278643e-01
2.498691418063183960e+02 3.754681361917387994e-01 4.700362290064210025e-01
2.498792895937830281e+02 3.691631893744539705e-01 4.671708994935270254e-01
2.498972941269909143e+02 3.219921676920350917e-01 4.536690269487601013e-01
2.499160867785509481e+02 3.557529584985428817e-01 4.680995350712666703e-01
2.499020717126606144e+02 3.703239838466285128e-01 5.075359999022488466e-01
2.498495182702940554e+02 3.515679889541241665e-01 4.622772343766228254e-01
2.497520176440759769e+02 3.313396179153353382e-01 4.647332311019605200e-01
2.497584875458971965e+02 3.332213268491761582e-01 4.411324466492750895e-01
2.497616827854179746e+02 3.434546465380832192e-01 4.621917021523573310e-01
2.497509179440497178e+02 3.404610186887910284e-01 4.538523102864718828e-01
2.497381369859666052e+02 3.341866190944581261e-01 4.629126166140236087e-01
2.496970509710962176e+02 3.302704651120166868e-01 4.488120184993982242e-01
2.496969776577611242e+02 3.376017986204873922e-01 4.506876179886486478e-01
2.497676211655598308e+02 3.427215131872361487e-01 4.419266744460261243e-01
2.496615245508030796e+02 3.379439275175493695e-01 4.192300877927187530e-01
2.497622754015432349e+02 3.318467018163378524e-01 4.145624721256590539e-01
2.497993414018731642e+02 3.693586916013465449e-01 4.560578197836034908e-01
2.497085917119274825e+02 3.663528448628735057e-01 4.504371307604425612e-01
2.497253804656618570e+02 3.620945619833700890e-01 4.439733383838075365e-01
2.497089399502691265e+02 3.551359045949132875e-01 4.787849536598627886e-01
2.497276715073832634e+02 3.531258973246741983e-01 4.592836065273305790e-01
2.497634361960154195e+02 3.605061063898680751e-01 4.619900904808743602e-01
2.497289911474147743e+02 3.570053946395733147e-01 4.457450773150212764e-01
2.497128133381394264e+02 3.537918267850269638e-01 4.645743855426103242e-01
2.497086466969287812e+02 3.566388279641497516e-01 4.544021602996071718e-01
2.496890659270165713e+02 3.637013459106432367e-01 4.622527965982612397e-01
2.497078707974658016e+02 3.632859036784966134e-01 4.833853654364281827e-01
2.497080479713589227e+02 3.423549465118125856e-01 4.515795968988459141e-01
2.496937457615728135e+02 3.397706514500766772e-01 4.438694778257708529e-01
2.496686664915292511e+02 3.413468881543978983e-01 4.395195532774115454e-01
2.496587386440698708e+02 3.304720767834996020e-01 4.607804204519767022e-01
2.496923344798724429e+02 3.448170526817406767e-01 4.335078598004655226e-01
2.496545109084133287e+02 3.270691161466511288e-01 4.301171180527978422e-01
2.496705970760198170e+02 3.308569717926942988e-01 4.487020484967711442e-01
2.496729919782992511e+02 3.366059591522534422e-01 4.434357072598529848e-01
2.496745132300022476e+02 3.335695651908284765e-01 4.726083051789761735e-01
2.496633696030693841e+02 3.283337711768622991e-01 4.620023093700551531e-01
2.496499471533042822e+02 3.231468527196192375e-01 4.516040346772074998e-01
2.496479310365894548e+02 3.231163054966673109e-01 4.717713112700924194e-01
2.496135959579914640e+02 3.188030376158503265e-01 4.503760363145386525e-01
2.495870015456894748e+02 3.156688925409790736e-01 4.344731520457475460e-01
2.495372889950574518e+02 3.182592970473054339e-01 4.414256999896139511e-01
2.496142985441193503e+02 3.177583225908932607e-01 4.596074070906213671e-01
2.495962940109114641e+02 3.363249247010954290e-01 4.634013721812549891e-01
