2.550000000000000000e+02 1.652923787306912686e+02 6.312996697420842906e+01
2.550000000000000000e+02 1.653893504927657716e+02 6.312738519605787246e+01
2.550000000000000000e+02 1.563037280701754526e+02 5.812281138603481168e+01
2.550000000000000000e+02 1.560535052771370772e+02 5.779737628433633745e+01
2.550000000000000000e+02 1.550208114908786001e+02 5.702915530859019810e+01
2.550000000000000000e+02 1.548822779059201764e+02 5.673271824980778888e+01
2.550000000000000000e+02 1.541051932620395633e+02 5.611959180820577586e+01
2.550000000000000000e+02 1.537523415111483871e+02 5.592185206542252018e+01
2.550000000000000000e+02 1.533819502690990362e+02 5.563580327811560977e+01
2.550000000000000000e+02 1.535105673796043959e+02 5.556057349549171676e+01
2.550000000000000000e+02 1.509491289229048618e+02 5.439470626266862041e+01
2.550000000000000000e+02 1.490984745229607995e+02 5.336285122667225522e+01
2.550000000000000000e+02 1.491311726777102251e+02 5.324578440623471209e+01
2.550000000000000000e+02 1.500832022786048867e+02 5.360270322219892591e+01
2.550000000000000000e+02 1.506870762563779920e+02 5.389793894597050183e+01
2.550000000000000000e+02 1.509282082197525767e+02 5.405886104703991180e+01
2.550000000000000000e+02 1.501144675683231924e+02 5.363096299014468116e+01
2.550000000000000000e+02 1.489850204445376392e+02 5.297762022087090372e+01
2.550000000000000000e+02 1.482439889564548707e+02 5.267752236667365651e+01
2.550000000000000000e+02 1.481224444327951346e+02 5.244818532885999929e+01
2.550000000000000000e+02 1.475842812958691468e+02 5.224066453484308425e+01
2.550000000000000000e+02 1.476972155238694313e+02 5.242281750192213252e+01
2.550000000000000000e+02 1.483186595722373795e+02 5.270166264765499164e+01
2.550000000000000000e+02 1.487106530020269872e+02 5.315605560215279013e+01
2.550000000000000000e+02 1.487817021388131593e+02 5.317544296498217449e+01
2.550000000000000000e+02 1.492143137974418039e+02 5.335125288320402603e+01
2.550000000000000000e+02 1.505361623680715866e+02 5.410829925910393712e+01
2.550000000000000000e+02 1.516184560005591777e+02 5.464984797651499093e+01
2.550000000000000000e+02 1.519517631229468009e+02 5.491467463479416011e+01
2.550000000000000000e+02 1.521935809394003059e+02 5.496687810162857346e+01
2.550000000000000000e+02 1.523765944991961874e+02 5.514991350387921898e+01
2.550000000000000000e+02 1.532197132522541381e+02 5.541919602292583846e+01
2.550000000000000000e+02 1.538580589921017747e+02 5.577972758090444927e+01
2.550000000000000000e+02 1.537564959460403884e+02 5.567636471657230857e+01
2.550000000000000000e+02 1.532177692737820678e+02 5.552227056685538287e+01
2.550000000000000000e+02 1.527505941147690010e+02 5.523495054868246257e+01
2.550000000000000000e+02 1.527636034808136003e+02 5.536408314111972828e+01
2.550000000000000000e+02 1.538176548193192161e+02 5.595153596141749119e+01
2.550000000000000000e+02 1.542892639966449906e+02 5.619146222129027990e+01
2.550000000000000000e+02 1.547402364227301348e+02 5.646382889494653057e+01
2.550000000000000000e+02 1.559226078143566099e+02 5.697283235479135755e+01
2.550000000000000000e+02 1.566324002236667354e+02 5.733339886069756375e+01
2.550000000000000000e+02 1.565217245054868158e+02 5.734549958062486752e+01
2.550000000000000000e+02 1.534160201300063022e+02 5.592389651918641391e+01
2.550000000000000000e+02 1.502875559166841413e+02 5.446730184525057439e+01
2.550000000000000000e+02 1.503864367093031262e+02 5.442373051653036953e+01
2.550000000000000000e+02 1.523851873208918732e+02 5.537304728454602554e+01
2.550000000000000000e+02 1.550599793807227229e+02 5.670809306633116620e+01
2.550000000000000000e+02 1.573229188509121457e+02 5.791197927587894156e+01
2.550000000000000000e+02 1.593670318725099548e+02 5.898229013769483231e+01
2.550000000000000000e+02 1.600063474173481382e+02 5.918698014957713127e+01
2.550000000000000000e+02 1.594253687006360565e+02 5.896801390927517872e+01
2.550000000000000000e+02 1.585662437967428673e+02 5.853748602082896468e+01
2.550000000000000000e+02 1.571883300132802219e+02 5.787492573565387488e+01
2.550000000000000000e+02 1.558680890473195007e+02 5.712212116446495003e+01
2.550000000000000000e+02 1.537418440273991678e+02 5.605984832599426682e+01
2.550000000000000000e+02 1.529272777311805385e+02 5.561605333053749689e+01
2.550000000000000000e+02 1.529252463828894975e+02 5.568029198993500017e+01
2.550000000000000000e+02 1.533969604039980368e+02 5.586539368840427500e+01
2.550000000000000000e+02 1.540153115607744496e+02 5.622461469909834619e+01
2.550000000000000000e+02 1.546967874117564747e+02 5.668209617669672440e+01
2.550000000000000000e+02 1.546035812888795817e+02 5.663529653316558665e+01
2.550000000000000000e+02 1.550118342419794430e+02 5.678054012022086994e+01
2.550000000000000000e+02 1.554129490808695095e+02 5.698841039351366788e+01
2.550000000000000000e+02 1.559474645278534979e+02 5.737146152233172813e+01
2.550000000000000000e+02 1.561353445865660206e+02 5.741403246662473236e+01
2.550000000000000000e+02 1.563777477808066010e+02 5.745855175788075542e+01
2.550000000000000000e+02 1.565972076605857239e+02 5.732206262668623964e+01
2.550000000000000000e+02 1.565478480813587794e+02 5.752249772838470676e+01
2.550000000000000000e+02 1.569638420004193620e+02 5.780850719927308035e+01
2.550000000000000000e+02 1.563792155937652808e+02 5.754348832739218267e+01
2.550000000000000000e+02 1.544397497728384678e+02 5.647266635213532027e+01
2.550000000000000000e+02 1.529253468581813138e+02 5.565220259313622364e+01
2.550000000000000000e+02 1.533403185503599673e+02 5.590754962605717537e+01
2.550000000000000000e+02 1.530259095198154853e+02 5.577593136227022086e+01
2.550000000000000000e+02 1.534946704410428424e+02 5.600001310547284561e+01
2.550000000000000000e+02 1.545788075767106875e+02 5.674641346893129423e+01
2.550000000000000000e+02 1.559606136856084504e+02 5.726322779059201906e+01
2.550000000000000000e+02 1.576328982316348686e+02 5.832427308310617065e+01
2.550000000000000000e+02 1.601147558887257958e+02 5.957924005731459971e+01
2.550000000000000000e+02 1.608999353463339617e+02 5.987649839239533378e+01
2.550000000000000000e+02 1.608399996505207241e+02 5.983870657719997155e+01
2.550000000000000000e+02 1.603409039281470712e+02 5.958390997413853540e+01
2.550000000000000000e+02 1.597970573844970943e+02 5.918962308660096738e+01
2.550000000000000000e+02 1.598775293562591742e+02 5.917096526175997440e+01
2.550000000000000000e+02 1.589236344097295159e+02 5.866889022855944802e+01
2.550000000000000000e+02 1.575568384357307536e+02 5.812239637939470072e+01
2.550000000000000000e+02 1.577241254281121030e+02 5.817127542461732048e+01
2.550000000000000000e+02 1.584348832739218551e+02 5.848270514433494327e+01
2.550000000000000000e+02 1.585338732788145535e+02 5.838610907248200022e+01
2.550000000000000000e+02 1.595865834905989971e+02 5.898880792618997759e+01
2.550000000000000000e+02 1.624977152792339439e+02 6.044840375340742611e+01
2.550000000000000000e+02 1.634694511427972259e+02 6.074079995806248888e+01
2.550000000000000000e+02 1.631227502271615322e+02 6.056316837911511897e+01
2.550000000000000000e+02 1.627234614174879539e+02 6.036002918151953622e+01
2.550000000000000000e+02 1.605648983015307181e+02 5.920939487663381584e+01
2.550000000000000000e+02 1.580348037673865917e+02 5.791012266722583490e+01
2.550000000000000000e+02 1.571268653456349966e+02 5.739681624379674219e+01
2.550000000000000000e+02 1.565345067100020913e+02 5.703659921716641890e+01
2.550000000000000000e+02 1.550153465087020379e+02 5.640043772279303624e+01
2.550000000000000000e+02 1.545933415460963261e+02 5.618771842454742682e+01
2.550000000000000000e+02 1.546273415111483871e+02 5.622284109177325462e+01
2.549999956315090515e+02 1.550366472705668457e+02 5.655618316208848739e+01
2.550000000000000000e+02 1.553693165932760110e+02 5.668424984273432443e+01
2.550000000000000000e+02 1.560704637589990966e+02 5.714208516809953409e+01
2.550000000000000000e+02 1.565980944642482768e+02 5.745096368910323292e+01
2.550000000000000000e+02 1.569783890752778461e+02 5.762347976514992354e+01
2.550000000000000000e+02 1.552953580415181420e+02 5.698163049556161042e+01
2.550000000000000000e+02 1.525263376319284134e+02 5.561353707975116833e+01
2.550000000000000000e+02 1.522637126930873137e+02 5.541245980988327346e+01
2.550000000000000000e+02 1.523789491158174201e+02 5.541997798280561938e+01
2.550000000000000000e+02 1.529215113231285272e+02 5.584594079821066259e+01
2.550000000000000000e+02 1.552144754316068997e+02 5.708889879080170715e+01
2.550000000000000000e+02 1.569254473334731301e+02 5.792417173411616460e+01
2.550000000000000000e+02 1.573920152722443504e+02 5.800723858950163958e+01
2.550000000000000000e+02 1.566714894806737846e+02 5.792133221499965146e+01
2.550000000000000000e+02 1.560671087579506491e+02 5.767884165094010029e+01
2.550000000000000000e+02 1.567084993359893872e+02 5.788668134479625138e+01
2.550000000000000000e+02 1.561775005242189138e+02 5.758975501502760608e+01
2.550000000000000000e+02 1.558523886908506313e+02 5.750165128957852545e+01
2.550000000000000000e+02 1.570899384916474446e+02 5.806312469420563360e+01
2.550000000000000000e+02 1.568078912420493509e+02 5.799726095617529609e+01
2.550000000000000000e+02 1.571779373733137675e+02 5.804844656461871466e+01
2.550000000000000000e+02 1.581825679737191592e+02 5.850397532676312551e+01
2.550000000000000000e+02 1.585136253232683430e+02 5.875569214370587900e+01
2.550000000000000000e+02 1.586948041168658676e+02 5.887382050744390938e+01
2.550000000000000000e+02 1.589973920109037522e+02 5.899674984273432443e+01
2.550000000000000000e+02 1.599569747326483480e+02 5.953928583909974037e+01
2.550000000000000000e+02 1.595949229398196678e+02 5.933978996295519437e+01
2.550000000000000000e+02 1.595904190256517836e+02 5.933573600335500231e+01
2.550000000000000000e+02 1.592280133850562720e+02 5.922911424477528186e+01
2.550000000000000000e+02 1.576479476829524060e+02 5.847841965471447878e+01
2.549999781575452573e+02 1.563167942266023545e+02 5.762653334032292207e+01
2.550000000000000000e+02 1.562284633396239713e+02 5.766335535052771633e+01
2.550000000000000000e+02 1.564847758090445211e+02 5.778830729712728242e+01
2.550000000000000000e+02 1.562085473893898211e+02 5.757720870902355159e+01
2.550000000000000000e+02 1.568709285664360209e+02 5.799988205074438952e+01
2.550000000000000000e+02 1.577725894666946260e+02 5.849256919689662482e+01
2.550000000000000000e+02 1.588034004333543123e+02 5.894513612217795639e+01
2.550000000000000000e+02 1.596008422450548778e+02 5.926767491437757940e+01
2.550000000000000000e+02 1.588310748235129779e+02 5.904333106171804246e+01
2.550000000000000000e+02 1.572509304885720383e+02 5.832168256797371697e+01
2.550000000000000000e+02 1.556307576710701142e+02 5.742944013420004268e+01
2.550000000000000000e+02 1.546606075697211224e+02 5.692854459355559982e+01
2.550000000000000000e+02 1.552832747955546324e+02 5.708277853498287868e+01
2.550000000000000000e+02 1.567834058502830885e+02 5.796140875096106981e+01
2.550000000000000000e+02 1.577410708045013052e+02 5.861468162437967777e+01
2.550000000000000000e+02 1.585419943034877974e+02 5.900959757461382793e+01
2.550000000000000000e+02 1.595924940588523100e+02 5.964769867896833944e+01
2.550000000000000000e+02 1.600652303068428068e+02 5.976057611658628588e+01
2.550000000000000000e+02 1.602838164884322225e+02 5.988469368141468863e+01
2.550000000000000000e+02 1.610251974557908738e+02 6.031481966869364442e+01
2.550000000000000000e+02 1.614902145802753921e+02 6.065062993639477185e+01
2.550000000000000000e+02 1.612698941077794075e+02 6.046099374432095885e+01
2.550000000000000000e+02 1.612124353463339617e+02 6.045980114629202262e+01
2.550000000000000000e+02 1.614022681205004517e+02 6.054576867966729736e+01
2.550000000000000000e+02 1.609459967148948181e+02 6.037706629621863641e+01
2.550000000000000000e+02 1.609017701125323185e+02 6.015070856923184550e+01
2.550000000000000000e+02 1.611768714615223246e+02 6.028102065422520184e+01
2.550000000000000000e+02 1.612696494722862894e+02 6.039220748584608600e+01
2.550000000000000000e+02 1.618310660865310808e+02 6.076382627385196145e+01
2.550000000000000000e+02 1.615707695533654942e+02 6.061749056405955116e+01
2.550000000000000000e+02 1.613389643181659210e+02 6.043934787167120959e+01
2.550000000000000000e+02 1.611204786118683217e+02 6.030460613685608706e+01
2.550000000000000000e+02 1.603342725588872497e+02 5.996850754875235623e+01
2.550000000000000000e+02 1.592031566715593840e+02 5.948530439644929402e+01
2.550000000000000000e+02 1.574824867197875164e+02 5.863844621513943878e+01
2.550000000000000000e+02 1.571956952890193691e+02 5.841245107290137639e+01
2.550000000000000000e+02 1.571558808625148629e+02 5.835911616691129922e+01
2.550000000000000000e+02 1.574478009016565352e+02 5.849315020619277306e+01
2.550000000000000000e+02 1.588596141748794253e+02 5.932915705598657752e+01
2.549999868945271544e+02 1.599130277137065832e+02 6.001009558258195398e+01
2.550000000000000000e+02 1.598823914866848384e+02 5.995323093590550201e+01
2.550000000000000000e+02 1.610807297127280435e+02 6.065045956524777893e+01
2.550000000000000000e+02 1.627193200880687698e+02 6.155094970993219761e+01
2.550000000000000000e+02 1.635892963234780098e+02 6.192488816663171747e+01
2.550000000000000000e+02 1.647377944362899314e+02 6.274869818969735036e+01
2.550000000000000000e+02 1.654655937652897251e+02 6.309903368980219796e+01
2.550000000000000000e+02 1.649596264066540812e+02 6.281074823512965821e+01
2.550000000000000000e+02 1.645278141818690187e+02 6.256401149786817939e+01
2.550000000000000000e+02 1.641503765639197638e+02 6.242740441741804602e+01
2.550000000000000000e+02 1.644102930383728278e+02 6.251677063675123946e+01
2.550000000000000000e+02 1.653840558817362023e+02 6.303879656811351140e+01
2.550000000000000000e+02 1.660191383588453107e+02 6.335289543580065441e+01
2.550000000000000000e+02 1.659206769413573852e+02 6.338444904592157769e+01
2.550000000000000000e+02 1.657138420004193620e+02 6.322450111833368425e+01
2.550000000000000000e+02 1.648775686726777110e+02 6.269638987908017214e+01
2.550000000000000000e+02 1.636039438736282818e+02 6.208418518906828609e+01
2.550000000000000000e+02 1.632682253442370950e+02 6.175157265674145179e+01
2.550000000000000000e+02 1.630535795414832023e+02 6.161740319424058043e+01
2.550000000000000000e+02 1.632185293912071131e+02 6.172263577269868051e+01
2.550000000000000000e+02 1.634931065212832948e+02 6.203931641853638013e+01
2.550000000000000000e+02 1.634093712867826866e+02 6.199797738869084895e+01
2.550000000000000000e+02 1.627755906199762421e+02 6.165764136436709464e+01
2.550000000000000000e+02 1.614363904032990717e+02 6.090825295309988263e+01
2.550000000000000000e+02 1.601217148948067290e+02 6.032313727545956539e+01
2.550000000000000000e+02 1.601907676312294768e+02 6.022372789543580041e+01
2.550000000000000000e+02 1.602869486964422947e+02 6.038753320053120888e+01
2.550000000000000000e+02 1.607625943594044884e+02 6.073279251415391400e+01
2.550000000000000000e+02 1.615596604808834797e+02 6.101835639896554397e+01
2.550000000000000000e+02 1.620988021597819113e+02 6.127827724190955649e+01
2.550000000000000000e+02 1.624893889354861187e+02 6.150044121758579507e+01
2.550000000000000000e+02 1.621271842454742398e+02 6.121863423498986378e+01
2.550000000000000000e+02 1.620041369609282071e+02 6.115932323338225984e+01
2.550000000000000000e+02 1.619128922904871786e+02 6.115052946110295551e+01
2.550000000000000000e+02 1.619127219193401857e+02 6.125125812539316428e+01
2.550000000000000000e+02 1.613891189627454992e+02 6.107851488781714977e+01
2.550000000000000000e+02 1.606276997274061671e+02 6.077727248899140022e+01
2.550000000000000000e+02 1.604104983574474090e+02 6.054317379604389515e+01
2.550000000000000000e+02 1.606169357657090870e+02 6.064948539176626952e+01
2.550000000000000000e+02 1.610779644579576484e+02 6.089995282029775581e+01
2.550000000000000000e+02 1.616377472565876872e+02 6.118970608792898247e+01
2.550000000000000000e+02 1.618040775494513070e+02 6.120771300761865064e+01
2.550000000000000000e+02 1.617345704899699399e+02 6.133088697840218373e+01
2.550000000000000000e+02 1.615169191654434826e+02 6.124162123436079952e+01
2.550000000000000000e+02 1.603215121968267169e+02 6.075231530020269588e+01
2.550000000000000000e+02 1.594273563640176121e+02 6.037281575452575311e+01
2.550000000000000000e+02 1.591683354302089981e+02 6.022582477109107657e+01
2.550000000000000000e+02 1.585605429160550841e+02 5.983948416858880393e+01
2.550000000000000000e+02 1.588594263297686382e+02 6.007587631928426930e+01
2.550000000000000000e+02 1.600411817641713981e+02 6.085981512546305794e+01
2.550000000000000000e+02 1.611868840427762564e+02 6.145168449010973433e+01
2.550000000000000000e+02 1.620634654364996265e+02 6.193726846997972757e+01
2.550000000000000000e+02 1.625953728943873671e+02 6.224276577898930896e+01
2.550000000000000000e+02 1.631629447123785610e+02 6.259844394352414554e+01
2.550000000000000000e+02 1.632865249528202867e+02 6.260156741455231355e+01
2.550000000000000000e+02 1.633297424337736743e+02 6.267393583560495074e+01
2.550000000000000000e+02 1.635222006710002063e+02 6.281343922555392112e+01
2.550000000000000000e+02 1.638238056545746701e+02 6.302738170126511363e+01
2.550000000000000000e+02 1.639306851541203685e+02 6.306536136157125583e+01
2.550000000000000000e+02 1.639759601943104883e+02 6.296178007269168830e+01
2.550000000000000000e+02 1.634112322639267632e+02 6.256646222129027990e+01
2.550000000000000000e+02 1.634429038233032827e+02 6.270639372335220685e+01
2.550000000000000000e+02 1.634984404487314009e+02 6.274156881246941708e+01
2.549999912630181029e+02 1.636239690361361454e+02 6.283408034528552122e+01
2.550000000000000000e+02 1.634536677850003628e+02 6.265137694834696447e+01
2.550000000000000000e+02 1.633853707975117118e+02 6.272888708324596507e+01
2.550000000000000000e+02 1.631821922834975851e+02 6.263980918431536793e+01
2.550000000000000000e+02 1.624498671978751645e+02 6.230100213182358004e+01
2.550000000000000000e+02 1.617298132033270406e+02 6.184754403438876125e+01
2.550000000000000000e+02 1.614590803452855141e+02 6.183737418746068215e+01
2.550000000000000000e+02 1.614162516600265462e+02 6.168274708184804922e+01
2.550000000000000000e+02 1.617561289928007398e+02 6.172741927028727105e+01
2.550000000000000000e+02 1.616816156426923783e+02 6.181522593835185830e+01
2.550000000000000000e+02 1.616112785699307892e+02 6.187412193331935129e+01
2.550000000000000000e+02 1.618961434961906889e+02 6.197700863213811573e+01
2.550000000000000000e+02 1.618940073041168546e+02 6.194202138813168546e+01
2.550000000000000000e+02 1.618479459355560266e+02 6.181275774096596365e+01
2.550000000000000000e+02 1.619095460264206281e+02 6.196184123156496781e+01
2.550000000000000000e+02 1.617723491996924565e+02 6.189591196617040936e+01
2.550000000000000000e+02 1.621426093870133514e+02 6.203301705458866167e+01
2.550000000000000000e+02 1.621752289089257033e+02 6.208130198504228758e+01
2.550000000000000000e+02 1.625372282798630010e+02 6.227654731949395739e+01
2.550000000000000000e+02 1.632065422520444429e+02 6.271923708674075471e+01
2.550000000000000000e+02 1.630444013420004126e+02 6.268369067589291888e+01
2.550000000000000000e+02 1.629124335989375822e+02 6.249418117005661344e+01
2.550000000000000000e+02 1.627017369120011097e+02 6.245498270077584380e+01
2.550000000000000000e+02 1.625280937652897251e+02 6.233222810512336309e+01
2.550000000000000000e+02 1.623603218704130882e+02 6.219549433843572928e+01
2.550000000000000000e+02 1.618397288040819149e+02 6.209715960718529715e+01
2.550000000000000000e+02 1.614393609771440481e+02 6.177035279932899670e+01
2.550000000000000000e+02 1.609550001747396379e+02 6.163959512825889675e+01
2.550000000000000000e+02 1.618957678059691148e+02 6.210709792409310381e+01
2.550000000000000000e+02 1.626918947018941708e+02 6.257497641014887790e+01
2.550000000000000000e+02 1.632652067169916847e+02 6.278508771929824661e+01
2.550000000000000000e+02 1.634680706996575168e+02 6.300030579436639755e+01
2.550000000000000000e+02 1.643497632277905893e+02 6.352578283357797062e+01
2.550000000000000000e+02 1.645951632068218373e+02 6.365361361571258669e+01
2.550000000000000000e+02 1.649176976305305118e+02 6.385716781994828040e+01
2.550000000000000000e+02 1.658954270636751289e+02 6.431472356189277662e+01
2.550000000000000000e+02 1.667531103655553295e+02 6.479763402530230110e+01
2.550000000000000000e+02 1.669758029286363410e+02 6.487676923883414304e+01
2.550000000000000000e+02 1.667035673097085464e+02 6.463148284056755699e+01
2.550000000000000000e+02 1.670640988676871359e+02 6.489524358705529039e+01
2.550000000000000000e+02 1.675028307821346232e+02 6.510880600405396024e+01
2.550000000000000000e+02 1.671882906968616851e+02 6.496858181309848135e+01
2.550000000000000000e+02 1.670316191374851371e+02 6.488662455441392751e+01
2.550000000000000000e+02 1.671079410428461642e+02 6.470866097015446883e+01
2.550000000000000000e+02 1.664730245683931003e+02 6.448960736003354555e+01
2.550000000000000000e+02 1.656853725449080912e+02 6.412076693227091084e+01
2.550000000000000000e+02 1.653532318096036988e+02 6.394712815405046769e+01
2.550000000000000000e+02 1.655613772978262261e+02 6.389915338645418075e+01
2.550000000000000000e+02 1.653353559446424867e+02 6.372870360662612654e+01
2.550000000000000000e+02 1.653399297546655475e+02 6.384528989305934488e+01
2.550000000000000000e+02 1.654656156077444678e+02 6.390759331096666074e+01
2.550000000000000000e+02 1.659474208429440125e+02 6.413093241070804140e+01
2.550000000000000000e+02 1.660579349269588363e+02 6.425749633046760323e+01
2.550000000000000000e+02 1.666236763472426219e+02 6.454896641504159049e+01
2.550000000000000000e+02 1.659688395540644308e+02 6.430736702313552655e+01
2.550000000000000000e+02 1.660765578038722197e+02 6.426495771300761817e+01
2.550000000000000000e+02 1.660175744390857631e+02 6.429262773467533520e+01
2.550000000000000000e+02 1.655899647025931358e+02 6.409221884392255220e+01
2.550000000000000000e+02 1.653603524498497279e+02 6.391702925141539282e+01
2.550000000000000000e+02 1.657584137135667959e+02 6.419333630390717360e+01
2.550000000000000000e+02 1.661560599706437529e+02 6.435450304046969450e+01
2.550000000000000000e+02 1.662042750052421809e+02 6.431685101698469964e+01
2.550000000000000000e+02 1.655590270496959420e+02 6.400336373803033041e+01
2.550000000000000000e+02 1.651185564758509940e+02 6.375353410917732333e+01
2.550000000000000000e+02 1.647992634724260768e+02 6.353117355140840061e+01
2.550000000000000000e+02 1.643869784021807448e+02 6.336853900188718569e+01
2.550000000000000000e+02 1.642152661284685848e+02 6.345065352624589394e+01
2.550000000000000000e+02 1.644909004333543123e+02 6.344553802334521464e+01
2.550000000000000000e+02 1.647585840847137888e+02 6.363272349199692712e+01
2.550000000000000000e+02 1.648159205284126756e+02 6.358857115398056692e+01
2.550000000000000000e+02 1.650478480813587794e+02 6.373765901307052673e+01
2.550000000000000000e+02 1.655263332634374649e+02 6.408316733067728421e+01
2.550000000000000000e+02 1.661810826867966853e+02 6.436963549311525412e+01
2.550000000000000000e+02 1.659473247361431447e+02 6.421364978681764057e+01
2.550000000000000000e+02 1.660746444048367891e+02 6.420926819039631539e+01
2.550000000000000000e+02 1.666927334521562898e+02 6.465822237366323577e+01
2.550000000000000000e+02 1.672096919340183092e+02 6.496145243587055518e+01
2.550000000000000000e+02 1.671892998182707686e+02 6.488820594813726927e+01
2.550000000000000000e+02 1.668103681764171426e+02 6.471402547703921471e+01
2.550000000000000000e+02 1.669084582721744709e+02 6.467152442860138706e+01
2.550000000000000000e+02 1.665037787446704272e+02 6.445877455091913077e+01
2.550000000000000000e+02 1.656589388061787815e+02 6.412432725239393960e+01
2.550000000000000000e+02 1.651847653246662446e+02 6.378751660026560444e+01
2.550000000000000000e+02 1.654060381281890102e+02 6.387596980499056087e+01
2.550000000000000000e+02 1.652715585028307714e+02 6.382696407353044066e+01
2.550000000000000000e+02 1.653279207730481630e+02 6.378619294750821211e+01
2.550000000000000000e+02 1.656426006500314543e+02 6.411140525616831098e+01
2.550000000000000000e+02 1.662661066261270832e+02 6.432815667155936978e+01
2.550000000000000000e+02 1.662577977563430522e+02 6.448731827077654088e+01
2.550000000000000000e+02 1.664047843712867802e+02 6.452367722094079738e+01
2.550000000000000000e+02 1.661103786607954191e+02 6.432464440483678914e+01
2.550000000000000000e+02 1.655576509750471814e+02 6.409636891032361916e+01
2.550000000000000000e+02 1.652943707625637728e+02 6.390682882505067397e+01
2.550000000000000000e+02 1.647354529251415443e+02 6.355955126860977344e+01
2.550000000000000000e+02 1.637047992241560053e+02 6.307771545397358182e+01
2.550000000000000000e+02 1.633467096526175908e+02 6.284782361780946047e+01
2.550000000000000000e+02 1.630758370028657396e+02 6.274602467323687449e+01
2.550000000000000000e+02 1.627275983784161610e+02 6.252841266512896112e+01
2.550000000000000000e+02 1.621426181239952484e+02 6.224235514084014653e+01
2.550000000000000000e+02 1.621597775564409005e+02 6.220784406234709962e+01
2.550000000000000000e+02 1.625772436569511399e+02 6.251984168588802504e+01
2.550000000000000000e+02 1.621832363528342853e+02 6.237102030474592596e+01
2.550000000000000000e+02 1.626729398196686986e+02 6.260680960369050041e+01
2.550000000000000000e+02 1.625739760257216631e+02 6.251234972391137035e+01
2.550000000000000000e+02 1.629518635982386172e+02 6.274641346893129423e+01
2.550000000000000000e+02 1.627485540294960629e+02 6.263675560914237650e+01
2.550000000000000000e+02 1.610262852100370310e+02 6.178719333193541274e+01
2.550000000000000000e+02 1.593485837352345129e+02 6.091149000489271259e+01
2.550000000000000000e+02 1.588142692388341288e+02 6.056785576990284170e+01
2.550000000000000000e+02 1.587016888586006758e+02 6.051920388620954583e+01
2.550000000000000000e+02 1.591655701754386030e+02 6.076743901586635843e+01
2.550000000000000000e+02 1.606067178653805740e+02 6.154700933109666749e+01
2.550000000000000000e+02 1.618134960159362663e+02 6.218019588313413237e+01
2.550000000000000000e+02 1.620889555811840239e+02 6.225927867477458477e+01
2.550000000000000000e+02 1.627358591947997581e+02 6.263282396728873636e+01
2.550000000000000000e+02 1.636418754805339972e+02 6.315440868106521322e+01
2.550000000000000000e+02 1.635010746487733400e+02 6.326013053050954227e+01
2.550000000000000000e+02 1.633358583211015684e+02 6.301055864262249173e+01
2.550000000000000000e+02 1.635122143006919657e+02 6.315805200251624996e+01
2.550000000000000000e+02 1.625886541553086033e+02 6.257612095477738023e+01
2.549999475781086176e+02 1.617749135038792190e+02 6.220045694415320980e+01
2.550000000000000000e+02 1.616172852449849699e+02 6.210849584119661415e+01
2.550000000000000000e+02 1.612248418606276630e+02 6.183960211784441441e+01
2.550000000000000000e+02 1.606606556231215563e+02 6.158380949884671907e+01
2.550000000000000000e+02 1.606780509540784294e+02 6.157201020479485720e+01
2.550000000000000000e+02 1.597551504508282676e+02 6.104324369189907173e+01
2.550000000000000000e+02 1.582704576431117687e+02 6.055842419794506526e+01
2.550000000000000000e+02 1.588207083944922147e+02 6.041731320332704058e+01
2.550000000000000000e+02 1.579674634794156702e+02 6.003329226951841946e+01
2.550000000000000000e+02 1.563978646816243838e+02 5.933991664919270193e+01
2.550000000000000000e+02 1.547459591458726607e+02 5.849164744530649074e+01
2.549999868945271544e+02 1.543714003634584344e+02 5.824474470538896753e+01
2.549999956315090515e+02 1.547095783532536473e+02 5.842840917033620229e+01
2.550000000000000000e+02 1.563617241560075399e+02 5.920492154190256429e+01
2.550000000000000000e+02 1.576438369329698617e+02 6.002999405885230999e+01
2.550000000000000000e+02 1.578085159362549916e+02 6.006928863493394744e+01
2.550000000000000000e+02 1.582481564968197461e+02 6.028512703571678344e+01
2.550000000000000000e+02 1.581636436709303268e+02 6.013376756133361312e+01
2.550000000000000000e+02 1.576433083455651172e+02 5.995922450548682292e+01
2.550000000000000000e+02 1.570664622212902657e+02 5.961337544558607959e+01
2.550000000000000000e+02 1.551534388760746594e+02 5.863703519256308283e+01
2.550000000000000000e+02 1.516739489410777821e+02 5.710276438107220542e+01
2.550000000000000000e+02 1.524090523869434435e+02 5.742638219053610271e+01
2.550000000000000000e+02 1.529616315439994310e+02 5.764304186761724935e+01
2.550000000000000000e+02 1.530463060040539460e+02 5.778170650730411495e+01
2.550000000000000000e+02 1.551723413364087492e+02 5.894768732089187324e+01
2.550000000000000000e+02 1.565995841196616993e+02 5.976934804641084753e+01
2.550000000000000000e+02 1.570613161389529466e+02 5.994815911791430807e+01
2.550000000000000000e+02 1.597986955686027954e+02 6.143802421891381726e+01
2.550000000000000000e+02 1.615055042985950990e+02 6.238750262109456912e+01
2.550000000000000000e+02 1.625448207171314721e+02 6.292561770462011594e+01
2.550000000000000000e+02 1.634909834346823345e+02 6.348676784091703240e+01
2.550000000000000000e+02 1.641746741105752392e+02 6.386403071922835295e+01
2.550000000000000000e+02 1.644138926749143650e+02 6.402923394142727886e+01
2.550000000000000000e+02 1.643767954497798200e+02 6.380513909275180140e+01
2.550000000000000000e+02 1.637379254910183874e+02 6.357413765988676602e+01
2.550000000000000000e+02 1.634010056266163531e+02 6.342849654015516592e+01
2.550000000000000000e+02 1.626160970154469965e+02 6.307809988117704592e+01
2.550000000000000000e+02 1.625249178723701675e+02 6.297385458167330796e+01
2.550000000000000000e+02 1.624336644649472419e+02 6.294898039421262581e+01
2.550000000000000000e+02 1.626079454113371128e+02 6.297850265604249387e+01
2.550000000000000000e+02 1.628569275529461038e+02 6.334214457957643418e+01
2.550000000000000000e+02 1.628915827916404453e+02 6.317182585447682897e+01
2.550000000000000000e+02 1.632568061088977345e+02 6.338281086181589785e+01
2.550000000000000000e+02 1.631236938212064160e+02 6.325570961766967315e+01
2.550000000000000000e+02 1.626596770811490842e+02 6.307255626616341715e+01
2.550000000000000000e+02 1.616861719787516734e+02 6.262117320192912473e+01
2.550000000000000000e+02 1.610839755015027492e+02 6.230064391556580716e+01
2.550000000000000000e+02 1.613778482560984173e+02 6.255032938421751254e+01
2.550000000000000000e+02 1.615825513734535548e+02 6.263760309638638546e+01
2.550000000000000000e+02 1.617938247011952058e+02 6.277213951212693388e+01
2.550000000000000000e+02 1.631392805969105950e+02 6.353435381281889960e+01
2.550000000000000000e+02 1.631410978891451862e+02 6.347436569511427962e+01
2.550000000000000000e+02 1.625797904871741082e+02 6.311364192353393321e+01
2.550000000000000000e+02 1.621525564409030551e+02 6.300253372475012270e+01
2.550000000000000000e+02 1.619582590689872177e+02 6.295220434053260306e+01
2.550000000000000000e+02 1.621983906479345876e+02 6.300912140910043746e+01
2.550000000000000000e+02 1.614174661005102394e+02 6.266544785769203685e+01
2.550000000000000000e+02 1.605349785070245332e+02 6.226293510169846712e+01
2.550000000000000000e+02 1.607367722094079738e+02 6.230487698329488921e+01
2.550000000000000000e+02 1.610482062976165594e+02 6.247110243237575844e+01
2.550000000000000000e+02 1.605341135458167230e+02 6.226794576081638155e+01
2.550000000000000000e+02 1.612487637170615642e+02 6.262968302229678130e+01
2.550000000000000000e+02 1.620216502411406907e+02 6.321057000069895793e+01
2.550000000000000000e+02 1.629819887118193833e+02 6.359275179981827364e+01
2.550000000000000000e+02 1.632336574753617242e+02 6.378599199692457944e+01
2.550000000000000000e+02 1.641416264765499307e+02 6.446988799189207953e+01
2.550000000000000000e+02 1.636391713846368816e+02 6.410698434332843476e+01
2.550000000000000000e+02 1.629550613336129175e+02 6.369676120081079063e+01
2.550000000000000000e+02 1.630700356468861401e+02 6.383431624379674219e+01
2.550000000000000000e+02 1.633646379394701853e+02 6.388884811630670413e+01
2.550000000000000000e+02 1.630072473264835367e+02 6.370047878660795249e+01
2.550000000000000000e+02 1.627127105612637195e+02 6.364538337876563645e+01
2.550000000000000000e+02 1.626059359055008144e+02 6.361254106381491624e+01
2.550000000000000000e+02 1.626848090095757300e+02 6.365943681414692179e+01
2.550000000000000000e+02 1.627717944013419924e+02 6.362897969525407404e+01
2.550000000000000000e+02 1.625880294611029626e+02 6.352406164814426859e+01
2.550000000000000000e+02 1.628407117145453356e+02 6.371202470818480634e+01
2.550000000000000000e+02 1.639018967987698261e+02 6.416669724610331116e+01
2.550000000000000000e+02 1.646224968546865171e+02 6.468099094848675179e+01
2.549999956315090515e+02 1.648697010204794822e+02 6.482698591598517623e+01
2.550000000000000000e+02 1.650903010763961731e+02 6.483965453973578974e+01
2.550000000000000000e+02 1.648010196057873884e+02 6.476319284266442367e+01
2.550000000000000000e+02 1.639152119591808230e+02 6.439231669811979941e+01
2.550000000000000000e+02 1.631804885720276843e+02 6.392585360313133691e+01
2.550000000000000000e+02 1.629400948836234022e+02 6.375486213042566419e+01
2.550000000000000000e+02 1.632911511847347583e+02 6.382958953659048262e+01
2.550000000000000000e+02 1.632850484028797098e+02 6.402736859579226802e+01
2.550000000000000000e+02 1.630593153700985454e+02 6.386557716502411353e+01
2.550000000000000000e+02 1.629750209687565530e+02 6.381142535122667425e+01
2.550000000000000000e+02 1.632872413853358466e+02 6.388440536101209233e+01
2.550000000000000000e+02 1.635189374082616780e+02 6.397060442440763239e+01
2.550000000000000000e+02 1.643666343398336380e+02 6.459873226392674894e+01
2.550000000000000000e+02 1.643619818969735036e+02 6.468159380023764982e+01
2.550000000000000000e+02 1.643443637729782552e+02 6.454025564409030835e+01
2.550000000000000000e+02 1.639066104005032400e+02 6.434251153281610414e+01
2.550000000000000000e+02 1.634253381211994167e+02 6.399605525267351425e+01
2.550000000000000000e+02 1.625437810162857204e+02 6.355277573914867162e+01
2.550000000000000000e+02 1.626072595582581926e+02 6.358037586496120497e+01
2.550000000000000000e+02 1.632307961137904613e+02 6.376393111763472632e+01
2.550000000000000000e+02 1.631600309289159156e+02 6.382561420982735712e+01
2.550000000000000000e+02 1.631296961277696198e+02 6.387638044313972330e+01
2.550000000000000000e+02 1.632700950583630402e+02 6.404195498706926060e+01
2.550000000000000000e+02 1.637939426504508162e+02 6.414453589152162749e+01
2.550000000000000000e+02 1.635344542881107088e+02 6.409532484098693317e+01
2.550000000000000000e+02 1.636190632208009959e+02 6.410901569161948998e+01
2.550000000000000000e+02 1.633174145523170466e+02 6.408430750681485222e+01
2.550000000000000000e+02 1.631554134339833695e+02 6.393822953798839848e+01
2.550000000000000000e+02 1.632284633396239713e+02 6.389364908785908881e+01
2.550000000000000000e+02 1.633137013350108475e+02 6.389492468721604723e+01
2.550000000000000000e+02 1.633150468302229683e+02 6.388842000419375466e+01
2.550000000000000000e+02 1.632320192912560231e+02 6.387331813098483480e+01
2.550000000000000000e+02 1.631554745928566490e+02 6.385219647724889569e+01
2.550000000000000000e+02 1.633931598168728669e+02 6.394223981267910517e+01
2.550000000000000000e+02 1.636379045222618345e+02 6.412845110784930114e+01
2.550000000000000000e+02 1.646483408471377743e+02 6.471789159152862680e+01
2.550000000000000000e+02 1.658921332214999609e+02 6.542534685818131379e+01
2.550000000000000000e+02 1.652171838959949639e+02 6.502093817711609347e+01
2.550000000000000000e+02 1.651365633955406338e+02 6.498771580345285770e+01
2.550000000000000000e+02 1.647075994268539887e+02 6.495392115747536366e+01
2.550000000000000000e+02 1.642364358356049365e+02 6.450816034109176655e+01
2.550000000000000000e+02 1.633440623471028061e+02 6.423013210316628374e+01
2.550000000000000000e+02 1.626235016076046804e+02 6.371710526315789735e+01
2.550000000000000000e+02 1.622126144544628517e+02 6.344393478716712309e+01
2.550000000000000000e+02 1.625092175159012982e+02 6.359996417837422200e+01
2.550000000000000000e+02 1.633694738589501583e+02 6.405185835604949318e+01
2.550000000000000000e+02 1.644814251764870221e+02 6.484263821905361169e+01
2.550000000000000000e+02 1.657557664080520112e+02 6.544177675263857452e+01
2.550000000000000000e+02 1.660324797302019988e+02 6.567912123436080662e+01
2.550000000000000000e+02 1.652752848256098446e+02 6.520727615852379699e+01
2.550000000000000000e+02 1.649477222688194615e+02 6.498413800936604900e+01
2.550000000000000000e+02 1.645814767246802148e+02 6.473809149367443183e+01
2.550000000000000000e+02 1.634691104005032400e+02 6.419927745159712629e+01
2.549999781575452573e+02 1.641402897183197069e+02 6.461780072691689725e+01
2.550000000000000000e+02 1.649012415251275741e+02 6.494227476060669346e+01
2.550000000000000000e+02 1.661015368351156667e+02 6.566892080799608777e+01
2.550000000000000000e+02 1.665263376319284134e+02 6.585337160131403778e+01
2.550000000000000000e+02 1.661287219542881246e+02 6.569241892080799516e+01
2.550000000000000000e+02 1.660313220801006366e+02 6.560388708324596507e+01
2.550000000000000000e+02 1.660753171524428637e+02 6.563284144125253761e+01
2.550000000000000000e+02 1.654621644998951524e+02 6.536599654015516592e+01
2.550000000000000000e+02 1.653923341720835936e+02 6.526508876773607426e+01
2.550000000000000000e+02 1.656645872649751823e+02 6.540453536730271367e+01
2.550000000000000000e+02 1.650780212483399794e+02 6.508507199273083188e+01
2.550000000000000000e+02 1.649237829384217378e+02 6.489719193401830921e+01
2.550000000000000000e+02 1.657850484028797098e+02 6.553713654155308177e+01
2.550000000000000000e+02 1.660281199762354163e+02 6.569366394072831383e+01
2.550000000000000000e+02 1.663041124973788953e+02 6.587064461452435182e+01
2.550000000000000000e+02 1.668693515412035993e+02 6.612073198434332255e+01
2.550000000000000000e+02 1.675298455301600598e+02 6.653612305165303553e+01
2.550000000000000000e+02 1.677145890123715617e+02 6.669807174809534445e+01
2.550000000000000000e+02 1.682833534283917061e+02 6.691429894457259309e+01
2.550000000000000000e+02 1.690038267980708611e+02 6.738572027678758047e+01
2.550000000000000000e+02 1.695461531068707757e+02 6.753529740686377636e+01
2.550000000000000000e+02 1.692406732718249884e+02 6.734914727056685990e+01
2.550000000000000000e+02 1.682518959250716364e+02 6.688836321381141659e+01
2.550000000000000000e+02 1.675070114279723157e+02 6.641710351576151083e+01
2.550000000000000000e+02 1.665641207101418786e+02 6.593699762354091831e+01
2.550000000000000000e+02 1.659016652687495537e+02 6.544943908576220792e+01
2.550000000000000000e+02 1.665414220311735392e+02 6.580448818760046947e+01
2.550000000000000000e+02 1.675186359823862574e+02 6.629740249528202867e+01
2.550000000000000000e+02 1.676395077584399189e+02 6.626615031103655440e+01
2.550000000000000000e+02 1.671684795904102998e+02 6.612241385335849486e+01
2.550000000000000000e+02 1.654863921506954512e+02 6.511131788634934026e+01
2.550000000000000000e+02 1.643776691479695273e+02 6.477084643880617421e+01
2.550000000000000000e+02 1.630705860767456556e+02 6.412268906828825266e+01
2.550000000000000000e+02 1.611051321031662837e+02 6.288518295240092471e+01
2.550000000000000000e+02 1.609095460264206281e+02 6.287445830712238859e+01
2.550000000000000000e+02 1.615163599986020699e+02 6.318122684699797276e+01
2.550000000000000000e+02 1.629425543440273998e+02 6.408726497518696874e+01
2.550000000000000000e+02 1.640720407842314899e+02 6.467313640176136857e+01
2.550000000000000000e+02 1.641134671838960060e+02 6.469861780946389729e+01
2.550000000000000000e+02 1.652055768155448447e+02 6.538012423988257638e+01
2.550000000000000000e+02 1.661938343118752925e+02 6.603181135108688693e+01
2.550000000000000000e+02 1.669264651918641107e+02 6.640392814706088132e+01
2.550000000000000000e+02 1.682238108967638084e+02 6.723735321870412918e+01
2.550000000000000000e+02 1.676377996784790696e+02 6.683965890822673828e+01
2.550000000000000000e+02 1.663676565667155955e+02 6.625200950583629833e+01
2.550000000000000000e+02 1.664578396938561582e+02 6.619418815964213820e+01
2.550000000000000000e+02 1.652058258195289113e+02 6.558445603550708825e+01
2.550000000000000000e+02 1.663078562941217626e+02 6.609274306283637657e+01
2.550000000000000000e+02 1.686908200531208593e+02 6.745387310407492976e+01
2.550000000000000000e+02 1.694781269658209339e+02 6.782522104564199594e+01
2.550000000000000000e+02 1.700769378625847423e+02 6.809409729503040865e+01
2.550000000000000000e+02 1.689948014957712985e+02 6.757542199622562862e+01
2.550000000000000000e+02 1.679326946599566668e+02 6.687603533235478892e+01
2.550000000000000000e+02 1.665189723561892663e+02 6.598163049556161752e+01
2.550000000000000000e+02 1.659625489270986236e+02 6.570212133920458086e+01
2.550000000000000000e+02 1.645216502411406907e+02 6.498393705878241633e+01
2.550000000000000000e+02 1.635293912071014120e+02 6.440224190955476047e+01
2.550000000000000000e+02 1.641788634933948288e+02 6.461040924023205889e+01
2.550000000000000000e+02 1.638690457468372017e+02 6.454077986300411851e+01
2.550000000000000000e+02 1.641082774166492015e+02 6.474163433983365223e+01
2.550000000000000000e+02 1.643072578108618131e+02 6.480049538687356403e+01
2.550000000000000000e+02 1.650034336338855212e+02 6.538577269867896291e+01
2.550000000000000000e+02 1.651182069965751111e+02 6.546395994967498666e+01
2.550000000000000000e+02 1.645171769064094462e+02 6.510912490389320340e+01
2.550000000000000000e+02 1.627101025721674716e+02 6.413990965960718427e+01
2.550000000000000000e+02 1.623525677989795213e+02 6.394987593485706157e+01
2.550000000000000000e+02 1.615428505277137106e+02 6.339665897812259487e+01
2.550000000000000000e+02 1.616890508142867020e+02 6.349354773886908276e+01
2.550000000000000000e+02 1.626940876843503077e+02 6.400660078982316747e+01
2.550000000000000000e+02 1.643260685328860120e+02 6.509017439015866557e+01
2.550000000000000000e+02 1.650994093800237579e+02 6.538986160620675037e+01
2.550000000000000000e+02 1.661081550989026425e+02 6.603379027748654551e+01
2.550000000000000000e+02 1.658502612357587225e+02 6.584021370657720240e+01
2.550000000000000000e+02 1.659051251135807661e+02 6.585849584119661415e+01
2.550000000000000000e+02 1.656849793807227229e+02 6.579794418815964718e+01
2.550000000000000000e+02 1.655198635283427677e+02 6.568693646466763880e+01
2.550000000000000000e+02 1.653085290417278372e+02 6.561690518627244728e+01
2.550000000000000000e+02 1.650166657929684675e+02 6.533643059341581250e+01
2.550000000000000000e+02 1.654785376039700964e+02 6.552569109526804425e+01
2.550000000000000000e+02 1.658834573984762812e+02 6.582048996994478784e+01
2.550000000000000000e+02 1.656405518277766191e+02 6.570738973928845894e+01
2.550000000000000000e+02 1.650561569511428104e+02 6.552689679876982609e+01
2.550000000000000000e+02 1.642567798979520433e+02 6.509619417068567770e+01
2.550000000000000000e+02 1.633767867127979230e+02 6.450368700636052210e+01
2.550000000000000000e+02 1.622454130845040936e+02 6.390918781016285521e+01
2.550000000000000000e+02 1.628306205004543301e+02 6.415727877961836612e+01
2.550000000000000000e+02 1.636090113231285272e+02 6.464887817152443006e+01
2.550000000000000000e+02 1.653496845949535157e+02 6.564720940798210336e+01
2.550000000000000000e+02 1.658343424547424263e+02 6.586502236667365651e+01
2.550000000000000000e+02 1.668371077095128214e+02 6.651978926399664260e+01
2.550000000000000000e+02 1.673090707346054273e+02 6.674954130845040368e+01
2.550000000000000000e+02 1.673003687006360565e+02 6.661960928216956290e+01
2.550000000000000000e+02 1.671569249318515347e+02 6.651435922974768289e+01
2.550000000000000000e+02 1.672979485566505957e+02 6.653367232823093502e+01
2.550000000000000000e+02 1.676758142867128072e+02 6.668628119102537255e+01
2.550000000000000000e+02 1.687849217166422022e+02 6.736020828964842622e+01
2.550000000000000000e+02 1.691371924582372230e+02 6.746490791221080485e+01
2.549999868945271544e+02 1.686514424757111783e+02 6.731069581323826867e+01
2.549999956315090515e+02 1.689631211994128819e+02 6.741314129447123094e+01
2.550000000000000000e+02 1.690902923394142761e+02 6.739085762214300246e+01
2.550000000000000000e+02 1.685212701824281680e+02 6.712417435521074083e+01
2.550000000000000000e+02 1.684028054448871217e+02 6.706011043545117900e+01
2.550000000000000000e+02 1.684266180890473095e+02 6.705274079122108333e+01
2.550000000000000000e+02 1.678740520374641676e+02 6.666802963584260056e+01
2.550000000000000000e+02 1.673022340462710531e+02 6.642965855874746239e+01
2.550000000000000000e+02 1.676568069825959242e+02 6.654771702663032329e+01
2.550000000000000000e+02 1.672791902565177793e+02 6.627545956524778603e+01
2.550000000000000000e+02 1.670608574474033787e+02 6.624955004543230075e+01
2.550000000000000000e+02 1.668145051373453498e+02 6.602687495631509762e+01
2.550000000000000000e+02 1.662072237366324146e+02 6.578480813587754028e+01
2.550000000000000000e+02 1.662848824002236654e+02 6.566385772698679091e+01
2.550000000000000000e+02 1.664645584329349219e+02 6.588671629272384678e+01
2.550000000000000000e+02 1.668092629482071629e+02 6.602962273712168439e+01
2.550000000000000000e+02 1.676721403858251165e+02 6.668782763682114023e+01
2.550000000000000000e+02 1.682420449779828004e+02 6.692839606486334958e+01
2.550000000000000000e+02 1.686486815894317601e+02 6.715699919619765978e+01
2.550000000000000000e+02 1.688827147550150301e+02 6.730210736003354555e+01
2.550000000000000000e+02 1.695351270357167834e+02 6.777776175997763630e+01
2.550000000000000000e+02 1.699861300412385674e+02 6.795183738729294021e+01
2.550000000000000000e+02 1.698542758789403706e+02 6.776715069546375503e+01
2.550000000000000000e+02 1.699721465017124444e+02 6.787686534563501084e+01
2.550000000000000000e+02 1.686659327601873315e+02 6.720869591808205712e+01
2.550000000000000000e+02 1.662121819738589465e+02 6.580364506884741616e+01
2.550000000000000000e+02 1.645758675823023793e+02 6.494398720905850553e+01
2.550000000000000000e+02 1.649102100370448056e+02 6.511129604389459757e+01
2.550000000000000000e+02 1.655494382120640182e+02 6.554543230586426716e+01
2.550000000000000000e+02 1.668768697141259452e+02 6.632123698189697336e+01
2.550000000000000000e+02 1.689156444397847281e+02 6.736013839379324963e+01
2.550000000000000000e+02 1.706672957293632464e+02 6.847666352135318846e+01
2.550000000000000000e+02 1.711581393723352278e+02 6.865385825120570473e+01
2.550000000000000000e+02 1.714177762633675854e+02 6.881771597819249564e+01
2.550000000000000000e+02 1.714457302369469573e+02 6.877060617180401891e+01
2.550000000000000000e+02 1.714686473404627236e+02 6.877799328999790873e+01
2.550000000000000000e+02 1.713432585447683039e+02 6.873437390787726997e+01
2.550000000000000000e+02 1.712025712937722801e+02 6.870447595582581357e+01
2.550000000000000000e+02 1.710055872999231212e+02 6.852319668693645838e+01
2.550000000000000000e+02 1.712996478996295480e+02 6.869795379883973396e+01
2.550000000000000000e+02 1.714750122317746559e+02 6.876879761655133905e+01
2.550000000000000000e+02 1.720421166212343564e+02 6.906720486475151688e+01
2.550000000000000000e+02 1.722207005312085073e+02 6.905678164534843688e+01
2.550000000000000000e+02 1.719327732927937404e+02 6.894324893408820287e+01
2.550000000000000000e+02 1.710333359544279119e+02 6.842910376039701248e+01
2.550000000000000000e+02 1.697902993289997937e+02 6.777551635563011700e+01
2.550000000000000000e+02 1.683075242888096739e+02 6.704506098413364157e+01
2.550000000000000000e+02 1.679607141609002667e+02 6.674052474313273819e+01
2.550000000000000000e+02 1.682030081428671338e+02 6.684137135667855034e+01
2.550000000000000000e+02 1.683384488362340221e+02 6.706349601593625209e+01
2.550000000000000000e+02 1.686781776403159370e+02 6.715624781575452573e+01
2.550000000000000000e+02 1.697430366254281182e+02 6.782294506185783689e+01
2.550000000000000000e+02 1.715147218144963972e+02 6.881574578877471993e+01
2.550000000000000000e+02 1.723000279583420706e+02 6.920676941357378098e+01
2.550000000000000000e+02 1.726627874467044137e+02 6.943444642482700147e+01
2.550000000000000000e+02 1.725718966240301881e+02 6.915779863004124195e+01
2.550000000000000000e+02 1.715866970713636590e+02 6.880791745299504214e+01
2.550000000000000000e+02 1.705009523310267809e+02 6.807954148319004162e+01
2.550000000000000000e+02 1.701493237576011666e+02 6.795756884741734893e+01
2.550000000000000000e+02 1.701393417557838745e+02 6.781623505976095601e+01
2.550000000000000000e+02 1.711705284126651350e+02 6.843421489480674325e+01
2.550000000000000000e+02 1.709109133640875200e+02 6.832168693646467261e+01
2.550000000000000000e+02 1.714866367861885692e+02 6.860251974557908738e+01
2.550000000000000000e+02 1.711147777311805385e+02 6.837070577339763133e+01
2.550000000000000000e+02 1.709387319144474873e+02 6.821335272943314010e+01
2.550000000000000000e+02 1.708314155658069353e+02 6.823176591878102215e+01
2.550000000000000000e+02 1.707493359893758225e+02 6.814043387852100864e+01
2.550000000000000000e+02 1.707875122317746559e+02 6.810587037813657219e+01
2.550000000000000000e+02 1.702771239602991500e+02 6.780408191794226980e+01
2.550000000000000000e+02 1.708866376598867589e+02 6.822118106521283210e+01
2.550000000000000000e+02 1.715059542531627983e+02 6.873142080799608777e+01
2.550000000000000000e+02 1.718400520724121066e+02 6.879077986300411851e+01
2.550000000000000000e+02 1.721572700426364690e+02 6.888773415111484155e+01
2.550000000000000000e+02 1.721515211085482520e+02 6.894340619976235018e+01
2.550000000000000000e+02 1.714567781505556638e+02 6.859626406654085429e+01
2.550000000000000000e+02 1.703208350807297222e+02 6.794747763332634349e+01
2.550000000000000000e+02 1.691334006080939503e+02 6.728011637659886901e+01
2.550000000000000000e+02 1.687702960089466728e+02 6.705448818760046947e+01
2.550000000000000000e+02 1.684114550569651101e+02 6.684943122247850056e+01
2.550000000000000000e+02 1.682025101348990006e+02 6.672468459495351567e+01
2.550000000000000000e+02 1.682067126231914358e+02 6.676038827147550592e+01
2.550000000000000000e+02 1.689484168588802788e+02 6.724906077444607888e+01
2.550000000000000000e+02 1.694806606905710566e+02 6.746042584049766333e+01
2.550000000000000000e+02 1.692691907807366931e+02 6.739582459635143152e+01
2.550000000000000000e+02 1.693207739218564427e+02 6.740002708464388093e+01
2.550000000000000000e+02 1.685484290906549347e+02 6.704271947298525447e+01
2.550000000000000000e+02 1.679293352904172707e+02 6.675168623750612085e+01
2.550000000000000000e+02 1.677656872509960237e+02 6.653829856014537825e+01
2.550000000000000000e+02 1.685602152792339439e+02 6.695461137904521820e+01
2.550000000000000000e+02 1.690648764590759754e+02 6.743692335919479319e+01
2.550000000000000000e+02 1.700356905710491446e+02 6.803559446424827684e+01
2.550000000000000000e+02 1.702354310826868016e+02 6.818354214720066864e+01
2.550000000000000000e+02 1.691403334032291923e+02 6.756319895855175162e+01
2.550000000000000000e+02 1.682838994897602447e+02 6.712863895296008820e+01
2.550000000000000000e+02 1.665553837282449194e+02 6.623403753407423267e+01
2.550000000000000000e+02 1.643488240022366540e+02 6.494410515831411601e+01
2.550000000000000000e+02 1.618473911372055625e+02 6.361705808345565316e+01
2.550000000000000000e+02 1.614658209268190490e+02 6.349016652687495821e+01
2.550000000000000000e+02 1.613406418186901590e+02 6.330845914587264645e+01
2.550000000000000000e+02 1.617157772419095636e+02 6.376256814845879717e+01
2.550000000000000000e+02 1.627315955476340150e+02 6.440574107080449551e+01
2.550000000000000000e+02 1.633914298944572465e+02 6.452442423289298290e+01
2.550000000000000000e+02 1.640513428741175517e+02 6.502846071852938792e+01
2.550000000000000000e+02 1.640834032291885194e+02 6.515254770392115802e+01
2.550000000000000000e+02 1.643183843573076217e+02 6.498550971552387523e+01
2.550000000000000000e+02 1.657976558677570438e+02 6.593898091843153964e+01
2.550000000000000000e+02 1.661946643251555145e+02 6.621222565876843191e+01
2.550000000000000000e+02 1.665662263227790731e+02 6.630544925560914749e+01
2.550000000000000000e+02 1.685657239463199915e+02 6.759506710002096952e+01
2.550000000000000000e+02 1.687160087719298360e+02 6.762797931082687342e+01
2.550000000000000000e+02 1.684822115048577587e+02 6.744763926749143934e+01
2.550000000000000000e+02 1.679931807856294199e+02 6.722776874956315396e+01
2.550000000000000000e+02 1.676618744320961696e+02 6.700525529461103247e+01
2.550000000000000000e+02 1.675263507374012590e+02 6.690123715663661130e+01
2.550000000000000000e+02 1.680887502621094427e+02 6.720334014817920831e+01
2.550000000000000000e+02 1.693030946389879148e+02 6.786349776333263151e+01
2.550000000000000000e+02 1.708127358985112210e+02 6.873412927238415193e+01
2.550000000000000000e+02 1.711894221360173276e+02 6.881792129726707685e+01
2.550000000000000000e+02 1.710562006360522957e+02 6.886106451387432514e+01
2.550000000000000000e+02 1.697818812469420493e+02 6.825616830921926237e+01
2.550000000000000000e+02 1.670515263507373902e+02 6.662865205843293381e+01
2.550000000000000000e+02 1.658156322080100722e+02 6.598544418815964718e+01
2.550000000000000000e+02 1.643734404487314009e+02 6.514639686866568979e+01
2.550000000000000000e+02 1.629284746977004374e+02 6.447471517439015543e+01
2.550000000000000000e+02 1.645224322010204787e+02 6.515617355140840061e+01
2.550000000000000000e+02 1.663509820367652310e+02 6.634130146082337376e+01
2.550000000000000000e+02 1.674952732927937404e+02 6.703751223177465590e+01
2.550000000000000000e+02 1.695022716152932105e+02 6.828116044593555500e+01
2.550000000000000000e+02 1.710327287341860654e+02 6.907250384427203471e+01
2.550000000000000000e+02 1.713876817292234591e+02 6.915758020549381513e+01
2.550000000000000000e+02 1.716205616131963438e+02 6.932599426853987268e+01
2.550000000000000000e+02 1.719297677710211758e+02 6.940649681973859231e+01
2.550000000000000000e+02 1.720588086251485151e+02 6.958603742923044422e+01
2.550000000000000000e+02 1.709656287132173134e+02 6.892070315230306221e+01
2.550000000000000000e+02 1.698794296498217591e+02 6.821792217096526656e+01
2.550000000000000000e+02 1.692497903124344703e+02 6.787298175718180460e+01
2.550000000000000000e+02 1.686036337107709642e+02 6.746914534843084255e+01
2.550000000000000000e+02 1.684071783043265498e+02 6.724326815544837643e+01
2.550000000000000000e+02 1.693875375690221574e+02 6.789957713007618167e+01
2.550000000000000000e+02 1.711274813028587403e+02 6.871067047599076716e+01
2.550000000000000000e+02 1.715920572097574563e+02 6.900379185014328698e+01
2.550000000000000000e+02 1.716518705878241349e+02 6.896575976794575524e+01
2.550000000000000000e+02 1.706311770462011737e+02 6.845902355490319735e+01
2.550000000000000000e+02 1.687321809254211189e+02 6.731768976724680442e+01
2.550000000000000000e+02 1.670637493884112814e+02 6.655796113790452750e+01
2.550000000000000000e+02 1.655651342000419390e+02 6.566322866429020166e+01
2.550000000000000000e+02 1.648267369120011097e+02 6.523776822534424014e+01
2.550000000000000000e+02 1.649640123715663549e+02 6.542616813447962443e+01
2.550000000000000000e+02 1.653567266023624711e+02 6.567213601733416795e+01
2.550000000000000000e+02 1.676539456210246612e+02 6.711926417138464274e+01
2.550000000000000000e+02 1.681633029286363410e+02 6.735848710421471708e+01
2.550000000000000000e+02 1.688069301740406729e+02 6.769633745718878970e+01
2.550000000000000000e+02 1.699550875445586087e+02 6.831187093730342497e+01
2.550000000000000000e+02 1.705442003914167799e+02 6.857801251135808229e+01
2.550000000000000000e+02 1.703469936045292457e+02 6.847189749772837786e+01
2.550000000000000000e+02 1.705880469350667568e+02 6.854434892010904434e+01
2.550000000000000000e+02 1.700866490179632251e+02 6.834214894806737561e+01
2.550000000000000000e+02 1.706773607325085607e+02 6.863702645558117865e+01
2.550000000000000000e+02 1.712639879080170431e+02 6.907919200391417291e+01
2.550000000000000000e+02 1.739650083875026212e+02 7.044060162857343244e+01
2.550000000000000000e+02 1.751206096665967777e+02 7.106461434961906320e+01
2.550000000000000000e+02 1.753736282938421880e+02 7.112704445376388662e+01
2.550000000000000000e+02 1.749233548263088096e+02 7.097759400992521250e+01
2.550000000000000000e+02 1.728452811560774478e+02 6.984930016775005868e+01
2.550000000000000000e+02 1.720961854337037948e+02 6.937955196756831810e+01
2.550000000000000000e+02 1.710871557629132553e+02 6.875920004193751822e+01
2.550000000000000000e+02 1.705502813308170857e+02 6.850986405256168155e+01
2.550000000000000000e+02 1.709378407422939858e+02 6.872922782553995091e+01
2.550000000000000000e+02 1.711050665758020557e+02 6.878514887817152612e+01
2.550000000000000000e+02 1.706138996644998826e+02 6.868260729013769605e+01
2.550000000000000000e+02 1.704708534283917061e+02 6.850352974068637479e+01
2.550000000000000000e+02 1.688184629901446954e+02 6.760269011672608030e+01
2.550000000000000000e+02 1.667106661074998328e+02 6.640511200810792047e+01
2.550000000000000000e+02 1.663922948556650567e+02 6.617022261829873742e+01
2.550000000000000000e+02 1.659135431956385105e+02 6.595934245474244051e+01
2.550000000000000000e+02 1.677701343747815770e+02 6.695282029775634669e+01
2.550000000000000000e+02 1.697459722513455063e+02 6.801398790801705729e+01
2.550000000000000000e+02 1.702554038233032827e+02 6.835956175298804283e+01
2.550000000000000000e+02 1.707158340322918946e+02 6.879556336059272326e+01
2.550000000000000000e+02 1.706870369399594551e+02 6.868946582092681297e+01
2.550000000000000000e+02 1.706437626686237365e+02 6.857201457328579863e+01
2.550000000000000000e+02 1.698510169846928193e+02 6.821288093241071238e+01
2.550000000000000000e+02 1.686750847487244016e+02 6.761326623331235908e+01
2.550000000000000000e+02 1.683154443628992851e+02 6.729696564618717503e+01
2.550000000000000000e+02 1.676275817781505566e+02 6.690426888935486716e+01
2.550000000000000000e+02 1.674481765918781093e+02 6.679251415391067326e+01
2.550000000000000000e+02 1.686268959250716364e+02 6.745915460963165344e+01
2.550000000000000000e+02 1.690828615363109009e+02 6.768544680925421630e+01
2.550000000000000000e+02 1.693421227371216844e+02 6.786545047878661308e+01
2.550000000000000000e+02 1.695740197106311484e+02 6.806018033130635558e+01
2.550000000000000000e+02 1.693178470329209517e+02 6.799022331725728918e+01
2.550000000000000000e+02 1.685818698888655831e+02 6.750926120081079773e+01
2.550000000000000000e+02 1.661233792898581214e+02 6.604006343048857275e+01
2.550000000000000000e+02 1.647790548332983747e+02 6.533665338645418785e+01
2.550000000000000000e+02 1.643430750681484653e+02 6.521716205354022122e+01
2.550000000000000000e+02 1.644662446704410570e+02 6.524807786398267240e+01
2.550000000000000000e+02 1.644260501852240282e+02 6.531199325504996978e+01
2.550000000000000000e+02 1.644620465506395419e+02 6.523499423359194793e+01
2.550000000000000000e+02 1.649428514014119003e+02 6.552304378975327381e+01
2.549999825260362059e+02 1.654799486265464452e+02 6.577210019570838995e+01
2.550000000000000000e+02 1.655150843992451257e+02 6.585670039141679410e+01
2.550000000000000000e+02 1.668381736213042643e+02 6.662525774096596365e+01
2.550000000000000000e+02 1.674576911651639080e+02 6.704617931781645268e+01
2.550000000000000000e+02 1.672089492905570580e+02 6.679320000698957926e+01
2.550000000000000000e+02 1.664871347941567024e+02 6.652021737610959917e+01
2.550000000000000000e+02 1.662419095547633958e+02 6.630145208639127929e+01
2.550000000000000000e+02 1.666250567903823310e+02 6.657872457538267952e+01
2.550000000000000000e+02 1.665499100090864601e+02 6.646354494303487570e+01
2.550000000000000000e+02 1.661431292374362272e+02 6.630866883343817619e+01
2.550000000000000000e+02 1.656465235549031831e+02 6.592975029705738166e+01
2.550000000000000000e+02 1.656244714125952271e+02 6.590163468931292812e+01
2.550000000000000000e+02 1.639713295939050681e+02 6.515823984762702992e+01
2.550000000000000000e+02 1.628101934367792012e+02 6.453587841615991749e+01
2.550000000000000000e+02 1.640138437478157414e+02 6.522415163905780844e+01
2.550000000000000000e+02 1.653789272733626774e+02 6.600019221360173560e+01
2.550000000000000000e+02 1.664790006640106128e+02 6.656886052282099797e+01
2.549999956315090515e+02 1.683623794296498204e+02 6.769065405046480066e+01
2.550000000000000000e+02 1.682014049066890209e+02 6.754735007339064623e+01
2.550000000000000000e+02 1.668629560704550272e+02 6.667616376598867589e+01
2.550000000000000000e+02 1.656449596351436355e+02 6.598861134409729345e+01
2.550000000000000000e+02 1.654289508632137995e+02 6.578298647515202902e+01
2.550000000000000000e+02 1.658238274970294128e+02 6.610179457608164455e+01
2.550000000000000000e+02 1.664657335570000782e+02 6.646286345844691823e+01
2.550000000000000000e+02 1.672537088488152790e+02 6.681097976514992354e+01
2.550000000000000000e+02 1.692549101838260981e+02 6.793300045432306433e+01
2.550000000000000000e+02 1.716603716712099015e+02 6.919659082966380481e+01
2.550000000000000000e+02 1.727903124344726393e+02 6.997378905430907992e+01
2.550000000000000000e+02 1.726337937722792901e+02 6.974501118333682825e+01
2.550000000000000000e+02 1.706543912071014120e+02 6.874769780527014973e+01
2.550000000000000000e+02 1.687201238904033005e+02 6.769039194100790269e+01
2.550000000000000000e+02 1.669405229957363588e+02 6.656089676382190135e+01
2.550000000000000000e+02 1.665264774236387666e+02 6.632806056475851619e+01
2.550000000000000000e+02 1.673104686517089590e+02 6.678097260082476794e+01
2.550000000000000000e+02 1.677925316278744674e+02 6.715649681973859231e+01
2.550000000000000000e+02 1.680310556021528043e+02 6.713461504857761497e+01
2.550000000000000000e+02 1.680968013909275101e+02 6.730561525826519187e+01
2.550000000000000000e+02 1.670621461522331686e+02 6.679296410847837251e+01
2.550000000000000000e+02 1.654769693157195718e+02 6.585422782553995091e+01
2.550000000000000000e+02 1.652771021178444073e+02 6.566437757740965253e+01
2.550000000000000000e+02 1.646641460473893801e+02 6.531561036555532951e+01
2.550000000000000000e+02 1.638106739707835402e+02 6.482554431397218764e+01
2.550000000000000000e+02 1.636445358915216275e+02 6.484805951632068854e+01
2.550000000000000000e+02 1.638054798350457872e+02 6.496018994198644236e+01
2.550000000000000000e+02 1.637333822604319664e+02 6.490708219752568198e+01
2.550000000000000000e+02 1.645251144544628517e+02 6.533228926399664260e+01
2.550000000000000000e+02 1.648203370727615891e+02 6.560157178304326919e+01
2.550000000000000000e+02 1.651464230796113668e+02 6.575389232543510332e+01
2.550000000000000000e+02 1.656938212064024469e+02 6.610714597749353061e+01
2.550000000000000000e+02 1.656821311246243056e+02 6.611755172293283067e+01
2.550000000000000000e+02 1.661683092192633069e+02 6.626611536310896611e+01
2.550000000000000000e+02 1.666118333682812533e+02 6.659196110295658855e+01
2.550000000000000000e+02 1.676424433843573070e+02 6.718424110575243446e+01
2.550000000000000000e+02 1.680209381771161077e+02 6.741939697350946403e+01
2.550000000000000000e+02 1.676467725588872497e+02 6.714934560005592346e+01
2.550000000000000000e+02 1.670865529111623573e+02 6.679960858321101114e+01
2.550000000000000000e+02 1.659435328859998720e+02 6.628812382050745100e+01
2.550000000000000000e+02 1.642535297406863890e+02 6.531297179702244193e+01
2.550000000000000000e+02 1.634099217166422022e+02 6.486548542671420137e+01
2.550000000000000000e+02 1.622390831411197212e+02 6.440158663591249422e+01
2.550000000000000000e+02 1.598460019570839563e+02 6.307097924093100971e+01
2.550000000000000000e+02 1.600226025721674716e+02 6.318000803802334531e+01
2.550000000000000000e+02 1.622697193681414660e+02 6.449752743412315681e+01
2.550000000000000000e+02 1.635200732159082975e+02 6.516638708324596507e+01
2.550000000000000000e+02 1.660897593835185546e+02 6.656995264555811787e+01
2.550000000000000000e+02 1.673635501852240282e+02 6.729045222618299249e+01
2.550000000000000000e+02 1.662208796393373973e+02 6.663469368141468863e+01
2.550000000000000000e+02 1.658570848186202511e+02 6.634671838959950207e+01
2.550000000000000000e+02 1.655867058083455561e+02 6.606684228000280257e+01
2.550000000000000000e+02 1.661299320262808408e+02 6.648798664989166696e+01
2.550000000000000000e+02 1.646370745089816126e+02 6.574952820297755807e+01
2.550000000000000000e+02 1.618918405326064089e+02 6.422078353253651528e+01
2.550000000000000000e+02 1.614442362130425579e+02 6.400836129167539923e+01
2.550000000000000000e+02 1.645189592507164207e+02 6.555326064164394495e+01
2.550000000000000000e+02 1.675045170196407298e+02 6.710427587894038481e+01
2.550000000000000000e+02 1.697057122387642494e+02 6.841732630879988619e+01
2.550000000000000000e+02 1.727104651569162002e+02 7.025036695323967706e+01
2.550000000000000000e+02 1.732986693576571042e+02 7.052034843083805526e+01
2.550000000000000000e+02 1.702958953659048120e+02 6.905478524498496995e+01
2.550000000000000000e+02 1.665636794925561048e+02 6.678693122247850056e+01
2.550000000000000000e+02 1.612273362689592489e+02 6.399939714824910908e+01
2.550000000000000000e+02 1.592565352624589252e+02 6.279001974557908738e+01
2.550000000000000000e+02 1.602177605368001707e+02 6.327427570420073977e+01
2.550000000000000000e+02 1.629888865590270370e+02 6.487464178374222001e+01
2.550000000000000000e+02 1.638451763122946829e+02 6.527739480673795924e+01
2.550000000000000000e+02 1.642786223526944980e+02 6.579039106730971298e+01
2.550000000000000000e+02 1.646836295170196536e+02 6.600281767666177757e+01
2.550000000000000000e+02 1.647224479275878934e+02 6.603222198923603514e+01
2.550000000000000000e+02 1.649789307681554362e+02 6.603119539386314329e+01
2.550000000000000000e+02 1.667419357657090870e+02 6.708360417977213785e+01
2.550000000000000000e+02 1.675591056825330156e+02 6.746621845949535157e+01
2.550000000000000000e+02 1.682362873069126863e+02 6.791332040260012093e+01
2.550000000000000000e+02 1.679406059970643810e+02 6.794211312644159761e+01
2.550000000000000000e+02 1.668925962815405057e+02 6.740249091353882704e+01
2.550000000000000000e+02 1.666359692807716613e+02 6.713764678129587082e+01
2.549999956315090515e+02 1.671444528901936053e+02 6.723275756622632571e+01
2.550000000000000000e+02 1.681063378066680514e+02 6.798726148039420991e+01
2.550000000000000000e+02 1.690684236737261585e+02 6.829110749982525874e+01
2.550000000000000000e+02 1.692814050814286588e+02 6.853557699028448269e+01
2.550000000000000000e+02 1.703825574893408827e+02 6.920281156077444962e+01
2.550000000000000000e+02 1.701800255119871395e+02 6.906147340462710815e+01
2.550000000000000000e+02 1.702919549870692606e+02 6.901829524009225736e+01
2.550000000000000000e+02 1.693651359474383185e+02 6.852777049695953338e+01
2.550000000000000000e+02 1.678646947298525163e+02 6.777300010484378845e+01
2.550000000000000000e+02 1.677670065352624533e+02 6.767266023624799232e+01
2.550000000000000000e+02 1.678000541692877619e+02 6.753093765289717965e+01
2.550000000000000000e+02 1.677887135667855034e+02 6.759281295869155315e+01
2.550000000000000000e+02 1.684074753617110503e+02 6.806283200531208877e+01
2.550000000000000000e+02 1.691396912350597574e+02 6.839705214230795605e+01
2.550000000000000000e+02 1.690722766827427108e+02 6.827637694834696447e+01
