2.550000000000000000e+02 2.062067272779444238e+02 9.409129656484590498e+01
2.550000000000000000e+02 2.062060055048989966e+02 9.405971071689501173e+01
2.550000000000000000e+02 2.026831879854586020e+02 9.117971045202416747e+01
2.550000000000000000e+02 2.025332181145168988e+02 9.038613754301391623e+01
2.550000000000000000e+02 2.027075847972965619e+02 8.926123769730118340e+01
2.550000000000000000e+02 2.026560607966873420e+02 8.835582528236335520e+01
2.550000000000000000e+02 2.026670926672714472e+02 8.766314609172036398e+01
2.550000000000000000e+02 2.027995545755334490e+02 8.751030899391017215e+01
2.550000000000000000e+02 2.023529094958404357e+02 8.676822035488278573e+01
2.550000000000000000e+02 2.012898923079300175e+02 8.569839598632383115e+01
2.549999955854859479e+02 1.978351399732038942e+02 8.420025780761989154e+01
2.549999955854859479e+02 1.966306707191905616e+02 8.367277635409699599e+01
2.550000000000000000e+02 1.963932493251311655e+02 8.346544870224323631e+01
2.549999889637149124e+02 1.963142118657722790e+02 8.338590357376983775e+01
2.550000000000000000e+02 1.981794919335792144e+02 8.487034130815294475e+01
2.549999933782289361e+02 1.989317074678126858e+02 8.525190762187921223e+01
2.550000000000000000e+02 1.992331304864132164e+02 8.545752023502872419e+01
2.549999977927429882e+02 1.995159860589646712e+02 8.567927010424874368e+01
2.549999911709719242e+02 1.994448969321334744e+02 8.565159330847961883e+01
2.550000000000000000e+02 1.994875212724395226e+02 8.566290770796223342e+01
2.550000000000000000e+02 1.994317880326939019e+02 8.552413083736709609e+01
2.550000000000000000e+02 1.993646498959278404e+02 8.545881589489924579e+01
2.550000000000000000e+02 1.995789833815618977e+02 8.562764236255962658e+01
2.550000000000000000e+02 1.996825258083526933e+02 8.559488446113130067e+01
2.550000000000000000e+02 1.998923542824097126e+02 8.570328064610826857e+01
2.550000000000000000e+02 2.002428071011872817e+02 8.594492452284620754e+01
2.549998278339524802e+02 2.003035618506525850e+02 8.594305056163655365e+01
2.549999977927429882e+02 1.999525903264753879e+02 8.553511856281080838e+01
2.549999977927429882e+02 1.997917143985997086e+02 8.543145915139795932e+01
2.550000000000000000e+02 2.000222336999587185e+02 8.557725951382957419e+01
2.550000000000000000e+02 2.000258160781015704e+02 8.553961695261681086e+01
2.549999933782289361e+02 1.982903558319041224e+02 8.491045378997065995e+01
2.549999757201727846e+02 1.963839876746768027e+02 8.427675471414917752e+01
2.549999448185745052e+02 1.957290680298686141e+02 8.399547512310975605e+01
2.550000000000000000e+02 1.953295258149744598e+02 8.388480987791660937e+01
2.550000000000000000e+02 1.955014512714903958e+02 8.416397491673123454e+01
2.549999911709719242e+02 1.971002381630324294e+02 8.544948140496323674e+01
2.549999955854859479e+02 1.974628529679881410e+02 8.586567737407047218e+01
2.549999823419438485e+02 1.976747518491295637e+02 8.597050663170371365e+01
2.549999801346868367e+02 1.978517672403327765e+02 8.618074786282339517e+01
2.549999933782289361e+02 1.978648253728608779e+02 8.620689282222089389e+01
2.549999977927429882e+02 1.980683653716689605e+02 8.639324049610308975e+01
2.550000000000000000e+02 1.987374092541457742e+02 8.678737272404210046e+01
2.549999889637149124e+02 2.000709611059240558e+02 8.769992782269545728e+01
2.550000000000000000e+02 2.003781759669441271e+02 8.781189755678720132e+01
2.549999977927429882e+02 2.017031658687432412e+02 8.871859018079642567e+01
2.549999867564578722e+02 2.019299681492811942e+02 8.886061834098147472e+01
2.550000000000000000e+02 2.013156818989473607e+02 8.823725364252589998e+01
2.550000000000000000e+02 2.008461475639607841e+02 8.774554961803417541e+01
2.549999448185745052e+02 1.991032466543501585e+02 8.670306212766332976e+01
2.550000000000000000e+02 1.961075309402252742e+02 8.455272143754234548e+01
2.550000000000000000e+02 1.949198434613321638e+02 8.382150574659364395e+01
2.549999933782289361e+02 1.943759709171815189e+02 8.365837400204391372e+01
2.549998808081209347e+02 1.939032581320866768e+02 8.356373565007029924e+01
2.550000000000000000e+02 1.955257951091599011e+02 8.490908308336148025e+01
2.549999713056587325e+02 1.979963160880342343e+02 8.657672094311678279e+01
2.550000000000000000e+02 2.003267424638727334e+02 8.831767063752204194e+01
2.549999337822894176e+02 2.015530812204365532e+02 8.921965518230838654e+01
2.549999977927429882e+02 2.032920642488373346e+02 9.049795056185728015e+01
2.550000000000000000e+02 2.034619479926101064e+02 9.049024502760174471e+01
2.549999823419438485e+02 2.048580071559272540e+02 9.139752257472116526e+01
2.549999977927429882e+02 2.046130104557765037e+02 9.097424351783794805e+01
2.550000000000000000e+02 2.035982416990581498e+02 9.004285389503610304e+01
2.549999955854859479e+02 2.019744642435398987e+02 8.876725357630819246e+01
2.549999933782289361e+02 1.989277785503177256e+02 8.682282347903436914e+01
2.549999977927429882e+02 1.957669931199798725e+02 8.535234443804340287e+01
2.549999646838876970e+02 1.953617010005496013e+02 8.543416304124701810e+01
2.549999889637149124e+02 1.953327881408494875e+02 8.555952420367684397e+01
2.549999955854859479e+02 1.958487830288422344e+02 8.607074258747911699e+01
2.550000000000000000e+02 1.977124253119405921e+02 8.748398303943706367e+01
2.550000000000000000e+02 1.985704633694661254e+02 8.808140363888392699e+01
2.550000000000000000e+02 1.998065405440005691e+02 8.902350728725905071e+01
2.549999183314902780e+02 1.999694692209045002e+02 8.899605783896294042e+01
2.549999889637149124e+02 1.999708818653970468e+02 8.900343449192254752e+01
2.549999359895464295e+02 2.000075179174088476e+02 8.917967955042588812e+01
2.549999889637149124e+02 1.999322570748105647e+02 8.903103844821002610e+01
2.549999955854859479e+02 1.999855910261758538e+02 8.895749926608704072e+01
2.550000000000000000e+02 2.001190726871809034e+02 8.892797941070652712e+01
2.550000000000000000e+02 2.003357569015408899e+02 8.898871870937267659e+01
2.550000000000000000e+02 2.006514321787171866e+02 8.914153594186967666e+01
2.550000000000000000e+02 2.009988963714901899e+02 8.922533886913393530e+01
2.550000000000000000e+02 2.013952005403365320e+02 8.942366974137569002e+01
2.550000000000000000e+02 2.017159569231720013e+02 8.953531942319959569e+01
2.549999757201727846e+02 2.013565205683245267e+02 8.937810312746246666e+01
2.549999955854859479e+02 1.992000370819179409e+02 8.835028506724408714e+01
2.550000000000000000e+02 1.983970325636628047e+02 8.794661748898026588e+01
2.549999911709719242e+02 1.983363374101370482e+02 8.802057604993697737e+01
2.549999779274297964e+02 1.983622241204632530e+02 8.807316174117262619e+01
2.549999889637149124e+02 1.988580711663808245e+02 8.848226800073281595e+01
2.550000000000000000e+02 1.998152680382561925e+02 8.915545269737843626e+01
2.550000000000000000e+02 2.000426353765911642e+02 8.926285340943955759e+01
2.550000000000000000e+02 2.002119937931932725e+02 8.929861980218562678e+01
2.549999713056587325e+02 2.002503779927646121e+02 8.931340842421714399e+01
2.549998786008639229e+02 2.001468554312869799e+02 8.916799653902099010e+01
2.549999889637149124e+02 1.999879726565000340e+02 8.903360328086682784e+01
2.549999735129157727e+02 1.998568637967910888e+02 8.895487704474771817e+01
2.550000000000000000e+02 1.998166453666364362e+02 8.880817391419509477e+01
2.549999448185745052e+02 1.997572061423548462e+02 8.873314704084087623e+01
2.549999889637149124e+02 1.997546611750111936e+02 8.866810800550048555e+01
2.550000000000000000e+02 1.997979189980818830e+02 8.864459851098440879e+01
2.549999867564578722e+02 1.998485711321683311e+02 8.860928902044140898e+01
2.550000000000000000e+02 1.998513103381297071e+02 8.858138266994222931e+01
2.549999933782289361e+02 1.997312112764346637e+02 8.857218944445547493e+01
2.549999933782289361e+02 1.998725331143734252e+02 8.859539433750283877e+01
2.549999823419438485e+02 2.003286142178253613e+02 8.878829756473332679e+01
2.549999977927429882e+02 2.007546413096980302e+02 8.898971418228852315e+01
2.549999779274297964e+02 2.011211276434661954e+02 8.918580248139834055e+01
2.549999757201727846e+02 2.016909531156536559e+02 8.936500305705096991e+01
2.549999933782289361e+02 2.023734634732072095e+02 8.974938803799130937e+01
2.550000000000000000e+02 2.031665662364722778e+02 9.019445934342932958e+01
2.549999955854859479e+02 2.031429353428201239e+02 9.000280542367194414e+01
2.550000000000000000e+02 2.034464398047902023e+02 9.007715908363518054e+01
2.550000000000000000e+02 2.033808202608536249e+02 8.981385760102062932e+01
2.549999823419438485e+02 2.031730334995397982e+02 8.945623781870031621e+01
2.550000000000000000e+02 2.033537261809376844e+02 8.947390911839947591e+01
2.549999470258315171e+02 2.033247029583865810e+02 8.922812442749271611e+01
2.550000000000000000e+02 2.028467324870709945e+02 8.863292432860760073e+01
2.549999933782289361e+02 2.014613343751586569e+02 8.788172413260316773e+01
2.549999889637149124e+02 1.991751524662786323e+02 8.665328627461367716e+01
2.550000000000000000e+02 1.986389611765562790e+02 8.632039880719830194e+01
2.549999293677753656e+02 1.984314172135146066e+02 8.623719404658636734e+01
2.549999801346868367e+02 2.002626657925928839e+02 8.739009956936415335e+01
2.550000000000000000e+02 2.011565651549163363e+02 8.793042946599831566e+01
2.549999911709719242e+02 2.023236942419286208e+02 8.866543943176375819e+01
2.549999977927429882e+02 2.027327762216615668e+02 8.877548002322033938e+01
2.550000000000000000e+02 2.029496789544664921e+02 8.894676096068654658e+01
2.550000000000000000e+02 2.025944408024703591e+02 8.855780475045855837e+01
2.549999845492008603e+02 2.023115477065495895e+02 8.818376518316922841e+01
2.549999823419438485e+02 2.022229726896088948e+02 8.799848802894155142e+01
2.550000000000000000e+02 2.018474741254295850e+02 8.750470035382329570e+01
2.549999977927429882e+02 2.020323142427673702e+02 8.751233746311122275e+01
2.550000000000000000e+02 2.024396061370574103e+02 8.777714208775611837e+01
2.550000000000000000e+02 2.028962191894510738e+02 8.798326899179120630e+01
2.550000000000000000e+02 2.030168369565457169e+02 8.787309375765642017e+01
2.550000000000000000e+02 2.031460387461897312e+02 8.780493145363325880e+01
2.550000000000000000e+02 2.029525859119613358e+02 8.740820349143915280e+01
2.549999735129157727e+02 2.031024983942205324e+02 8.738967136150235149e+01
2.550000000000000000e+02 2.028636731846966370e+02 8.696696398418721685e+01
2.549999933782289361e+02 2.027065451792402939e+02 8.663986835919135387e+01
2.550000000000000000e+02 2.026378994859298359e+02 8.644576217688516806e+01
2.550000000000000000e+02 2.025071415800870227e+02 8.605745931473498445e+01
2.550000000000000000e+02 2.024690884690685948e+02 8.592346115558734709e+01
2.550000000000000000e+02 2.026593341588474573e+02 8.593777080284559133e+01
2.550000000000000000e+02 2.027479687717276988e+02 8.575815526287327373e+01
2.550000000000000000e+02 2.028092709209338409e+02 8.562887621923358950e+01
2.549999955854859479e+02 2.019486790670366076e+02 8.527128733851155573e+01
2.549999955854859479e+02 1.992462526293949168e+02 8.399909723187897725e+01
2.550000000000000000e+02 1.989372211958477124e+02 8.386085451748257924e+01
2.549999977927429882e+02 1.980047301517930691e+02 8.327817398041280228e+01
2.550000000000000000e+02 1.986037377690370533e+02 8.377617089466748723e+01
2.550000000000000000e+02 1.996739837236867459e+02 8.452451710734553103e+01
2.549999889637149124e+02 2.002423722715544159e+02 8.487585062167393346e+01
2.549999933782289361e+02 2.010470609269155204e+02 8.540223948297212075e+01
2.550000000000000000e+02 2.012500888420950389e+02 8.543034890111709956e+01
2.550000000000000000e+02 2.013675546461656722e+02 8.546635809213532298e+01
2.550000000000000000e+02 2.015246892733930508e+02 8.559412957923059651e+01
2.550000000000000000e+02 2.018408766341979117e+02 8.581444473138785156e+01
2.549999845492008603e+02 2.018525706818878973e+02 8.563883536290616405e+01
2.550000000000000000e+02 2.020510428185789351e+02 8.560283279365899034e+01
2.549999558548596212e+02 2.021546978154777321e+02 8.549759077896307247e+01
2.549999955854859479e+02 2.023615531143292969e+02 8.560733780523605674e+01
2.550000000000000000e+02 2.025651769889041134e+02 8.564224336774447011e+01
2.549999955854859479e+02 2.025357895689447787e+02 8.528568969056463800e+01
2.549999933782289361e+02 2.025285806675186677e+02 8.514263515586544884e+01
2.549999889637149124e+02 2.024429126080728167e+02 8.485649959938285747e+01
2.549999889637149124e+02 2.023324173216701922e+02 8.465291766269139373e+01
2.550000000000000000e+02 2.024138297895821950e+02 8.462267824152247897e+01
2.550000000000000000e+02 2.025583013832879828e+02 8.465226431461358914e+01
2.550000000000000000e+02 2.025166990029819942e+02 8.441295571580241131e+01
2.550000000000000000e+02 2.024884439058737371e+02 8.417184820252025190e+01
2.550000000000000000e+02 2.026547717585878843e+02 8.419447700148548108e+01
2.549999823419438485e+02 2.027604287376034904e+02 8.399907515930877366e+01
2.550000000000000000e+02 2.028997530079394949e+02 8.397056843490025813e+01
2.550000000000000000e+02 2.029444632061291145e+02 8.394560215075124177e+01
2.549999823419438485e+02 2.012216682007102975e+02 8.357320478268451325e+01
2.549999977927429882e+02 1.993937724450448172e+02 8.270774151254494200e+01
2.550000000000000000e+02 1.993104043474134244e+02 8.270080851824629065e+01
2.550000000000000000e+02 1.987729107760494855e+02 8.231402645618263136e+01
2.550000000000000000e+02 1.995018220906696911e+02 8.295953214980211499e+01
2.549999977927429882e+02 2.003971959006822772e+02 8.366828237880503139e+01
2.549999977927429882e+02 2.012266830886588878e+02 8.429379473834072201e+01
2.550000000000000000e+02 2.013693822549779213e+02 8.428551090274605428e+01
2.550000000000000000e+02 2.013300621784302393e+02 8.414933418092003592e+01
2.549999823419438485e+02 2.012991517511273685e+02 8.409251497072074244e+01
2.549999867564578722e+02 2.013041026286223882e+02 8.413955382506604508e+01
2.550000000000000000e+02 2.013860647035322700e+02 8.419810131751171411e+01
2.549999911709719242e+02 2.013605488123853604e+02 8.408768328510477374e+01
2.550000000000000000e+02 2.011891354394979885e+02 8.392812508966981966e+01
2.549999955854859479e+02 2.009130274516555517e+02 8.366630467651545189e+01
2.550000000000000000e+02 2.007410401919430569e+02 8.340682837031592101e+01
2.549999977927429882e+02 2.007556478188989786e+02 8.330193510222910902e+01
2.549999492330885573e+02 2.007583737813182267e+02 8.330631871467009830e+01
2.550000000000000000e+02 2.007789387949701165e+02 8.322976441945829151e+01
2.549999933782289361e+02 2.008402806748026137e+02 8.320287340718815017e+01
2.550000000000000000e+02 2.009013091241383506e+02 8.317441082792004181e+01
2.549999977927429882e+02 2.009298180558038780e+02 8.314693268528267822e+01
2.549999911709719242e+02 2.009976051261336920e+02 8.309200288709217830e+01
2.550000000000000000e+02 2.010785408265294620e+02 8.315077331249682402e+01
2.550000000000000000e+02 2.012506428636069700e+02 8.319487651500604386e+01
2.550000000000000000e+02 2.015245060710604434e+02 8.328103017099620331e+01
2.550000000000000000e+02 2.018777356191687034e+02 8.338395898033554943e+01
2.550000000000000000e+02 2.022998315862894003e+02 8.354133640583511067e+01
2.550000000000000000e+02 2.026588927074435276e+02 8.371600327556942034e+01
2.550000000000000000e+02 2.019472973241423119e+02 8.347365969835625776e+01
2.549999867564578722e+02 1.990248868228963204e+02 8.202916890151439588e+01
2.549999889637149124e+02 1.984797362769313054e+02 8.186404179661892044e+01
2.550000000000000000e+02 1.976871522190658368e+02 8.138604483821909241e+01
2.550000000000000000e+02 1.978592520488863329e+02 8.149997682380129049e+01
2.550000000000000000e+02 1.986064085500307783e+02 8.220016951733910560e+01
2.550000000000000000e+02 1.997936236759217081e+02 8.303182643896603565e+01
2.549999757201727846e+02 2.000257277878207844e+02 8.309362742825862824e+01
2.549999977927429882e+02 2.013101394765710666e+02 8.403776175309181440e+01
2.549999933782289361e+02 2.014967674720947457e+02 8.413737084787364040e+01
2.550000000000000000e+02 2.016527212168166443e+02 8.424836718161972726e+01
2.549999977927429882e+02 2.018573714659056009e+02 8.426308296416959820e+01
2.550000000000000000e+02 2.021709608851983546e+02 8.453631268885843042e+01
2.550000000000000000e+02 2.021910204369927442e+02 8.440233439502395640e+01
2.549999977927429882e+02 2.022579731641691581e+02 8.412107687655473853e+01
2.549999955854859479e+02 2.023923575932952303e+02 8.406310547819118995e+01
2.550000000000000000e+02 2.025352818998302666e+02 8.399439798168418747e+01
2.550000000000000000e+02 2.024361032201672685e+02 8.368199827392500367e+01
2.549999977927429882e+02 2.024243186749394567e+02 8.339794416081191741e+01
2.550000000000000000e+02 2.025501102524881389e+02 8.340223286120105683e+01
2.549999713056587325e+02 2.021324817735751651e+02 8.278680325173104393e+01
2.550000000000000000e+02 2.020994170634211287e+02 8.265322888593117057e+01
2.550000000000000000e+02 2.022350419709922278e+02 8.261734109404901005e+01
2.550000000000000000e+02 2.021278134249786547e+02 8.234095499182211597e+01
2.550000000000000000e+02 2.023165029985586614e+02 8.230266791155962380e+01
2.550000000000000000e+02 2.024787099024171653e+02 8.224257975371426710e+01
2.550000000000000000e+02 2.022841865485342794e+02 8.220170135371073172e+01
2.550000000000000000e+02 2.003249325131166358e+02 8.166888495997139330e+01
2.549999911709719242e+02 1.991783551962141132e+02 8.118971594809414682e+01
2.550000000000000000e+02 1.988779364795574907e+02 8.101313980103785184e+01
2.550000000000000000e+02 1.989524667200822989e+02 8.105031442376244399e+01
2.549999911709719242e+02 2.000717402676519896e+02 8.187677104785112192e+01
2.549999889637149124e+02 2.012251667030864155e+02 8.274245062917862015e+01
2.550000000000000000e+02 2.014500155611619903e+02 8.279817062538212724e+01
2.549999911709719242e+02 2.015366305338692428e+02 8.286216121363820264e+01
2.549999933782289361e+02 2.015992791098573775e+02 8.293432086012391835e+01
2.550000000000000000e+02 2.016805083754367729e+02 8.294398643861286757e+01
2.549999911709719242e+02 2.019486724452655437e+02 8.323553418930760017e+01
2.550000000000000000e+02 2.020940710869195698e+02 8.313728476484988050e+01
2.549999139169762259e+02 2.022329450768235688e+02 8.320545589790111762e+01
2.549999933782289361e+02 2.021399687893857333e+02 8.289728970910559269e+01
2.550000000000000000e+02 2.021828491715060636e+02 8.293813058573979902e+01
2.550000000000000000e+02 2.021287735817821840e+02 8.275744231885593649e+01
2.549999977927429882e+02 2.021131726891674418e+02 8.261441206398396275e+01
2.550000000000000000e+02 2.020644276251459530e+02 8.240630304314525745e+01
2.550000000000000000e+02 2.020546715491192060e+02 8.239250106500151105e+01
2.549999845492008603e+02 2.017399785013166422e+02 8.202747152086629967e+01
2.549999977927429882e+02 2.016823624713332492e+02 8.185632301882128559e+01
2.549999955854859479e+02 2.016583916601000794e+02 8.176033161829462870e+01
2.549999911709719242e+02 2.015909180202670257e+02 8.162124131720270270e+01
2.550000000000000000e+02 2.016495361449373149e+02 8.155246318847105158e+01
2.550000000000000000e+02 2.017508183405400359e+02 8.150907734449322106e+01
2.550000000000000000e+02 2.018762170263391909e+02 8.157885977516879450e+01
2.549999977927429882e+02 2.020519963536114005e+02 8.161736758113325152e+01
2.549999713056587325e+02 2.019179717073795359e+02 8.156453026259737271e+01
2.550000000000000000e+02 1.996450311333602485e+02 8.077237661985074624e+01
2.550000000000000000e+02 1.977096044374695225e+02 8.004809392320069605e+01
2.549999911709719242e+02 1.973143509229645360e+02 7.995258370470432396e+01
2.549999977927429882e+02 1.970313033190523697e+02 7.987472271333690799e+01
2.549999757201727846e+02 1.973797784355403735e+02 8.037067570759141688e+01
2.549999977927429882e+02 1.981324883953462290e+02 8.110949760622976612e+01
2.549999889637149124e+02 1.986059339897715574e+02 8.150874625594028089e+01
2.549999735129157727e+02 1.995524499449289237e+02 8.221427388969453887e+01
2.549999955854859479e+02 1.995895693862280496e+02 8.222121571302126597e+01
2.550000000000000000e+02 2.000308508313633524e+02 8.269943560438008490e+01
2.550000000000000000e+02 2.000733030056218809e+02 8.273987476023670240e+01
2.549999801346868367e+02 2.001404654222151578e+02 8.289149345217205678e+01
2.550000000000000000e+02 2.002002666366479673e+02 8.289456374668635874e+01
2.549999337822894176e+02 2.002787853906072257e+02 8.290544993830717146e+01
2.550000000000000000e+02 2.004168868405543833e+02 8.299117317917850301e+01
2.550000000000000000e+02 2.004120970928217673e+02 8.292632617519882388e+01
2.549999911709719242e+02 1.988321932850826954e+02 8.233377257748024647e+01
2.549999801346868367e+02 1.971810392207499945e+02 8.187767381597215888e+01
2.549999668911447088e+02 1.964878920916188179e+02 8.160207791175827197e+01
2.549999911709719242e+02 1.959270104248749078e+02 8.149645845611200912e+01
2.549999955854859479e+02 1.961117534229038313e+02 8.187607576188993619e+01
2.549999602693736449e+02 1.966257661940929324e+02 8.244103423234911077e+01
2.549999602693736449e+02 1.976098342129252501e+02 8.317645916243425575e+01
2.549999337822894176e+02 1.986370828008325873e+02 8.392254735118120834e+01
2.549999911709719242e+02 1.995769527051038494e+02 8.461849548947027699e+01
2.549999911709719242e+02 1.995725315692935169e+02 8.455575862320135627e+01
2.549999977927429882e+02 1.996640996267528294e+02 8.467616890813617658e+01
2.549999668911447088e+02 1.999799647280328259e+02 8.497582391386400502e+01
2.549999955854859479e+02 1.997029252777281272e+02 8.461225115936174745e+01
2.549999933782289361e+02 1.998939214348936559e+02 8.474058328974000176e+01
2.549999977927429882e+02 1.998952303383062770e+02 8.468400908506988856e+01
2.549999823419438485e+02 1.998966209102286484e+02 8.454129667520875557e+01
2.549999911709719242e+02 1.998869950623660543e+02 8.449926387978395326e+01
2.550000000000000000e+02 1.999303963571430245e+02 8.442458796029586665e+01
