2.550000000000000000e+02 1.807525915632437261e+02 7.744748191096842049e+01
2.550000000000000000e+02 1.807657929624483018e+02 7.743892855431501232e+01
2.550000000000000000e+02 1.807871244429536546e+02 7.744705863561583215e+01
2.550000000000000000e+02 1.828542375453224054e+02 7.903751177983292564e+01
2.550000000000000000e+02 1.860786333796540362e+02 8.027688197805356651e+01
2.550000000000000000e+02 1.869175371763540738e+02 8.027810787931062464e+01
2.550000000000000000e+02 1.874192622230740994e+02 7.971854984266934707e+01
2.550000000000000000e+02 1.874354784608749753e+02 7.930220662226268757e+01
2.549998562461066740e+02 1.873055089686456824e+02 7.893168894852013295e+01
2.550000000000000000e+02 1.873743511108981465e+02 7.869376427556024112e+01
2.549999960068362839e+02 1.869278794703467668e+02 7.825973932627341867e+01
2.549997005127222280e+02 1.871507579024709571e+02 7.825103023623556453e+01
2.549999081572348132e+02 1.875077746897311783e+02 7.830558883191974928e+01
2.549999361093807408e+02 1.878567292794735408e+02 7.838264091874710005e+01
2.549999960068362839e+02 1.883294439918858814e+02 7.855558084559234544e+01
2.549999440957081447e+02 1.882358122893606094e+02 7.831845081220949112e+01
2.550000000000000000e+02 1.881767653776734335e+02 7.811262318910026181e+01
2.549998642324340778e+02 1.883567971632565161e+02 7.815078186145319705e+01
2.549999600683629524e+02 1.879093192454517975e+02 7.760143035123867605e+01
2.549999640615266685e+02 1.879222810548341158e+02 7.748964572651620131e+01
2.549999281230533370e+02 1.872717268037120562e+02 7.700417684923411343e+01
2.549999800341814762e+02 1.870625608957464863e+02 7.674234909834363805e+01
2.550000000000000000e+02 1.871922029485520795e+02 7.668467184180683205e+01
2.549999720478540723e+02 1.873820179852093304e+02 7.665488683374063328e+01
2.549999800341814762e+02 1.876018895650645959e+02 7.672259491750124027e+01
2.549999960068362839e+02 1.874791876307761243e+02 7.663906991231012000e+01
2.549998442666155540e+02 1.837825842158225100e+02 7.521765138083600277e+01
2.549999960068362839e+02 1.822216844761767902e+02 7.474505646333477671e+01
2.549996006836296374e+02 1.819911791013784352e+02 7.465909962144807821e+01
2.549999880205088800e+02 1.820546224863034581e+02 7.451791333237497383e+01
2.550000000000000000e+02 1.832049331544396011e+02 7.524760010861405135e+01
2.549999720478540723e+02 1.850360622614084605e+02 7.622335361860494629e+01
2.549999960068362839e+02 1.865868113789192932e+02 7.706638235341095822e+01
2.549999361093807408e+02 1.866052158704298165e+02 7.700200856134297567e+01
2.549998722187614817e+02 1.864942698100851430e+02 7.689896097880428272e+01
2.549998921845800055e+02 1.863784281310396693e+02 7.692916526905936792e+01
2.549998722187614817e+02 1.863922245116360727e+02 7.683162825243184102e+01
2.549998562461066740e+02 1.864730381586723524e+02 7.682485185362659763e+01
2.549999800341814762e+02 1.866158496653728776e+02 7.690887999744437309e+01
2.549999920136725962e+02 1.868178238855080053e+02 7.686210807098247244e+01
2.549997763828325787e+02 1.870441004999441077e+02 7.692972031881419070e+01
2.550000000000000000e+02 1.873274434168703237e+02 7.705726596067532341e+01
2.549999081572348132e+02 1.872008082163336269e+02 7.676471880141198767e+01
2.549998802050888855e+02 1.871174589103454764e+02 7.653666522912773473e+01
2.549999840273451923e+02 1.871123516539684033e+02 7.653305540913954985e+01
2.549999600683629524e+02 1.870921462456274753e+02 7.642739230437490505e+01
2.549999241298896209e+02 1.868376100116600469e+02 7.603124650598175549e+01
2.549999960068362839e+02 1.867420376315747319e+02 7.586418052294472147e+01
2.549999880205088800e+02 1.868654783011484426e+02 7.588664206877825791e+01
2.549999600683629524e+02 1.869624522816937429e+02 7.586176465890395093e+01
2.549998362802881502e+02 1.867674461322216359e+02 7.580250211637675761e+01
2.549996605810851804e+02 1.836004799782771784e+02 7.482829795390291849e+01
2.549999081572348132e+02 1.800682471608606079e+02 7.362068937978180827e+01
2.549999520820355485e+02 1.792949350711581644e+02 7.325213634258149398e+01
2.549999321162170247e+02 1.793335849026466633e+02 7.318474771191719697e+01
2.549999920136725962e+02 1.813568410880572515e+02 7.446708035842637230e+01
2.549997763828325787e+02 1.836670300445637167e+02 7.576489450061494324e+01
2.549999800341814762e+02 1.856654806970466609e+02 7.712681489290335435e+01
2.549999081572348132e+02 1.865591786860894103e+02 7.760320331592313892e+01
2.549998043349785064e+02 1.865585876978612703e+02 7.759328429728304855e+01
2.549999041640710971e+02 1.863162705448272618e+02 7.750045921382593406e+01
2.549998762119251978e+02 1.859278754771830506e+02 7.715557765106137822e+01
2.549999760410177885e+02 1.857725773475809490e+02 7.683712683885188710e+01
2.549999520820355485e+02 1.859458087753765483e+02 7.689882920440206249e+01
2.550000000000000000e+02 1.867041944191544189e+02 7.731114731579535260e+01
2.549999520820355485e+02 1.868463031290430649e+02 7.732563052054882746e+01
2.549999760410177885e+02 1.869988300030348114e+02 7.728198524126695190e+01
2.549999800341814762e+02 1.872503633778970311e+02 7.743538262494608659e+01
2.549999880205088800e+02 1.875420799591099978e+02 7.751445125944383108e+01
2.549999321162170247e+02 1.873725861325411017e+02 7.722085389812640699e+01
2.550000000000000000e+02 1.872637684284505042e+02 7.697893206829907342e+01
2.549999361093807408e+02 1.872877473764914384e+02 7.691872314597409854e+01
2.549999361093807408e+02 1.869398230229846547e+02 7.658191576021850722e+01
2.549999920136725962e+02 1.866408348906671790e+02 7.626709074065200866e+01
2.550000000000000000e+02 1.866589678470458580e+02 7.616176705480218345e+01
2.550000000000000000e+02 1.868535826664750061e+02 7.622709121983164948e+01
2.549999560751992647e+02 1.869939703228073427e+02 7.623700624530803793e+01
2.549999800341814762e+02 1.869507922436788192e+02 7.624878607823406185e+01
2.549998722187614817e+02 1.832237130033382755e+02 7.483902359161116635e+01
2.549999680546903562e+02 1.802781597904387638e+02 7.392139057932818957e+01
2.549996685674125843e+02 1.788100611752679470e+02 7.340272653217691357e+01
2.549996326289392528e+02 1.786000447234334843e+02 7.321007634929001995e+01
2.549998802050888855e+02 1.800785455300525371e+02 7.414041560847827839e+01
2.549998163144696264e+02 1.820003234462600119e+02 7.553286373728177239e+01
2.549999560751992647e+02 1.834785008066190812e+02 7.645209401504624225e+01
2.549999640615266685e+02 1.848038158672353006e+02 7.710595061255131100e+01
2.549999361093807408e+02 1.863264331464532688e+02 7.808521012027408403e+01
2.549999041640710971e+02 1.864463837909498807e+02 7.801933889181721327e+01
2.549999600683629524e+02 1.864993850527896200e+02 7.802550034341207663e+01
2.549999600683629524e+02 1.866632804638458936e+02 7.811418451610842340e+01
2.549999880205088800e+02 1.869088959700991950e+02 7.811081827910616937e+01
2.549999560751992647e+02 1.868624834283706377e+02 7.792911335793122873e+01
2.549998522529429579e+02 1.871500151740220872e+02 7.797438385484051082e+01
2.549998243007970302e+02 1.875046759946970667e+02 7.807589406935326792e+01
2.549997045058859158e+02 1.881225621735588618e+02 7.830152778443304840e+01
2.550000000000000000e+02 1.884448464229239448e+02 7.843049898573642054e+01
2.549999920136725962e+02 1.882692230900698007e+02 7.816183094542144261e+01
2.549999041640710971e+02 1.880249413004935661e+02 7.787951826473077688e+01
2.550000000000000000e+02 1.870681153864583735e+02 7.716392336320220124e+01
2.549999480888718608e+02 1.870534045713738180e+02 7.704326193556630642e+01
2.549999960068362839e+02 1.866385627805197487e+02 7.669955036976695339e+01
2.550000000000000000e+02 1.865927532065104515e+02 7.660884565623652520e+01
2.549999920136725962e+02 1.863570207804239089e+02 7.629358138866261640e+01
2.549998123213059102e+02 1.865208443145335195e+02 7.630257399332343482e+01
2.549999361093807408e+02 1.865650765888798333e+02 7.626812497005127511e+01
2.549999800341814762e+02 1.863980904691168803e+02 7.622805357228425294e+01
2.549999321162170247e+02 1.832450245180251329e+02 7.518720750075870285e+01
2.549998762119251978e+02 1.796226021051959094e+02 7.377538853482838022e+01
2.549999480888718608e+02 1.784529285862603274e+02 7.334762885939271371e+01
2.549999720478540723e+02 1.781330602009360007e+02 7.313065232322264819e+01
2.549997644033414872e+02 1.803577714952002111e+02 7.472848483396425934e+01
2.549999201367259332e+02 1.816572268276710247e+02 7.549662577667034213e+01
2.549998642324340778e+02 1.835373839985944073e+02 7.674325953966808811e+01
2.549999800341814762e+02 1.837091459421470461e+02 7.667842254061046958e+01
2.549999121503985293e+02 1.840924417397415596e+02 7.697204785407382133e+01
2.549998123213059102e+02 1.842921198907470455e+02 7.719653952433434085e+01
2.549999321162170247e+02 1.845486447202389400e+02 7.736473557269954426e+01
2.549997683965051749e+02 1.850508768987493511e+02 7.753434120785215100e+01
2.549999800341814762e+02 1.855726635999169503e+02 7.768638490903573768e+01
2.549997923554874149e+02 1.861184532081077236e+02 7.781762422732282403e+01
2.549999241298896209e+02 1.868423419106489689e+02 7.822122126918715423e+01
2.549997683965051749e+02 1.870834651077355488e+02 7.817943680419122643e+01
2.549999840273451923e+02 1.873631103550721093e+02 7.830314102256936337e+01
2.549999680546903562e+02 1.870975410097912288e+02 7.803367035634992988e+01
2.549997963486511026e+02 1.868476088935742041e+02 7.779257111824556148e+01
2.549999920136725962e+02 1.862726132860542805e+02 7.719908716277733163e+01
2.549999560751992647e+02 1.858297754244732971e+02 7.697832510741609724e+01
2.549999680546903562e+02 1.858784520900218808e+02 7.692626623221045179e+01
2.549998802050888855e+02 1.859614739565863317e+02 7.700548261376523840e+01
2.550000000000000000e+02 1.862186177264523224e+02 7.708664765920744344e+01
2.549999520820355485e+02 1.865608558148449845e+02 7.714162553708051462e+01
2.549999520820355485e+02 1.864649000910441430e+02 7.691098040155253557e+01
2.549999960068362839e+02 1.865171146996342202e+02 7.682723976552142631e+01
2.549998642324340778e+02 1.867317512418739227e+02 7.684068474771191859e+01
2.549999800341814762e+02 1.865355511364543872e+02 7.663525644097305189e+01
2.550000000000000000e+02 1.830917069976200651e+02 7.563920567987605637e+01
2.549999361093807408e+02 1.798800014375389367e+02 7.419232274346319400e+01
2.549997843691600110e+02 1.797876156020892324e+02 7.418332215247495753e+01
2.549999600683629524e+02 1.801503905314102383e+02 7.432206063219767600e+01
2.549998482597792702e+02 1.820646373408724230e+02 7.535018049099940640e+01
2.549999560751992647e+02 1.849795949334738907e+02 7.718570607120609850e+01
2.549999520820355485e+02 1.863365797754244682e+02 7.799177807593400757e+01
2.549999281230533370e+02 1.864573649911351652e+02 7.786222387272988499e+01
2.549999440957081447e+02 1.864411128148609578e+02 7.785242464900090908e+01
2.549999800341814762e+02 1.855689060328717233e+02 7.739837797690354648e+01
2.550000000000000000e+02 1.849891026562524985e+02 7.703227274905361810e+01
2.549999840273451923e+02 1.850532847764627036e+02 7.691140767006884005e+01
2.549997883623236987e+02 1.854579599725270214e+02 7.707884901049403936e+01
2.549998442666155540e+02 1.859102217004488296e+02 7.731143083041831687e+01
2.549999281230533370e+02 1.862581220949734018e+02 7.739819429137317286e+01
2.549998282939607464e+02 1.864965578928873811e+02 7.751580893510310943e+01
2.549999760410177885e+02 1.866991191080869612e+02 7.749196176146436699e+01
2.550000000000000000e+02 1.861356877026530583e+02 7.696504783810117090e+01
2.549999960068362839e+02 1.858371188525244690e+02 7.664078697270272755e+01
2.549999960068362839e+02 1.857454997045058747e+02 7.651384030539715297e+01
2.549999720478540723e+02 1.855340057821010475e+02 7.644199929720318210e+01
2.549999840273451923e+02 1.853972319389205552e+02 7.630175539476415736e+01
2.549999840273451923e+02 1.851997660006069566e+02 7.619390802945358132e+01
2.549999361093807408e+02 1.841471560688102045e+02 7.554209992492852166e+01
2.550000000000000000e+02 1.841606968869295713e+02 7.538957305093678940e+01
2.549998282939607464e+02 1.834533159231395985e+02 7.513355934639896816e+01
2.549999720478540723e+02 1.808615689938824858e+02 7.460057182104237938e+01
2.549997084990496319e+02 1.781223744948648005e+02 7.352069257431277549e+01
2.549999760410177885e+02 1.778409562828437629e+02 7.340906368297474671e+01
2.549999880205088800e+02 1.784599845065248189e+02 7.386533454725510239e+01
2.549998921845800055e+02 1.804129570175858817e+02 7.486855703036401621e+01
2.549998722187614817e+02 1.826608366476592096e+02 7.631606689347836436e+01
2.549999880205088800e+02 1.830780423914258677e+02 7.652199035251649661e+01
2.550000000000000000e+02 1.829962863577555368e+02 7.655749756417013430e+01
2.550000000000000000e+02 1.822487860782340761e+02 7.623992125481176174e+01
2.549999560751992647e+02 1.813104405258197858e+02 7.579180043765073549e+01
2.549998802050888855e+02 1.811216437459069937e+02 7.568887664318685893e+01
2.549999640615266685e+02 1.814233911543437614e+02 7.586464772309805937e+01
2.549999960068362839e+02 1.831408308975034629e+02 7.679492309166707287e+01
2.549999960068362839e+02 1.852148561662433792e+02 7.799273244205919298e+01
2.549999401025444570e+02 1.853603071541520819e+02 7.796369016244189254e+01
2.550000000000000000e+02 1.856097800565432010e+02 7.800486367339115645e+01
2.549999361093807408e+02 1.857703092305972064e+02 7.804483524206558798e+01
2.550000000000000000e+02 1.855933601673934277e+02 7.790427987285767131e+01
2.549998881914162894e+02 1.856257966361588956e+02 7.776096922069416451e+01
2.549998282939607464e+02 1.860994337693868204e+02 7.797523040554570173e+01
2.549999241298896209e+02 1.856956929736291499e+02 7.756449758014279894e+01
2.549999560751992647e+02 1.853393031130704287e+02 7.735365055025795300e+01
2.549999321162170247e+02 1.853980106058427850e+02 7.725435254843706900e+01
2.549998043349785064e+02 1.855180970179053475e+02 7.725849745236155286e+01
2.549997284648681557e+02 1.832802402287284167e+02 7.638636254731899555e+01
2.549993331416614808e+02 1.799064202086028672e+02 7.512343268324627843e+01
2.549999480888718608e+02 1.784434248566454357e+02 7.460961234366763506e+01
2.549998881914162894e+02 1.781922588528439348e+02 7.459327631095564470e+01
2.549999880205088800e+02 1.784589023591611294e+02 7.469290574536393024e+01
2.549999440957081447e+02 1.807819373233025146e+02 7.605504975481974839e+01
2.549998362802881502e+02 1.824335138243327492e+02 7.715337741786062509e+01
2.549996006836296374e+02 1.844256872234734033e+02 7.823696631367099030e+01
2.549998442666155540e+02 1.852165332949989534e+02 7.864033574520421155e+01
2.549997963486511026e+02 1.852052446212084931e+02 7.865562556902582969e+01
2.550000000000000000e+02 1.850828940853259326e+02 7.863770025715973588e+01
2.549999281230533370e+02 1.850616464612583343e+02 7.863188621080709595e+01
2.549999401025444570e+02 1.848764595013337271e+02 7.830665101346494339e+01
2.549998083281422225e+02 1.848413396265593178e+02 7.815773795262511214e+01
2.549998083281422225e+02 1.850916710591467336e+02 7.834259347996230360e+01
2.549999121503985293e+02 1.853892016867123402e+02 7.844319325315061064e+01
2.549998762119251978e+02 1.856366021371412103e+02 7.850529892823486477e+01
2.549998322871244341e+02 1.859572651620425745e+02 7.865560560320730588e+01
2.549998762119251978e+02 1.862374494864791359e+02 7.874714488795183343e+01
2.549998562461066740e+02 1.864894780136406496e+02 7.882127797211174425e+01
2.549996765537399881e+02 1.862641877106393906e+02 7.842913332374973834e+01
2.549999001709074093e+02 1.864211869279793063e+02 7.838793186065456098e+01
2.549998602392703617e+02 1.862123644320922722e+02 7.812560097113741620e+01
2.549998482597792702e+02 1.860099150254763742e+02 7.791949382656891032e+01
2.549999440957081447e+02 1.860557405721405075e+02 7.787843611736707317e+01
2.549999480888718608e+02 1.859437602823965392e+02 7.772712715830498098e+01
2.549999920136725962e+02 1.854562828437714757e+02 7.739826616831983586e+01
2.550000000000000000e+02 1.825030308112511364e+02 7.656470123149168217e+01
2.549999640615266685e+02 1.804338412637564488e+02 7.586337390387656399e+01
2.549999401025444570e+02 1.801259124379062939e+02 7.562346862171960993e+01
2.549996046767933251e+02 1.802133307777085633e+02 7.561695177855511929e+01
2.549998522529429579e+02 1.817259332023575666e+02 7.654688772820929898e+01
2.549999161435622170e+02 1.833790790167233808e+02 7.749419793313846583e+01
2.549999361093807408e+02 1.850078385803504375e+02 7.842419777341191889e+01
2.549999520820355485e+02 1.856142923315284179e+02 7.853404970690178288e+01
2.549999840273451923e+02 1.863948839586627741e+02 7.897121727602345231e+01
2.549999121503985293e+02 1.864880205088887806e+02 7.887939846981966241e+01
2.549998762119251978e+02 1.867784153529158004e+02 7.901554538629865476e+01
2.549998562461066740e+02 1.872839219256632646e+02 7.917916926222306984e+01
2.549998402734518379e+02 1.872918483556151727e+02 7.896275975529893287e+01
2.549999880205088800e+02 1.876834139952401586e+02 7.903726420368329286e+01
2.549999001709074093e+02 1.877375652882265626e+02 7.884144344881562461e+01
2.549999960068362839e+02 1.878602871883335865e+02 7.868251952657051618e+01
2.549999920136725962e+02 1.872917365470314905e+02 7.810712060951651381e+01
2.549997683965051749e+02 1.873961418052294334e+02 7.808449135080741144e+01
2.549999880205088800e+02 1.871499073586020643e+02 7.766233807721181392e+01
2.549998482597792702e+02 1.872778842621432034e+02 7.763683773379973729e+01
2.549997763828325787e+02 1.870941907454437967e+02 7.736366540482693210e+01
2.549998682255977656e+02 1.870873544491830103e+02 7.715683150446436400e+01
2.549998881914162894e+02 1.874338013321194012e+02 7.736031514047949997e+01
2.549999680546903562e+02 1.874987621192518361e+02 7.714259986902422384e+01
2.549999241298896209e+02 1.877319788522050317e+02 7.703587458271439914e+01
2.550000000000000000e+02 1.883332175315859160e+02 7.716207053524365733e+01
2.549998762119251978e+02 1.878859193061478834e+02 7.668930391170316341e+01
2.549999480888718608e+02 1.848380492596674571e+02 7.565967463702142481e+01
2.549995567588288736e+02 1.819801499832286993e+02 7.459396712827638964e+01
2.549999920136725962e+02 1.809919338093184535e+02 7.404826536968710116e+01
2.549999840273451923e+02 1.810240069001868903e+02 7.393097417221716228e+01
2.549999640615266685e+02 1.815441683837270546e+02 7.420502499720478795e+01
2.549999920136725962e+02 1.845247336559809526e+02 7.604808567732042945e+01
2.549998402734518379e+02 1.861076517002890967e+02 7.678092705288545972e+01
2.549999560751992647e+02 1.862573913460156234e+02 7.676720654239940700e+01
2.549999760410177885e+02 1.862473645119555385e+02 7.680255402750491101e+01
2.549999600683629524e+02 1.862343507914450527e+02 7.678736403277588352e+01
2.549999960068362839e+02 1.860854057852955634e+02 7.677549635024837471e+01
2.549999680546903562e+02 1.856046009232194365e+02 7.643291085661347495e+01
2.549999840273451923e+02 1.858571405753350234e+02 7.639901688309613803e+01
2.550000000000000000e+02 1.861964796268787836e+02 7.640913955308511163e+01
2.549998322871244341e+02 1.865340776590477105e+02 7.657394141230213336e+01
2.549995687383199936e+02 1.868642404204002787e+02 7.670779625281518577e+01
2.549998083281422225e+02 1.867012035395403018e+02 7.647675180091682989e+01
2.549999840273451923e+02 1.867859304870062545e+02 7.653954430015812704e+01
2.549998881914162894e+02 1.867596195313623184e+02 7.649979634865110256e+01
2.549998722187614817e+02 1.861521275576213554e+02 7.596201303368633262e+01
2.549997204785407519e+02 1.860040211158496675e+02 7.579780216269746518e+01
2.549999880205088800e+02 1.860587594039005239e+02 7.575504735892153008e+01
2.549999081572348132e+02 1.863880197102560317e+02 7.589436484738128286e+01
2.550000000000000000e+02 1.868401336911207977e+02 7.612667113901001414e+01
2.549999920136725962e+02 1.867683286214001726e+02 7.605504576165604647e+01
2.549998123213059102e+02 1.848823574041241500e+02 7.556631846279169906e+01
2.549998921845800055e+02 1.819236786621304418e+02 7.450657274745636016e+01
2.549999840273451923e+02 1.810487685083137706e+02 7.409776462695865007e+01
2.549998642324340778e+02 1.808536705160764768e+02 7.404177647866852396e+01
2.549997244717044396e+02 1.819983787755362812e+02 7.475862922676378730e+01
2.549999401025444570e+02 1.837422652419058693e+02 7.576148433881195388e+01
2.549999880205088800e+02 1.854732338236938460e+02 7.668792227706167353e+01
2.549999321162170247e+02 1.867330490200776296e+02 7.728654942738032219e+01
2.549998881914162894e+02 1.875468997077004190e+02 7.777885060775950876e+01
2.549999880205088800e+02 1.877457752328014351e+02 7.791262159183477820e+01
2.549999321162170247e+02 1.876078633379653979e+02 7.774270448991326532e+01
2.549999720478540723e+02 1.874853610618620792e+02 7.760684508122095338e+01
2.549999760410177885e+02 1.875762255019406837e+02 7.762717427763668354e+01
2.549999600683629524e+02 1.874149895379110831e+02 7.734639097864456403e+01
2.549999920136725962e+02 1.872525037136422554e+02 7.711637276981807076e+01
2.549999960068362839e+02 1.873581228936061507e+02 7.709094031018895521e+01
2.550000000000000000e+02 1.876160253645758473e+02 7.726696295941349035e+01
2.549999880205088800e+02 1.877313958503042670e+02 7.728779529445588992e+01
2.549999081572348132e+02 1.870094797706326801e+02 7.668435638187423820e+01
2.550000000000000000e+02 1.865906408229111832e+02 7.638331177024933538e+01
2.549999760410177885e+02 1.866766815212356505e+02 7.635369447505870255e+01
2.550000000000000000e+02 1.868582866133180005e+02 7.639329467950868491e+01
2.549999600683629524e+02 1.871836575782260752e+02 7.654963103167376914e+01
2.549999800341814762e+02 1.873311091411503639e+02 7.655401153225678001e+01
2.549998203076333425e+02 1.874245371923267385e+02 7.661483939495583684e+01
2.549998602392703617e+02 1.860092601466289750e+02 7.592890970658233130e+01
2.549998322871244341e+02 1.830023919050585448e+02 7.507257575031546537e+01
2.549998482597792702e+02 1.814801619627198193e+02 7.459180682671266993e+01
