2.550000000000000000e+02 1.743098014875917272e+02 6.690560900163174551e+01
2.550000000000000000e+02 1.742351549491289120e+02 6.686013033946322537e+01
2.550000000000000000e+02 1.684672032408009841e+02 6.357932654607095913e+01
2.550000000000000000e+02 1.684576029685096330e+02 6.343104455100290551e+01
2.550000000000000000e+02 1.685463746208442899e+02 6.309617290500835907e+01
2.550000000000000000e+02 1.696578438929654737e+02 6.329750833391729259e+01
2.550000000000000000e+02 1.702512988898120909e+02 6.300577951741696836e+01
2.550000000000000000e+02 1.708211519659368776e+02 6.299321941143690395e+01
2.549998998928853950e+02 1.709058425848991760e+02 6.275917231437638577e+01
2.550000000000000000e+02 1.694087807287130545e+02 6.165155382926398175e+01
2.550000000000000000e+02 1.692072117165367047e+02 6.140452951324584063e+01
2.549999933261923672e+02 1.693000010010711378e+02 6.134064448960387494e+01
2.549997430584058407e+02 1.692820885013631198e+02 6.138148819236582909e+01
2.549999632940579772e+02 1.684728726403918984e+02 6.099096366445429851e+01
2.549999699678656100e+02 1.684222284511093619e+02 6.090549888380567012e+01
2.549997864381554962e+02 1.686092252043019357e+02 6.105242275901881754e+01
2.549999833154809039e+02 1.681717137336950429e+02 6.073496641406304519e+01
2.550000000000000000e+02 1.687917872123171890e+02 6.114459471634648935e+01
2.550000000000000000e+02 1.703783081230249650e+02 6.200380740725910300e+01
2.549998064595784228e+02 1.707214786488208915e+02 6.223994674301502528e+01
2.550000000000000000e+02 1.714362601316742314e+02 6.247641643224917374e+01
2.549998198071936883e+02 1.715984436680581666e+02 6.270413008585853731e+01
2.549999966630961694e+02 1.720916447265240379e+02 6.290085057678382441e+01
2.549998431655204456e+02 1.721323549531331878e+02 6.295209207185020972e+01
2.550000000000000000e+02 1.701321480650963167e+02 6.175036956209811478e+01
2.550000000000000000e+02 1.702110791880645593e+02 6.175689988287467713e+01
2.550000000000000000e+02 1.700906369815702703e+02 6.160119995061382525e+01
2.549999833154809039e+02 1.701908041604516768e+02 6.170518788436960733e+01
2.549999532833465139e+02 1.702910847940629822e+02 6.185655317856773650e+01
2.550000000000000000e+02 1.699179855779016748e+02 6.160262480854514422e+01
2.550000000000000000e+02 1.697191828589924683e+02 6.150339196273345976e+01
2.549999866523847061e+02 1.696613676633998296e+02 6.148590658671444942e+01
2.549995928977339190e+02 1.691691676760800647e+02 6.116385866210178079e+01
2.549999899892885367e+02 1.694033015326399152e+02 6.131462998741987036e+01
2.550000000000000000e+02 1.695907654523673784e+02 6.145743612331861527e+01
2.550000000000000000e+02 1.696830408537134645e+02 6.147137437057651965e+01
2.550000000000000000e+02 1.699589527461050125e+02 6.165622883151638689e+01
2.550000000000000000e+02 1.701791383446955024e+02 6.171394058309057584e+01
2.550000000000000000e+02 1.705288959186329407e+02 6.190612288482009262e+01
2.550000000000000000e+02 1.710787976468154170e+02 6.216733571588265761e+01
2.549999966630961694e+02 1.707853603355590622e+02 6.204094047297274983e+01
2.549999899892885367e+02 1.705229228607943810e+02 6.193289486417133105e+01
2.550000000000000000e+02 1.699862352717407532e+02 6.166469789341261531e+01
2.549996596358103034e+02 1.696568695170498984e+02 6.149166608270849821e+01
2.549999933261923672e+02 1.697957214219214563e+02 6.157210882310739208e+01
2.550000000000000000e+02 1.693375678642814535e+02 6.133399737719359734e+01
2.549999899892885367e+02 1.691985924939685333e+02 6.120565338245256015e+01
2.549999365988274178e+02 1.689924919664040601e+02 6.111500972707463575e+01
2.549998364917128129e+02 1.685584809079047943e+02 6.086895311316441592e+01
2.549999432726350506e+02 1.693445786992081423e+02 6.133025670801090712e+01
2.549999833154809039e+02 1.693635156283890524e+02 6.142052329325711924e+01
2.549999933261923672e+02 1.693534848955048631e+02 6.125968452911281759e+01
2.549998965559815645e+02 1.696648380433730665e+02 6.138960354245709539e+01
2.549999733047694406e+02 1.698770484418327555e+02 6.149609749098201661e+01
2.549999666309618078e+02 1.700545783988868038e+02 6.144290724408450188e+01
2.549998865452701011e+02 1.702562875610236404e+02 6.141778703212437307e+01
2.549997564060211062e+02 1.701126205039392119e+02 6.127713653609362154e+01
2.549999399357312200e+02 1.700544616072531028e+02 6.120623400371731293e+01
2.550000000000000000e+02 1.696654620443874819e+02 6.095789161069010476e+01
2.550000000000000000e+02 1.690103811077853209e+02 6.054988504366338731e+01
2.549998264810013495e+02 1.690172117499057265e+02 6.045029848604673361e+01
2.550000000000000000e+02 1.688810160204752435e+02 6.031250437968626699e+01
2.550000000000000000e+02 1.693832100347371750e+02 6.066016637802448486e+01
2.550000000000000000e+02 1.696492613763393535e+02 6.080243527240814672e+01
2.549999933261923672e+02 1.698189028927619120e+02 6.089443371073715383e+01
2.550000000000000000e+02 1.699579483380550471e+02 6.111787279055256050e+01
2.550000000000000000e+02 1.698101301726180452e+02 6.114943322688610294e+01
2.549999766416732712e+02 1.696721491996436271e+02 6.123068683491335662e+01
2.549999499464426833e+02 1.697755798704613994e+02 6.139163237997991018e+01
2.549999766416732712e+02 1.695091247634969420e+02 6.130668481942345238e+01
2.550000000000000000e+02 1.690123532179432004e+02 6.106818295576266564e+01
2.550000000000000000e+02 1.685227593525071939e+02 6.090135444926070818e+01
2.550000000000000000e+02 1.686455774345216128e+02 6.094447058352437097e+01
2.549997630798287389e+02 1.685200030699515139e+02 6.099802788984212754e+01
2.549998264810013495e+02 1.683951561504142660e+02 6.109784135691857188e+01
2.550000000000000000e+02 1.696725930078517308e+02 6.199009273255717289e+01
2.549999499464426833e+02 1.697442963971449501e+02 6.186163861999005320e+01
2.549999365988274178e+02 1.699013277540301488e+02 6.197003794059644122e+01
2.549999966630961694e+02 1.697098562128143726e+02 6.176233569919813959e+01
2.550000000000000000e+02 1.693989602207695668e+02 6.152016991514253874e+01
2.549999632940579772e+02 1.693669793345546282e+02 6.147259901427861450e+01
2.550000000000000000e+02 1.692634151875840587e+02 6.135792965139366117e+01
2.549997330476943773e+02 1.694557176178510929e+02 6.143432806436219806e+01
2.550000000000000000e+02 1.698646985607933857e+02 6.154722886822233363e+01
2.550000000000000000e+02 1.709415140867394882e+02 6.205537925580370739e+01
2.550000000000000000e+02 1.714023138091090743e+02 6.216324133489500525e+01
2.549999933261923672e+02 1.715320960093967244e+02 6.219919313665621985e+01
2.550000000000000000e+02 1.731553662418788235e+02 6.293436310185231264e+01
2.550000000000000000e+02 1.740851411009780350e+02 6.342497805985738069e+01
2.549999866523847061e+02 1.729334087473596639e+02 6.249802955829404283e+01
2.549999466095388811e+02 1.722430767587985940e+02 6.210399127065960556e+01
2.549999966630961694e+02 1.707349163605057356e+02 6.125991143857260823e+01
2.549999799785770733e+02 1.697903556805782159e+02 6.066049673150271104e+01
2.550000000000000000e+02 1.694920765218784027e+02 6.041422989265180377e+01
2.549999933261923672e+02 1.694324627351265917e+02 6.033323656312254002e+01
2.550000000000000000e+02 1.695898144347785603e+02 6.037722362928333553e+01
2.550000000000000000e+02 1.699941804397371925e+02 6.063557673377179924e+01
2.550000000000000000e+02 1.694811581725780059e+02 6.032777071466469465e+01
2.550000000000000000e+02 1.689470533470813791e+02 6.003841443678069112e+01
2.550000000000000000e+02 1.692940012480020187e+02 6.015114505854597837e+01
2.550000000000000000e+02 1.691256778085885344e+02 6.007670540812002002e+01
2.549997630798287389e+02 1.688265010227610219e+02 5.989023922263488942e+01
2.549999799785770733e+02 1.685092315444192081e+02 5.965807413932908077e+01
2.549998331548089823e+02 1.682341605517904100e+02 5.951927228801483949e+01
2.550000000000000000e+02 1.688214723087036475e+02 5.985259227373289548e+01
2.549999699678656100e+02 1.689554656816126510e+02 5.991090800489857315e+01
2.550000000000000000e+02 1.692565311550025058e+02 6.002827358607042640e+01
2.550000000000000000e+02 1.694636027215787522e+02 6.016997854370843157e+01
2.549999766416732712e+02 1.693158746525448919e+02 5.996582676797506650e+01
2.549999766416732712e+02 1.685995081403768836e+02 5.962417119651360053e+01
2.549999966630961694e+02 1.684348452844543544e+02 5.941421320813270057e+01
2.550000000000000000e+02 1.683264192686174283e+02 5.940246396978099597e+01
2.549998364917128129e+02 1.678672713136389234e+02 5.930247364680207767e+01
2.550000000000000000e+02 1.689371327320232581e+02 5.990155466348993230e+01
2.550000000000000000e+02 1.691698250461327007e+02 6.003834102489663849e+01
2.549999933261923672e+02 1.694136592820985072e+02 6.018317599831819820e+01
2.550000000000000000e+02 1.695454603091974946e+02 6.024003016561053414e+01
2.550000000000000000e+02 1.693888393914822075e+02 6.022768362147498067e+01
2.550000000000000000e+02 1.694935080536173757e+02 6.021543384755020867e+01
2.549999766416732712e+02 1.687580911575385585e+02 5.982178264075894703e+01
2.549999099035968584e+02 1.677140139949746356e+02 5.927207111609421730e+01
2.550000000000000000e+02 1.668747192829661117e+02 5.886288662201889110e+01
2.550000000000000000e+02 1.668848601336763693e+02 5.887732540484985577e+01
2.549999799785770733e+02 1.678940466298939782e+02 5.944643768832651176e+01
2.549999966630961694e+02 1.683527808087987410e+02 5.976952005312350735e+01
2.550000000000000000e+02 1.683533080396023820e+02 5.986814224553605612e+01
2.550000000000000000e+02 1.683374510726477240e+02 5.987319765482399703e+01
2.549999866523847061e+02 1.683957934990439753e+02 5.989558827945901953e+01
2.549999966630961694e+02 1.685074529746829057e+02 5.999218830815639336e+01
2.550000000000000000e+02 1.681170352276936342e+02 5.980600909639981211e+01
2.549999899892885367e+02 1.679564200361052997e+02 5.968503965910190345e+01
2.550000000000000000e+02 1.676957444465578249e+02 5.959230710193239844e+01
2.549999966630961694e+02 1.669833321654169822e+02 5.935232365297535040e+01
2.550000000000000000e+02 1.668985247548209827e+02 5.922422992602083980e+01
2.550000000000000000e+02 1.669289606545670495e+02 5.929356077669773128e+01
2.550000000000000000e+02 1.673228020648760719e+02 5.956437721695547793e+01
2.550000000000000000e+02 1.684765799405363680e+02 6.033473816984172799e+01
2.550000000000000000e+02 1.688272551630244322e+02 6.047539200277630300e+01
2.549999099035968584e+02 1.691700919984383233e+02 6.061232185104728387e+01
2.550000000000000000e+02 1.693983295459474903e+02 6.079060594836474962e+01
2.550000000000000000e+02 1.692866967655391193e+02 6.070038941667583998e+01
2.550000000000000000e+02 1.685576967355069939e+02 6.042932938243920660e+01
2.550000000000000000e+02 1.687582613396334068e+02 6.044482262687742491e+01
2.549999899892885367e+02 1.691664347518511420e+02 6.061431064572425953e+01
2.549999933261923672e+02 1.690796919370392857e+02 6.061634282015089781e+01
2.549999866523847061e+02 1.688164669529730020e+02 6.048753165887499961e+01
2.550000000000000000e+02 1.689724305006356815e+02 6.052285612271797532e+01
2.549999966630961694e+02 1.690601643758821808e+02 6.062961368664470996e+01
2.549999933261923672e+02 1.691857020345102569e+02 6.070622566145775778e+01
2.549999165774044911e+02 1.694427137036629176e+02 6.087876361039645445e+01
2.550000000000000000e+02 1.694907317496387691e+02 6.092495636998254582e+01
2.549998398286166150e+02 1.696974395936985900e+02 6.098426649848671133e+01
2.550000000000000000e+02 1.696231100610987141e+02 6.110084790726077131e+01
2.550000000000000000e+02 1.695694192786281462e+02 6.114087740549054217e+01
2.550000000000000000e+02 1.692650636180713377e+02 6.099653963073822638e+01
2.550000000000000000e+02 1.694001915382793015e+02 6.104372345075898210e+01
2.550000000000000000e+02 1.694068553352086610e+02 6.095688720264016069e+01
2.549999265881159545e+02 1.694441819413439134e+02 6.099929257639006863e+01
2.549999666309618078e+02 1.694723020298386018e+02 6.102412581462164809e+01
2.549999866523847061e+02 1.694062713770400990e+02 6.097948471531204717e+01
2.549998731976548356e+02 1.694806976798507776e+02 6.092732890859886652e+01
2.549999199143083217e+02 1.694130052489497018e+02 6.092988497692530814e+01
2.549999866523847061e+02 1.697326239075811145e+02 6.093454663156244067e+01
2.549999232512121239e+02 1.701202586767841467e+02 6.110262647699705241e+01
2.549999866523847061e+02 1.701219504870211097e+02 6.107721595440454365e+01
2.549999132405006605e+02 1.701465000884279561e+02 6.101673790956323273e+01
2.549999966630961694e+02 1.701202052863230278e+02 6.091773531011515530e+01
2.549999099035968584e+02 1.691270826450969196e+02 6.032166084376950010e+01
2.550000000000000000e+02 1.681264553071786736e+02 5.970696979100971191e+01
2.549999499464426833e+02 1.678786001021092602e+02 5.954074526409925028e+01
2.549998665238471744e+02 1.677822803733328101e+02 5.953768866019974837e+01
2.549999833154809039e+02 1.676311453254982951e+02 5.939672115830605748e+01
2.549999833154809039e+02 1.681378107908795698e+02 5.971723410716133174e+01
2.549999933261923672e+02 1.696273012122971693e+02 6.054484965579837308e+01
2.549999866523847061e+02 1.698386807217055718e+02 6.061379342563209605e+01
2.549999833154809039e+02 1.700000634011725822e+02 6.071355016534358384e+01
2.549999499464426833e+02 1.701273829664407629e+02 6.076404085705037517e+01
2.549999966630961694e+02 1.703451993633187556e+02 6.080388682557002511e+01
2.550000000000000000e+02 1.695798003864134671e+02 6.037779757674044845e+01
2.549999833154809039e+02 1.696728632970611841e+02 6.038187527320899761e+01
2.549996462881950379e+02 1.690177022747673448e+02 6.005018035965149181e+01
2.550000000000000000e+02 1.690828019313999278e+02 5.998236112640525164e+01
2.549999733047694406e+02 1.690104144768235415e+02 5.994830134911021702e+01
2.549999899892885367e+02 1.692668321770961484e+02 6.008990286272978665e+01
2.550000000000000000e+02 1.693172661414380116e+02 6.003848117485709679e+01
2.550000000000000000e+02 1.690729547282258807e+02 5.982121870401329744e+01
2.550000000000000000e+02 1.687278154291758767e+02 5.960119661371000177e+01
2.549999866523847061e+02 1.682154738903960549e+02 5.924410452517527403e+01
2.550000000000000000e+02 1.685435482633083950e+02 5.934909353007718380e+01
2.549999132405006605e+02 1.689212791019724307e+02 5.953996442860527338e+01
2.549999933261923672e+02 1.692032007581445612e+02 5.969795013998311362e+01
2.550000000000000000e+02 1.691879244124546631e+02 5.963129548617020248e+01
2.549999699678656100e+02 1.689218697339486539e+02 5.945478328478138508e+01
2.549999933261923672e+02 1.685051171420086291e+02 5.922065610202917441e+01
2.550000000000000000e+02 1.680166778452944527e+02 5.887816630461260559e+01
2.549999933261923672e+02 1.676111272394795719e+02 5.864784986602331429e+01
2.549999966630961694e+02 1.679561497468958464e+02 5.893018529826915142e+01
2.549999532833465139e+02 1.683083599451412908e+02 5.909043343043723695e+01
2.549999966630961694e+02 1.683159847703709602e+02 5.911561704356995506e+01
2.549998164702898862e+02 1.682697286096122866e+02 5.905939688800349785e+01
2.549999899892885367e+02 1.683805605331037611e+02 5.915883662185204628e+01
2.549999966630961694e+02 1.683594345950166655e+02 5.905116140937469993e+01
2.550000000000000000e+02 1.681346340584425434e+02 5.893725953436844378e+01
2.550000000000000000e+02 1.681420519956353417e+02 5.891123502147297586e+01
2.549999666309618078e+02 1.678761474778012541e+02 5.882484925536991227e+01
2.550000000000000000e+02 1.674738169841730553e+02 5.848816233369705486e+01
2.550000000000000000e+02 1.674064649174616761e+02 5.850469335522342362e+01
2.549998665238471744e+02 1.671154702198018640e+02 5.831099276225561567e+01
2.549999733047694406e+02 1.669784169060895067e+02 5.828454446257495647e+01
2.550000000000000000e+02 1.673819853910350730e+02 5.861956626924142455e+01
2.549999866523847061e+02 1.673062109790809586e+02 5.857642343974719523e+01
2.549997330476943773e+02 1.671354482629747054e+02 5.852752111425892423e+01
2.550000000000000000e+02 1.665948164536053469e+02 5.831635850359884898e+01
2.550000000000000000e+02 1.665919900960694520e+02 5.834067452173825785e+01
2.550000000000000000e+02 1.666449234013728073e+02 5.823350318173779527e+01
2.549999365988274178e+02 1.667974833071386342e+02 5.846671938974702698e+01
2.550000000000000000e+02 1.678786935354162324e+02 5.902526036192058712e+01
2.549998832083662990e+02 1.679224470183095832e+02 5.907172674761995523e+01
2.549999466095388811e+02 1.678267613012590118e+02 5.895569259107244875e+01
2.550000000000000000e+02 1.672801764554740203e+02 5.868326442626943873e+01
2.550000000000000000e+02 1.676737075337277645e+02 5.883760957557920079e+01
2.549999799785770733e+02 1.678363782580694590e+02 5.896084477057117823e+01
2.549999399357312200e+02 1.677211115894006639e+02 5.883805672069114223e+01
2.549998631869433723e+02 1.678683825026111265e+02 5.884866473793626085e+01
2.550000000000000000e+02 1.677839454883391852e+02 5.882182268360479327e+01
2.549999933261923672e+02 1.679157131463999804e+02 5.892505981400098136e+01
2.550000000000000000e+02 1.680097537698671033e+02 5.893020865659589447e+01
2.550000000000000000e+02 1.678968262707763870e+02 5.883623143430136793e+01
2.550000000000000000e+02 1.677469225404516067e+02 5.875230496631395738e+01
2.549995728763109923e+02 1.676216818662635717e+02 5.868979141014218470e+01
2.549999332619235872e+02 1.677895748450842461e+02 5.871189839795247423e+01
2.549999866523847061e+02 1.679845668198305475e+02 5.877051111355817170e+01
2.550000000000000000e+02 1.684027109006637204e+02 5.899816136599494598e+01
2.549999532833465139e+02 1.682074920164576213e+02 5.893968212654206695e+01
2.550000000000000000e+02 1.674275508127029184e+02 5.853908682290050081e+01
2.550000000000000000e+02 1.668515444859332888e+02 5.827190760780702306e+01
2.550000000000000000e+02 1.661017488712922727e+02 5.787793605824899146e+01
2.549999432726350506e+02 1.656855568791940811e+02 5.772719476506528480e+01
2.549998531762319089e+02 1.671334995111435830e+02 5.860684265497415879e+01
2.549998965559815645e+02 1.677833248242286004e+02 5.895891604016297549e+01
2.549999499464426833e+02 1.689999132405006605e+02 5.974435312450989244e+01
2.550000000000000000e+02 1.689949045478662129e+02 5.969490354679506794e+01
2.549997931119631289e+02 1.693316114909619898e+02 5.977733841877475385e+01
2.550000000000000000e+02 1.695568191298022214e+02 5.996099493124309987e+01
2.550000000000000000e+02 1.695867578308790371e+02 5.995777148215257313e+01
2.550000000000000000e+02 1.696357569265780967e+02 5.995061382345776479e+01
2.549999265881159545e+02 1.697361309934963742e+02 6.003528442099713658e+01
2.549999065666930278e+02 1.695747816830675561e+02 5.995404082368133913e+01
2.550000000000000000e+02 1.695807247087717258e+02 5.993270132374974679e+01
2.550000000000000000e+02 1.694200928326642952e+02 5.986752158142545710e+01
2.549998331548089823e+02 1.689905498883805706e+02 5.959603108659599258e+01
2.550000000000000000e+02 1.686960013881519842e+02 5.945340848040736859e+01
2.550000000000000000e+02 1.686801644426202813e+02 5.953247641643224597e+01
2.550000000000000000e+02 1.690290177156223876e+02 5.973436243447154936e+01
2.550000000000000000e+02 1.692552464470316522e+02 5.994520136546104538e+01
2.549999833154809039e+02 1.693700726443961742e+02 6.000989058292373102e+01
2.550000000000000000e+02 1.697700439470233107e+02 6.019158833284948429e+01
2.549999399357312200e+02 1.698034530280733634e+02 6.017124990406401253e+01
2.549999365988274178e+02 1.699958789237817882e+02 6.025133225885030441e+01
2.549998631869433723e+02 1.706515438185525113e+02 6.052942982324420740e+01
2.549999933261923672e+02 1.708021182665451931e+02 6.062925330103210086e+01
2.549998398286166150e+02 1.709026591786544884e+02 6.072513255850426361e+01
2.549999265881159545e+02 1.702188441632546869e+02 6.023823157445132637e+01
2.549999332619235872e+02 1.704217379262477436e+02 6.034521604783785165e+01
2.550000000000000000e+02 1.704937649952115351e+02 6.042230853680104730e+01
2.550000000000000000e+02 1.702559471968339437e+02 6.034210271657340030e+01
2.549997964488669595e+02 1.703620540645156893e+02 6.032398332882851122e+01
2.550000000000000000e+02 1.703252213201458858e+02 6.036594489437030830e+01
2.549999499464426833e+02 1.700766787128894464e+02 6.032025934416492419e+01
2.550000000000000000e+02 1.701073648804220397e+02 6.037306584712308677e+01
2.549999799785770733e+02 1.702115229962726914e+02 6.047048675416028374e+01
2.550000000000000000e+02 1.701060434665091634e+02 6.048223265560816486e+01
2.549999599571541467e+02 1.701354782951090954e+02 6.056298572806235825e+01
2.549999799785770733e+02 1.699936031553762632e+02 6.049976141137683783e+01
2.550000000000000000e+02 1.699528128430754350e+02 6.058793242102382948e+01
2.549998765345586378e+02 1.700942842174459884e+02 6.061401032438042336e+01
2.549999833154809039e+02 1.699638079411637079e+02 6.063680137747389409e+01
2.550000000000000000e+02 1.697880932597879848e+02 6.053536283823691377e+01
2.550000000000000000e+02 1.698914304972987850e+02 6.066135097888073346e+01
2.549999899892885367e+02 1.700801223976321239e+02 6.067565628555887969e+01
2.549996796572332300e+02 1.701570847473463175e+02 6.070996299373663163e+01
2.549999933261923672e+02 1.701993633187510682e+02 6.067707780658638228e+01
2.550000000000000000e+02 1.701968706515972087e+02 6.061924926337848518e+01
2.549999899892885367e+02 1.702311873704864240e+02 6.059666843522569479e+01
2.549999799785770733e+02 1.697945368210652077e+02 6.025493945188017619e+01
2.550000000000000000e+02 1.695857634335405635e+02 6.001175924906316084e+01
2.550000000000000000e+02 1.699582920391485459e+02 6.023581565608534305e+01
2.550000000000000000e+02 1.699175184113668422e+02 6.009805158185925933e+01
2.549999933261923672e+02 1.697156991314039374e+02 6.000237921242396055e+01
2.549997697536364001e+02 1.698027722996939985e+02 5.999274557109440309e+01
2.550000000000000000e+02 1.697638306321096877e+02 5.996963751213798588e+01
2.549999866523847061e+02 1.695948932023932230e+02 5.993231757981039465e+01
2.550000000000000000e+02 1.697400184864471555e+02 5.998384604860534353e+01
