2.550000000000000000e+02 1.862112907969507205e+02 8.063731797953255409e+01
2.550000000000000000e+02 1.862186714411147932e+02 8.062920313516367798e+01
2.550000000000000000e+02 1.862315220914830718e+02 8.062225614141297569e+01
2.550000000000000000e+02 1.878549117349666062e+02 8.185417109440912498e+01
2.550000000000000000e+02 1.907405267779130327e+02 8.311339528952605349e+01
2.550000000000000000e+02 1.916005972353712821e+02 8.317362332094639044e+01
2.550000000000000000e+02 1.920862577901432644e+02 8.260270752426403362e+01
2.549999978532157741e+02 1.921024960660179204e+02 8.217825608130301873e+01
2.549999227157679229e+02 1.919989029932612539e+02 8.180246150279189976e+01
2.549999978532157741e+02 1.920776685064607534e+02 8.156643331122145923e+01
2.549999978532157741e+02 1.916474915899727876e+02 8.106117476326336657e+01
2.549998389911831680e+02 1.918546047448224954e+02 8.103585344333455964e+01
2.549999463303943799e+02 1.922017504878567138e+02 8.112291627756202672e+01
2.549999656514524133e+02 1.925423141904583986e+02 8.119996436338186641e+01
2.549999978532157741e+02 1.930131275855332547e+02 8.136059319941693957e+01
2.549999699450208652e+02 1.929292656065846074e+02 8.109641207952547859e+01
2.550000000000000000e+02 1.928762121280427948e+02 8.093025312732791576e+01
2.549999270093363748e+02 1.930454688898764175e+02 8.094353098775688693e+01
2.549999785321577406e+02 1.926080744848254653e+02 8.040042678070383886e+01
2.549999806789419665e+02 1.926056121233198724e+02 8.030142138583508427e+01
2.549999613578839615e+02 1.920289687063263671e+02 7.981641989382005420e+01
2.549999892660788703e+02 1.918107588238198673e+02 7.951178047843232832e+01
2.550000000000000000e+02 1.919275138306573751e+02 7.945258290343979013e+01
2.549999849725104184e+02 1.921089857947287953e+02 7.947947352263676635e+01
2.549999892660788703e+02 1.923111785201357691e+02 7.953465231756091214e+01
2.549999935596473222e+02 1.921411467691970927e+02 7.944783421673504620e+01
2.549999162754152451e+02 1.885721480508272521e+02 7.802217842782404489e+01
2.549999978532157741e+02 1.870632700246665650e+02 7.749595438512879753e+01
2.549997853215775478e+02 1.868654481519407966e+02 7.736899356608768130e+01
2.549999935596473222e+02 1.869367857917232811e+02 7.728308140820458050e+01
2.550000000000000000e+02 1.881027901754566756e+02 7.804901323063117502e+01
2.549999484771786058e+02 1.898357817407414529e+02 7.898812828323812596e+01
2.549999935596473222e+02 1.913319679785664960e+02 7.985360219658961967e+01
2.549999656514524133e+02 1.913798863492431508e+02 7.977396723577916759e+01
2.549999313029048267e+02 1.912642025877337062e+02 7.970709705396801326e+01
2.549999420368259280e+02 1.911638833609194990e+02 7.966277240008329841e+01
2.549998754865149806e+02 1.911815578354404010e+02 7.961282961188288709e+01
2.549998454315358174e+02 1.912645503667780815e+02 7.960073462956164292e+01
2.549999892660788703e+02 1.914349728324456521e+02 7.966799767288590317e+01
2.549999892660788703e+02 1.916362596149098465e+02 7.965909710549082945e+01
2.549998690461623028e+02 1.918528229139160999e+02 7.970999306588694822e+01
2.549999978532157741e+02 1.921199687428216976e+02 7.983929602651707569e+01
2.549999720918050912e+02 1.920276162322648759e+02 7.953002170398850978e+01
2.549999313029048267e+02 1.919314746475517097e+02 7.931602810569906126e+01
2.549999914128630962e+02 1.919255817248552489e+02 7.928902156015396940e+01
2.549999785321577406e+02 1.919192122160609415e+02 7.922821175020877149e+01
2.549999592110997355e+02 1.916882246738498168e+02 7.884079448190583150e+01
2.549999613578839615e+02 1.916024885522731154e+02 7.863164617561123748e+01
2.549999935596473222e+02 1.917006567012942924e+02 7.866161098981780242e+01
2.549999656514524133e+02 1.918124376090834744e+02 7.857100166805133767e+01
2.549998797800834325e+02 1.916008312348517677e+02 7.852940987048451404e+01
2.549998175233409086e+02 1.884649719951997895e+02 7.752841805617275384e+01
2.549999506239628317e+02 1.851082022184868094e+02 7.637914356190144360e+01
2.549999742385893171e+02 1.843650885655831928e+02 7.597982022828902871e+01
2.549999635046681874e+02 1.844014314757209547e+02 7.594739734614533688e+01
2.549999957064315481e+02 1.863517978244488802e+02 7.718838246249030988e+01
2.549998797800834325e+02 1.885716993729243143e+02 7.859839892832530950e+01
2.549999892660788703e+02 1.905243756614778761e+02 7.985974199947189334e+01
2.549999506239628317e+02 1.913598353845856650e+02 8.035575434777474868e+01
2.549998948075729857e+02 1.913677226698267191e+02 8.034396850238185550e+01
2.549999420368259280e+02 1.911343457567736550e+02 8.026209444562518058e+01
2.549999334496890242e+02 1.907688686232458224e+02 7.991586752623906875e+01
2.549999871192946443e+02 1.906254763177498148e+02 7.964145912630175417e+01
2.549999377432574761e+02 1.907956776646422554e+02 7.965567298465263946e+01
2.549999313029048267e+02 1.915329048352021175e+02 8.010113500481952542e+01
2.549999742385893171e+02 1.916482107626880236e+02 8.005812847644870089e+01
2.549999871192946443e+02 1.917819919152105967e+02 8.003440436398297209e+01
2.549999892660788703e+02 1.920160557992155645e+02 8.013721386049766693e+01
2.549999935596473222e+02 1.923057321285580201e+02 8.022718129378098695e+01
2.549999635046681874e+02 1.921594974807487120e+02 7.994388091358548820e+01
2.550000000000000000e+02 1.920477659489966982e+02 7.974341205591085213e+01
2.549999656514524133e+02 1.920835292273938251e+02 7.964360805731055848e+01
2.549999656514524133e+02 1.917490795662637026e+02 7.931661417779237411e+01
2.549999957064315481e+02 1.914685528312863880e+02 7.900865154042502070e+01
2.550000000000000000e+02 1.914914032025727124e+02 7.891240905685329210e+01
2.550000000000000000e+02 1.916652948715471609e+02 7.895813985440508986e+01
2.549999763853735431e+02 1.918030454281009725e+02 7.899852515923771534e+01
2.549999892660788703e+02 1.917560716424831355e+02 7.894782455620602946e+01
2.549999270093363748e+02 1.880723852704840908e+02 7.751684044884964919e+01
2.549999828257261925e+02 1.852313804037242448e+02 7.666065567083786902e+01
2.549998003490671010e+02 1.838510968993995505e+02 7.611765665621182109e+01
2.549997982022829035e+02 1.836651403030830068e+02 7.595599521696475165e+01
2.549999355964732501e+02 1.850641909950988975e+02 7.692623005369107148e+01
2.549999012479256635e+02 1.868750056353085824e+02 7.829499176708249308e+01
2.549999763853735431e+02 1.883896799788756482e+02 7.922623241515371717e+01
2.549999806789419665e+02 1.896288446221981872e+02 7.987205810056825328e+01
2.549999656514524133e+02 1.911089600333180840e+02 8.083102661368403119e+01
2.549999484771786058e+02 1.912126132160330485e+02 8.079055114391397296e+01
2.549999785321577406e+02 1.912657718870018755e+02 8.079977587572695086e+01
2.549999785321577406e+02 1.914324847095293478e+02 8.085949511928606626e+01
2.549999935596473222e+02 1.916665915292188060e+02 8.089707887070562720e+01
2.549999763853735431e+02 1.916308046361952222e+02 8.070022949123359979e+01
2.549999205689836970e+02 1.919190404733229798e+02 8.070922451713455814e+01
2.549999055414941154e+02 1.922470111396633285e+02 8.072954812338856811e+01
2.549998411379673939e+02 1.928039127289277133e+02 8.097323604107226913e+01
2.550000000000000000e+02 1.931240712474748591e+02 8.108083930676043849e+01
2.549999957064315481e+02 1.929658790115346676e+02 8.089025853722417025e+01
2.549999484771786058e+02 1.927499318396008618e+02 8.059230206112754047e+01
2.550000000000000000e+02 1.918486753267942220e+02 7.983264528898935453e+01
2.549999828257261925e+02 1.918288068387958276e+02 7.970473559132098273e+01
2.549999871192946443e+02 1.914630785315137302e+02 7.939402721693039666e+01
2.550000000000000000e+02 1.914440301150891059e+02 7.931361082666219886e+01
2.549999677982366393e+02 1.912276299716839105e+02 7.905079506153757052e+01
2.549998991011414375e+02 1.913695581703387347e+02 7.901312973231748060e+01
2.549999656514524133e+02 1.914294233952251147e+02 7.896751056754534659e+01
2.549999892660788703e+02 1.912342721220747421e+02 7.888434199990125251e+01
2.549999635046681874e+02 1.881065728092603706e+02 7.790489316528307029e+01
2.549999162754152451e+02 1.846411435490207396e+02 7.651012101422674050e+01
2.549999720918050912e+02 1.835910483391403716e+02 7.608992449759881538e+01
2.549999785321577406e+02 1.833074860512695068e+02 7.596016856549731244e+01
2.549998733397307547e+02 1.854100765757932834e+02 7.745007975303394687e+01
2.549999570643155096e+02 1.866233746159939813e+02 7.822235746962836345e+01
2.549998883672203362e+02 1.884750833488975275e+02 7.953222645138714597e+01
2.549999892660788703e+02 1.886480218456762827e+02 7.948080238207177217e+01
2.549999334496890242e+02 1.890371114588901662e+02 7.980134302821089420e+01
2.549998991011414375e+02 1.892366078233110613e+02 7.998522797775072490e+01
2.549999291561206007e+02 1.894928157865924732e+02 8.012859022826756927e+01
2.549998754865149806e+02 1.899720338419065229e+02 8.031854199002603423e+01
2.549999892660788703e+02 1.904639436855562167e+02 8.049447525079806098e+01
2.549998862204361103e+02 1.909947768739816070e+02 8.061553456000584106e+01
2.549999549175312836e+02 1.916940145509034608e+02 8.099412210479312080e+01
2.549998754865149806e+02 1.919255666973656673e+02 8.093357420252333156e+01
2.549999914128630962e+02 1.921890286445419065e+02 8.102817654294749161e+01
2.549999270093363748e+02 1.919521975556714892e+02 8.079966638973149884e+01
2.549998905140045338e+02 1.917226118635589955e+02 8.057599079458924507e+01
2.549999935596473222e+02 1.911612063209914822e+02 8.003686028513588724e+01
2.549999763853735431e+02 1.907807768353395090e+02 7.973573730230801004e+01
2.549999828257261925e+02 1.908135432029591243e+02 7.972080856481034061e+01
2.549999355964732501e+02 1.909161058192879921e+02 7.974476667675655506e+01
2.550000000000000000e+02 1.911339464549078571e+02 7.983593201563716946e+01
2.549999506239628317e+02 1.914263577873524298e+02 7.990519371507450330e+01
2.549999914128630962e+02 1.913716405510365632e+02 7.961598323790877885e+01
2.549999978532157741e+02 1.914268923366243484e+02 7.952899554112916292e+01
2.549999270093363748e+02 1.915970743624587556e+02 7.956611558715621868e+01
2.549999892660788703e+02 1.913682293109037289e+02 7.937890312206829435e+01
2.550000000000000000e+02 1.880765435915270700e+02 7.834032326276853553e+01
2.549999656514524133e+02 1.849901677282514640e+02 7.695357793792787504e+01
2.549998840736518844e+02 1.848923645325484699e+02 7.694611786274749932e+01
2.549999785321577406e+02 1.852162648959990463e+02 7.707056050389319068e+01
2.549999420368259280e+02 1.870781300650690184e+02 7.812377284446762360e+01
2.549999763853735431e+02 1.898954623421845156e+02 7.993849677875027737e+01
2.549999742385893171e+02 1.911943591097715114e+02 8.072730258708966744e+01
2.549999527707470577e+02 1.913093129646446187e+02 8.067057381395538584e+01
2.549999699450208652e+02 1.912986348599116013e+02 8.064000790016594067e+01
2.549999892660788703e+02 1.904858580589206269e+02 8.016624052999809180e+01
2.550000000000000000e+02 1.899499284047461174e+02 7.977658201896468881e+01
2.549999914128630962e+02 1.900049247230111575e+02 7.966617505307924318e+01
2.549998862204361103e+02 1.903625982958826910e+02 7.983612522621739060e+01
2.549999162754152451e+02 1.907880308192343364e+02 8.004246768553045399e+01
2.549999613578839615e+02 1.911477116353558188e+02 8.011968536730404367e+01
2.549999055414941154e+02 1.913970627698239468e+02 8.022140859100110788e+01
2.549999871192946443e+02 1.915692048096553890e+02 8.020967212164538296e+01
2.550000000000000000e+02 1.910730378928883511e+02 7.974285818558091421e+01
2.549999978532157741e+02 1.907769212108721604e+02 7.941600814060578273e+01
2.549999978532157741e+02 1.906989392739146467e+02 7.928523248599759654e+01
2.549999849725104184e+02 1.905187253253988047e+02 7.917894090547065389e+01
2.549999914128630962e+02 1.903777588860766059e+02 7.907270299454931717e+01
2.549999914128630962e+02 1.902133001869848954e+02 7.898507126250233057e+01
2.549999656514524133e+02 1.892398000914530201e+02 7.838828027556122890e+01
2.550000000000000000e+02 1.892415862159278390e+02 7.821531601737177652e+01
2.549999055414941154e+02 1.884570374807057647e+02 7.793656467294815116e+01
2.549999849725104184e+02 1.859366805992962952e+02 7.737942479063487156e+01
2.549998432847516199e+02 1.833634892113358887e+02 7.635180211801731787e+01
2.549999871192946443e+02 1.831081099067651508e+02 7.625188863342157219e+01
2.549999935596473222e+02 1.836789935016841468e+02 7.664534695253244934e+01
2.549999420368259280e+02 1.855399999570643104e+02 7.772780493459822537e+01
2.549999313029048267e+02 1.877450951347429111e+02 7.916520578000184116e+01
2.549998969543572116e+02 1.881837861974655084e+02 7.938776934091578141e+01
2.549999978532157741e+02 1.881222336001786175e+02 7.943128895071627937e+01
2.549999420368259280e+02 1.874287493049785951e+02 7.913579268934100241e+01
2.549999549175312836e+02 1.865786571005961605e+02 7.874839688888030764e+01
2.549998411379673939e+02 1.863993684160811313e+02 7.864037500026834948e+01
2.549999677982366393e+02 1.866669693632423446e+02 7.878709482131240804e+01
2.549999978532157741e+02 1.882613924471837379e+02 7.969928490617479611e+01
2.549999828257261925e+02 1.902376103715439513e+02 8.084819874069637535e+01
2.549999849725104184e+02 1.903948966645413634e+02 8.084712964215253805e+01
2.550000000000000000e+02 1.906280181102717108e+02 8.089798266686416639e+01
2.549999098350625673e+02 1.907920646267922962e+02 8.094908471854584775e+01
2.550000000000000000e+02 1.906444259821001026e+02 8.077036278506611211e+01
2.549999398900417020e+02 1.906672441516230663e+02 8.062730108434071497e+01
2.549999076882783413e+02 1.910814532870486744e+02 8.082978577240223217e+01
2.549999592110997355e+02 1.907346467359219275e+02 8.045099428311361578e+01
2.549999527707470577e+02 1.903927434399641072e+02 8.018924761653281053e+01
2.549999635046681874e+02 1.904385515217479963e+02 8.009526999031800187e+01
2.549998948075729857e+02 1.905407706526009406e+02 8.012661303999674089e+01
2.549998304040462642e+02 1.883325712249336163e+02 7.921656973935893120e+01
2.549996414870344950e+02 1.850694720842913341e+02 7.793366651424499025e+01
2.549999720918050912e+02 1.836979989824242807e+02 7.744788788634065213e+01
2.549999398900417020e+02 1.834487165450513544e+02 7.738301636064257139e+01
2.549999935596473222e+02 1.836906720078658282e+02 7.752795220399602272e+01
2.549999699450208652e+02 1.859035149298108820e+02 7.893566731714228979e+01
2.549999377432574761e+02 1.875443321676295056e+02 8.003751290754014747e+01
2.549997853215775478e+02 1.894400328028629588e+02 8.110786302657933788e+01
2.549999162754152451e+02 1.901556482966340695e+02 8.148661587375191573e+01
2.549998905140045338e+02 1.901608671290839823e+02 8.150646289390806487e+01
2.550000000000000000e+02 1.900634138592095894e+02 8.146215112072870568e+01
2.549999720918050912e+02 1.900497409904833148e+02 8.146753525556393072e+01
2.549999677982366393e+02 1.898833523323737325e+02 8.114999366698653205e+01
2.549998776332992065e+02 1.898169866448553478e+02 8.103744850401341182e+01
2.549998969543572116e+02 1.900658547528729230e+02 8.115756322816237400e+01
2.549999527707470577e+02 1.903599920998340451e+02 8.130585449525882780e+01
2.549999313029048267e+02 1.905880686026366675e+02 8.129874434590705334e+01
2.549999076882783413e+02 1.909051271647635417e+02 8.145504097137693122e+01
2.549999334496890242e+02 1.911708367950228933e+02 8.153140208624490981e+01
2.549999227157679229e+02 1.913978334653605771e+02 8.163306734676790200e+01
2.549998261104778123e+02 1.911871931440298908e+02 8.123516733109637755e+01
2.549999355964732501e+02 1.913249930766208706e+02 8.121474067919959339e+01
2.549999248625521489e+02 1.911368295861214790e+02 8.096283701828845381e+01
2.549999184221994710e+02 1.909447181594330800e+02 8.077630293701550102e+01
2.549999699450208652e+02 1.909968592546794639e+02 8.072141395796167274e+01
2.549999720918050912e+02 1.909024608587566263e+02 8.050970668487140358e+01
2.549999957064315481e+02 1.903263519910350396e+02 8.018145693658185280e+01
2.549999978532157741e+02 1.875087256044807589e+02 7.927373216290656899e+01
2.549999806789419665e+02 1.855504011266323516e+02 7.862180961029426385e+01
2.549999677982366393e+02 1.852497547299023495e+02 7.840527207269870758e+01
2.549997466794615093e+02 1.853317575937124957e+02 7.842175508197495049e+01
2.549999141286310191e+02 1.868000270494812298e+02 7.935568565067956115e+01
2.549999527707470577e+02 1.883397114292645256e+02 8.027056994974378767e+01
2.549999656514524133e+02 1.899678218512578951e+02 8.119489580582765598e+01
2.549999742385893171e+02 1.905124288072681509e+02 8.133536419120977712e+01
2.549999914128630962e+02 1.912699345016133066e+02 8.173401343457567236e+01
2.549999527707470577e+02 1.913561450625036287e+02 8.164923907233159639e+01
2.549999291561206007e+02 1.916124882731911612e+02 8.176422512896806438e+01
2.549998711929465287e+02 1.921004587677887798e+02 8.192491192817718115e+01
2.549999141286310191e+02 1.921204710903302271e+02 8.170659255967522938e+01
2.549999914128630962e+02 1.924669964127235744e+02 8.175829571093979098e+01
2.549999377432574761e+02 1.925185085001921266e+02 8.154252028174396116e+01
2.549999978532157741e+02 1.926411371086680617e+02 8.139505337978974353e+01
2.549999957064315481e+02 1.921241120363751236e+02 8.081357969829095111e+01
2.549998754865149806e+02 1.922229650095639215e+02 8.077284017406125827e+01
2.549999892660788703e+02 1.919747838724981932e+02 8.036415686122971636e+01
2.549999184221994710e+02 1.920953665956081124e+02 8.033837612947685614e+01
2.549998797800834325e+02 1.919391365204491819e+02 8.004040891945909664e+01
2.549999291561206007e+02 1.919294588171648286e+02 7.984839409806080823e+01
2.549999398900417020e+02 1.922713685534753267e+02 7.996892315156510733e+01
2.549999828257261925e+02 1.923352783198407963e+02 7.975270548481901756e+01
2.549999592110997355e+02 1.925455515410690452e+02 7.966695648253698891e+01
2.550000000000000000e+02 1.930813802963850208e+02 7.979225354380406543e+01
2.549998840736518844e+02 1.926391298654180844e+02 7.933604686859318633e+01
2.549999720918050912e+02 1.896804490213883980e+02 7.821604163043967617e+01
2.549998368443989420e+02 1.869176708249877095e+02 7.719117328198225891e+01
2.549999957064315481e+02 1.860007406405574670e+02 7.672124436200793696e+01
2.549999570643155096e+02 1.860336444023674858e+02 7.659678239980421210e+01
2.549999098350625673e+02 1.865593059875958772e+02 7.687881188373874863e+01
2.549999957064315481e+02 1.894105746297333894e+02 7.867811761372053070e+01
2.549999849725104184e+02 1.909478331433429332e+02 7.946605826801742012e+01
2.549999871192946443e+02 1.910855450577807062e+02 7.941411682370393521e+01
2.549999871192946443e+02 1.910818611760513477e+02 7.945003896413368238e+01
2.549999785321577406e+02 1.910741520739009047e+02 7.945411141380768072e+01
2.549999806789419665e+02 1.909514139794295033e+02 7.942993218308635051e+01
2.549999828257261925e+02 1.905282012309660615e+02 7.908083501319198660e+01
2.549999914128630962e+02 1.907558591108449093e+02 7.908569962624486038e+01
2.550000000000000000e+02 1.910814339659906409e+02 7.910325602763340669e+01
2.550000000000000000e+02 1.913925287615416551e+02 7.922865398775903145e+01
2.549997681473037403e+02 1.916954164010021202e+02 7.934800660350828139e+01
2.549998969543572116e+02 1.915733094610927481e+02 7.914063583455163098e+01
2.549999914128630962e+02 1.916414118970488119e+02 7.916838946100688190e+01
2.549999398900417020e+02 1.916126535755764735e+02 7.911926030402757704e+01
2.549999313029048267e+02 1.910880868503026022e+02 7.862790433070782115e+01
2.549998497251042693e+02 1.909533267641735961e+02 7.842918939574464332e+01
2.549999935596473222e+02 1.909787446893925278e+02 7.841892562036697711e+01
2.549999699450208652e+02 1.912723174321025681e+02 7.855400557734542133e+01
2.550000000000000000e+02 1.916635860313044191e+02 7.871643556534489505e+01
2.549999957064315481e+02 1.915916494387232660e+02 7.866826172734552358e+01
2.549998304040462642e+02 1.897264868090843208e+02 7.819337802938089510e+01
2.549999420368259280e+02 1.868511076333206802e+02 7.715675174372549350e+01
2.549999849725104184e+02 1.860161588448583529e+02 7.675458821458396130e+01
2.549999270093363748e+02 1.858751022405986930e+02 7.663081107654788582e+01
2.549998518718884952e+02 1.869537690017238560e+02 7.736780639441148821e+01
2.549999656514524133e+02 1.886262384261495413e+02 7.837079686483632202e+01
2.549999935596473222e+02 1.902964193785918496e+02 7.932478913211954819e+01
2.549999635046681874e+02 1.915215419063014508e+02 7.991828051170749347e+01
2.549999398900417020e+02 1.922710422422731824e+02 8.039600869876967693e+01
2.549999935596473222e+02 1.924169527256646006e+02 8.055540528065984063e+01
2.549999635046681874e+02 1.923079089677617333e+02 8.037096431400583185e+01
2.549999849725104184e+02 1.922116321356424180e+02 8.023546788088782478e+01
2.549999871192946443e+02 1.922853591462668419e+02 8.023838750743324510e+01
2.549999785321577406e+02 1.921374156582147634e+02 7.994505091098788796e+01
2.549999957064315481e+02 1.919835620731924735e+02 7.970287003582983232e+01
2.549999806789419665e+02 1.920811355629834338e+02 7.965536814129275456e+01
2.550000000000000000e+02 1.923283828489114740e+02 7.982058680199993717e+01
2.549999849725104184e+02 1.924283628838181812e+02 7.983433910174254322e+01
2.549999506239628317e+02 1.917553868183155146e+02 7.927274893573172676e+01
2.550000000000000000e+02 1.913648116304182167e+02 7.895897065990000385e+01
2.549998776332992065e+02 1.914316388765448664e+02 7.892179050391466433e+01
2.549999957064315481e+02 1.916137570226678974e+02 7.899585670644657398e+01
2.549999785321577406e+02 1.919136456045666534e+02 7.913301475055440903e+01
2.549999892660788703e+02 1.920568382591297336e+02 7.911485510279875655e+01
2.549999033947098894e+02 1.921447061374414318e+02 7.916341106839010422e+01
2.549999248625521489e+02 1.907774536133598815e+02 7.849014518701710585e+01
2.549999098350625673e+02 1.877904803000345737e+02 7.760315620216695720e+01
2.549999270093363748e+02 1.863518128519384334e+02 7.718010875608881349e+01
