2.550000000000000000e+02 2.053795681746243531e+02 6.976372228190027158e+01
2.550000000000000000e+02 2.053836008045321080e+02 6.975632497314488489e+01
2.550000000000000000e+02 2.053866315078496712e+02 6.973702417833295897e+01
2.550000000000000000e+02 2.054490400695865446e+02 6.978069272506586174e+01
2.550000000000000000e+02 2.056393413204993692e+02 6.954596774394545378e+01
2.550000000000000000e+02 2.055183674079760294e+02 6.872800683902130459e+01
2.550000000000000000e+02 2.058115655227589400e+02 6.776116263362136749e+01
2.550000000000000000e+02 2.059497242209522199e+02 6.739424565146413215e+01
2.550000000000000000e+02 2.060730284851218812e+02 6.721677255020225061e+01
2.550000000000000000e+02 2.060832620935281057e+02 6.698518295129689193e+01
2.550000000000000000e+02 2.060244175990150097e+02 6.695544168263850793e+01
2.550000000000000000e+02 2.060529450909335480e+02 6.687781729544622067e+01
2.550000000000000000e+02 2.059144922948854344e+02 6.669714151839232841e+01
2.550000000000000000e+02 2.058973075092154943e+02 6.662634618308338474e+01
2.550000000000000000e+02 2.059654509791215560e+02 6.665477148845914712e+01
2.550000000000000000e+02 2.060150812383015193e+02 6.658933222340471048e+01
2.550000000000000000e+02 2.060322111921680346e+02 6.658979330902457150e+01
2.550000000000000000e+02 2.060713286992151438e+02 6.657148945609343116e+01
2.550000000000000000e+02 2.060521624915571408e+02 6.651318081784127401e+01
2.550000000000000000e+02 2.059227345118847836e+02 6.634903682952543136e+01
2.550000000000000000e+02 2.058488187484890091e+02 6.626400267180423498e+01
2.550000000000000000e+02 2.058550546199533073e+02 6.628728624942986869e+01
2.550000000000000000e+02 2.059020305213756785e+02 6.631400179948009566e+01
2.550000000000000000e+02 2.059121918514955496e+02 6.619985693884011368e+01
2.550000000000000000e+02 2.059137794814406845e+02 6.619446348326508200e+01
2.550000000000000000e+02 2.059668093124340942e+02 6.619843629665999174e+01
2.550000000000000000e+02 2.060041472782240533e+02 6.616934304022410629e+01
2.550000000000000000e+02 2.059913490368295186e+02 6.619317742823888295e+01
2.550000000000000000e+02 2.060155074309555516e+02 6.613304687869958798e+01
2.550000000000000000e+02 2.061104387291981936e+02 6.610534435618740190e+01
2.550000000000000000e+02 2.061641938354098897e+02 6.612167177183988542e+01
2.550000000000000000e+02 2.062300268925072260e+02 6.615503692423490634e+01
2.550000000000000000e+02 2.061787093091940335e+02 6.611651508996153837e+01
2.550000000000000000e+02 2.061371966492783372e+02 6.611277655790861729e+01
2.550000000000000000e+02 2.061484222148559411e+02 6.612441086965732495e+01
2.550000000000000000e+02 2.061570831474452064e+02 6.610821056409463381e+01
2.550000000000000000e+02 2.061550718172007350e+02 6.607815525874380569e+01
2.550000000000000000e+02 2.061890750123994565e+02 6.601604079486176602e+01
2.550000000000000000e+02 2.062116183606786137e+02 6.601875746148688506e+01
2.550000000000000000e+02 2.062906833288886332e+02 6.603521946429327727e+01
2.550000000000000000e+02 2.063138497658432868e+02 6.605491903585750890e+01
2.550000000000000000e+02 2.063709047496803635e+02 6.603277944904006347e+01
2.550000000000000000e+02 2.064403841217066713e+02 6.607844437188923337e+01
2.550000000000000000e+02 2.065394352822716257e+02 6.613497097652950174e+01
2.550000000000000000e+02 2.066014774678673120e+02 6.619279111326007126e+01
2.550000000000000000e+02 2.066536574059073814e+02 6.614178756663933711e+01
2.550000000000000000e+02 2.067072181084523095e+02 6.611697368322670343e+01
2.549999900305811877e+02 2.067451442699519362e+02 6.612024116024096543e+01
2.550000000000000000e+02 2.067545952789817250e+02 6.609100583958706920e+01
2.550000000000000000e+02 2.067733652022421325e+02 6.610352992196438038e+01
2.550000000000000000e+02 2.068226689629561292e+02 6.609495123708025233e+01
2.550000000000000000e+02 2.068442278311280234e+02 6.611008979953990661e+01
2.550000000000000000e+02 2.068759181211633233e+02 6.607907992233822370e+01
2.550000000000000000e+02 2.069203792366914456e+02 6.610822801057754816e+01
2.550000000000000000e+02 2.069039396650773881e+02 6.606900582463293858e+01
2.550000000000000000e+02 2.068528239624950515e+02 6.601113584080832197e+01
2.550000000000000000e+02 2.067839203244048747e+02 6.589437899244069285e+01
2.550000000000000000e+02 2.067407851415782147e+02 6.593602623951029784e+01
2.550000000000000000e+02 2.067523471750405690e+02 6.595220660623537867e+01
2.550000000000000000e+02 2.068083154922275924e+02 6.604771613076886183e+01
2.549999975076453040e+02 2.069700144805808293e+02 6.614972322401034432e+01
2.550000000000000000e+02 2.070027889449114866e+02 6.612702784209437823e+01
2.550000000000000000e+02 2.070679665127222222e+02 6.618337748955080713e+01
2.550000000000000000e+02 2.070878704573720199e+02 6.615624820862005606e+01
2.550000000000000000e+02 2.070859513442514981e+02 6.612536544150817974e+01
2.550000000000000000e+02 2.070663539592300708e+02 6.607247767473275246e+01
2.550000000000000000e+02 2.070410440972317474e+02 6.599509006123714983e+01
2.550000000000000000e+02 2.070672636686962846e+02 6.599808337923420254e+01
2.550000000000000000e+02 2.070266806570843983e+02 6.600398029045901183e+01
2.550000000000000000e+02 2.070277723084438435e+02 6.598621977085291235e+01
2.550000000000000000e+02 2.070113451986032942e+02 6.592207403788877684e+01
2.550000000000000000e+02 2.069962265749812502e+02 6.589951075077200926e+01
2.550000000000000000e+02 2.069928419572960081e+02 6.590099370181967231e+01
2.550000000000000000e+02 2.069967973242079893e+02 6.580542934548273593e+01
2.550000000000000000e+02 2.070147397857073486e+02 6.580180047703669288e+01
2.550000000000000000e+02 2.070716551976811104e+02 6.578295329078052589e+01
2.550000000000000000e+02 2.071203956862324844e+02 6.585006741819468346e+01
2.550000000000000000e+02 2.071916421377424626e+02 6.586531065955182385e+01
2.550000000000000000e+02 2.072167202107535218e+02 6.588045919143029039e+01
2.550000000000000000e+02 2.072251169537443900e+02 6.586560226505194748e+01
2.550000000000000000e+02 2.073142435578861864e+02 6.587335847288443347e+01
2.550000000000000000e+02 2.073423099641848637e+02 6.589884778442129232e+01
2.550000000000000000e+02 2.073498094594830263e+02 6.587354290713237503e+01
2.550000000000000000e+02 2.063646215234767283e+02 6.510174788835247739e+01
2.550000000000000000e+02 2.062759435431812847e+02 6.504017925015016033e+01
2.550000000000000000e+02 2.062623103629616139e+02 6.503235574874074132e+01
2.550000000000000000e+02 2.063236521968860586e+02 6.491788189728009684e+01
2.550000000000000000e+02 2.063802635415861744e+02 6.493642750861731372e+01
2.550000000000000000e+02 2.064125046420106457e+02 6.499513990833119692e+01
2.550000000000000000e+02 2.064345869046699136e+02 6.501452544320297022e+01
2.550000000000000000e+02 2.064601410174290379e+02 6.497651703399820633e+01
2.550000000000000000e+02 2.065056613837054726e+02 6.496948610138400682e+01
2.550000000000000000e+02 2.065766062602965292e+02 6.500916438823907129e+01
2.550000000000000000e+02 2.065966821774207745e+02 6.500044862384635280e+01
2.550000000000000000e+02 2.065935393181416089e+02 6.496994220229446171e+01
2.550000000000000000e+02 2.064181498254105520e+02 6.476456968249893009e+01
2.550000000000000000e+02 2.063153102856986152e+02 6.465973875138014648e+01
2.550000000000000000e+02 2.063164268606051053e+02 6.461980873670017900e+01
2.550000000000000000e+02 2.063361538480710351e+02 6.464921852218320453e+01
2.550000000000000000e+02 2.063687812634742897e+02 6.447528456459809831e+01
2.550000000000000000e+02 2.063841516149212225e+02 6.452361630697834016e+01
2.550000000000000000e+02 2.064343750545202454e+02 6.454885139833560004e+01
2.550000000000000000e+02 2.064685477298387184e+02 6.459718563307055206e+01
2.550000000000000000e+02 2.065198852519895354e+02 6.464701777298138552e+01
2.550000000000000000e+02 2.065937038135519401e+02 6.467540818539131919e+01
2.550000000000000000e+02 2.066545920389206117e+02 6.473377664015632149e+01
2.550000000000000000e+02 2.066674974515673284e+02 6.470558312376783761e+01
2.550000000000000000e+02 2.067067395763495483e+02 6.462154341557273085e+01
2.550000000000000000e+02 2.066950703716350120e+02 6.465948702355524347e+01
2.550000000000000000e+02 2.066639932008563676e+02 6.468308463787332130e+01
2.550000000000000000e+02 2.066562444700880121e+02 6.466463622836947422e+01
2.550000000000000000e+02 2.066856766867633439e+02 6.464253153451787171e+01
2.550000000000000000e+02 2.066868780017296956e+02 6.460802488366934426e+01
2.550000000000000000e+02 2.067425721598995096e+02 6.464875245185393737e+01
2.550000000000000000e+02 2.068100152781343297e+02 6.468496636567329006e+01
2.550000000000000000e+02 2.068674690387237263e+02 6.473914766453903269e+01
2.550000000000000000e+02 2.069038798485645145e+02 6.468892920964940174e+01
2.550000000000000000e+02 2.069259496494503026e+02 6.474701104362368653e+01
2.550000000000000000e+02 2.069226497718249220e+02 6.475672873460659673e+01
2.550000000000000000e+02 2.069793682877772483e+02 6.480414079810182670e+01
2.550000000000000000e+02 2.071232693712038326e+02 6.488874128610487446e+01
2.550000000000000000e+02 2.071811493244472615e+02 6.486260396234550285e+01
2.550000000000000000e+02 2.071840753488673386e+02 6.481826497219778105e+01
2.550000000000000000e+02 2.072416387730636131e+02 6.486148240272962084e+01
2.550000000000000000e+02 2.072628736351242651e+02 6.485152046098592393e+01
2.550000000000000000e+02 2.073183883437555437e+02 6.489079498637927657e+01
2.550000000000000000e+02 2.073610300403512099e+02 6.494122279906386552e+01
2.550000000000000000e+02 2.074173049171666037e+02 6.499776435783235229e+01
2.550000000000000000e+02 2.074847106500808707e+02 6.500042868500874249e+01
2.550000000000000000e+02 2.067732231380241217e+02 6.431417875666393513e+01
2.550000000000000000e+02 2.066590508614823989e+02 6.409109805671103288e+01
2.550000000000000000e+02 2.066283475439090580e+02 6.416510354487608936e+01
2.550000000000000000e+02 2.066343840269971963e+02 6.415538585389317916e+01
2.550000000000000000e+02 2.065706595019776728e+02 6.410998761299713067e+01
2.550000000000000000e+02 2.065292864139252913e+02 6.409804674162008098e+01
2.550000000000000000e+02 2.064450697485463309e+02 6.406370707853659496e+01
2.550000000000000000e+02 2.064556348401279138e+02 6.404667432650344949e+01
2.549999975076453040e+02 2.064921154359003879e+02 6.409017588547131083e+01
2.550000000000000000e+02 2.065526298080637559e+02 6.411637551809823776e+01
2.550000000000000000e+02 2.065933748227312776e+02 6.413773749024866788e+01
2.550000000000000000e+02 2.066110182016663828e+02 6.407522175725961233e+01
2.550000000000000000e+02 2.066223658926243729e+02 6.411981995229632503e+01
2.550000000000000000e+02 2.066303937671193580e+02 6.406759265951693294e+01
2.550000000000000000e+02 2.063852482509900881e+02 6.390139497092668108e+01
2.550000000000000000e+02 2.063052436650574464e+02 6.390457770788107439e+01
2.550000000000000000e+02 2.063086407445161967e+02 6.381162284691708209e+01
2.550000000000000000e+02 2.063296861876194725e+02 6.378536339777731712e+01
2.550000000000000000e+02 2.065170639064669160e+02 6.398494119289080828e+01
2.550000000000000000e+02 2.065915703579270541e+02 6.404469788922480689e+01
2.550000000000000000e+02 2.064488581276933132e+02 6.394406408342409520e+01
2.550000000000000000e+02 2.064123251924720819e+02 6.391707437435665895e+01
2.550000000000000000e+02 2.064109394432578028e+02 6.384864677601457572e+01
2.549999975076453040e+02 2.063993649480219403e+02 6.382430893235001435e+01
2.550000000000000000e+02 2.063520949487447353e+02 6.378572977391850429e+01
2.550000000000000000e+02 2.063628868446041906e+02 6.376307925438716495e+01
2.550000000000000000e+02 2.063346060958011208e+02 6.378627061488882788e+01
2.550000000000000000e+02 2.062698447512256053e+02 6.374130604371091380e+01
2.550000000000000000e+02 2.061840728565126426e+02 6.374392550850267014e+01
2.550000000000000000e+02 2.061276858237357033e+02 6.376728136441465722e+01
2.550000000000000000e+02 2.060402116507612789e+02 6.373195472886919077e+01
2.550000000000000000e+02 2.062201521831781008e+02 6.383840070583485016e+01
2.550000000000000000e+02 2.064360225009782539e+02 6.403823521348263625e+01
2.550000000000000000e+02 2.069911022937140217e+02 6.433478056063026429e+01
2.550000000000000000e+02 2.073391720896151185e+02 6.452755422740742119e+01
2.550000000000000000e+02 2.074944084022261848e+02 6.455557078661206560e+01
2.550000000000000000e+02 2.073980639388675229e+02 6.452278884521729196e+01
2.550000000000000000e+02 2.073465021047935579e+02 6.458750283505347056e+01
2.550000000000000000e+02 2.073060362338526659e+02 6.457715457833097616e+01
2.550000000000000000e+02 2.072712005921834759e+02 6.455409032791911272e+01
2.550000000000000000e+02 2.071658088812567371e+02 6.449062500778860851e+01
2.550000000000000000e+02 2.071165101052521322e+02 6.442451031460993249e+01
2.550000000000000000e+02 2.070999808088687928e+02 6.437251481081781890e+01
2.550000000000000000e+02 2.071005366039673277e+02 6.437789331226463219e+01
2.550000000000000000e+02 2.071107378117624194e+02 6.426574233538620717e+01
2.550000000000000000e+02 2.070740777664514098e+02 6.426110655564056628e+01
2.550000000000000000e+02 2.071196479798219059e+02 6.425144618881580527e+01
2.549999950152906081e+02 2.071470215115134295e+02 6.428832057663117894e+01
2.550000000000000000e+02 2.072029025962858952e+02 6.421785921685230392e+01
2.550000000000000000e+02 2.072306250576357058e+02 6.424635181580501353e+01
2.550000000000000000e+02 2.071788189728009399e+02 6.430188397091920649e+01
2.549999975076453040e+02 2.068653206289706361e+02 6.417425547134165242e+01
2.550000000000000000e+02 2.068787594055235672e+02 6.404756160477734284e+01
2.550000000000000000e+02 2.069269416066216820e+02 6.414542889685888838e+01
2.550000000000000000e+02 2.069856216057244467e+02 6.418270455378127792e+01
2.550000000000000000e+02 2.070434367577456101e+02 6.415420946247385814e+01
2.550000000000000000e+02 2.070976355030942671e+02 6.416380004336697596e+01
2.550000000000000000e+02 2.071560936826285229e+02 6.418614400326997327e+01
2.550000000000000000e+02 2.071921979328409975e+02 6.416294516570420114e+01
2.550000000000000000e+02 2.072201795990798132e+02 6.412383762807587573e+01
2.550000000000000000e+02 2.072163239263558978e+02 6.414867145032611973e+01
2.550000000000000000e+02 2.072385931156178458e+02 6.405675091656344478e+01
2.550000000000000000e+02 2.072410057149693330e+02 6.413478903463625613e+01
2.550000000000000000e+02 2.072782365095070816e+02 6.406027759846669767e+01
2.550000000000000000e+02 2.072867304543313480e+02 6.407297365331844219e+01
2.550000000000000000e+02 2.073075790014131599e+02 6.404383553449792998e+01
2.550000000000000000e+02 2.072869547662545244e+02 6.399871394497379384e+01
2.550000000000000000e+02 2.073136005303730940e+02 6.401012394479933221e+01
2.550000000000000000e+02 2.073472622729776447e+02 6.390512353356080411e+01
2.550000000000000000e+02 2.074034025626391156e+02 6.393402238632993573e+01
2.550000000000000000e+02 2.074332510025496674e+02 6.400419214060868001e+01
2.550000000000000000e+02 2.074481777148596677e+02 6.402208475501399221e+01
2.550000000000000000e+02 2.074569184027994027e+02 6.394539749318963828e+01
2.550000000000000000e+02 2.063174761419346055e+02 6.308420669596014108e+01
2.550000000000000000e+02 2.062551548126123180e+02 6.297902683518307754e+01
2.550000000000000000e+02 2.062886844604176702e+02 6.296586720235676893e+01
2.550000000000000000e+02 2.062811326256707503e+02 6.297590142238682631e+01
2.550000000000000000e+02 2.062682147512505253e+02 6.296854897601607348e+01
2.550000000000000000e+02 2.063458341537334206e+02 6.299205437321018053e+01
2.550000000000000000e+02 2.064142044279173547e+02 6.302656850112280296e+01
2.550000000000000000e+02 2.064356262165806299e+02 6.301402697226258454e+01
2.550000000000000000e+02 2.064364885713075068e+02 6.302457960207064502e+01
2.550000000000000000e+02 2.064012591375954173e+02 6.300703093261420662e+01
2.550000000000000000e+02 2.063912523334670936e+02 6.297696067313516011e+01
2.550000000000000000e+02 2.063246192305104216e+02 6.291185039890137176e+01
2.550000000000000000e+02 2.062757915095444616e+02 6.286966231086143608e+01
2.550000000000000000e+02 2.062565455465359889e+02 6.284746539988584857e+01
2.550000000000000000e+02 2.062702709438796376e+02 6.277776670064577047e+01
2.550000000000000000e+02 2.063029108210564004e+02 6.283011861116026608e+01
2.550000000000000000e+02 2.063142335884673741e+02 6.278543069135427146e+01
2.550000000000000000e+02 2.062590055006268130e+02 6.277676975876498489e+01
2.550000000000000000e+02 2.063052411727027220e+02 6.278023413180070378e+01
2.550000000000000000e+02 2.063621640617406001e+02 6.280728365738098518e+01
2.550000000000000000e+02 2.063583956214312707e+02 6.282186891709680765e+01
2.550000000000000000e+02 2.063386212792259755e+02 6.273755504988447740e+01
2.550000000000000000e+02 2.062752905462493800e+02 6.272128745074483902e+01
2.550000000000000000e+02 2.062694808674391425e+02 6.274649263384567632e+01
2.550000000000000000e+02 2.062430045834402961e+02 6.277287919307524078e+01
2.550000000000000000e+02 2.062626243996540722e+02 6.279385734260156937e+01
2.550000000000000000e+02 2.063018789862098004e+02 6.277021237354415462e+01
2.550000000000000000e+02 2.063545673646090677e+02 6.286519102652613356e+01
2.550000000000000000e+02 2.063808691837787705e+02 6.282573705159423127e+01
2.550000000000000000e+02 2.063567456826185662e+02 6.286395481859396028e+01
2.550000000000000000e+02 2.063559232055669099e+02 6.286625775433856944e+01
2.550000000000000000e+02 2.063993175932826034e+02 6.289383316676096314e+01
2.550000000000000000e+02 2.064123575930832146e+02 6.287592061351803352e+01
2.550000000000000000e+02 2.064700805279804285e+02 6.285982747920753155e+01
2.550000000000000000e+02 2.065141129584997941e+02 6.289611367131324471e+01
2.550000000000000000e+02 2.065591074379341308e+02 6.290673359469825954e+01
2.550000000000000000e+02 2.066119827429360498e+02 6.290223987917064363e+01
2.550000000000000000e+02 2.066684146380976301e+02 6.296742243169078534e+01
2.550000000000000000e+02 2.067188773437480620e+02 6.301610310372930712e+01
2.550000000000000000e+02 2.067654918537386664e+02 6.291900096454126867e+01
2.550000000000000000e+02 2.067356060285075614e+02 6.293741697343399011e+01
2.549999950152906081e+02 2.064278849628763908e+02 6.272315671677130666e+01
2.550000000000000000e+02 2.062624673813078289e+02 6.261958691713169856e+01
2.550000000000000000e+02 2.062358041707063592e+02 6.263135332367961183e+01
2.550000000000000000e+02 2.062619414944657308e+02 6.265372220712963269e+01
2.550000000000000000e+02 2.064461389687134840e+02 6.278539829074314582e+01
2.550000000000000000e+02 2.065346873465644251e+02 6.277852437647516126e+01
2.550000000000000000e+02 2.066343217181296268e+02 6.290926831943014719e+01
2.550000000000000000e+02 2.066857614268232339e+02 6.293694093368591780e+01
2.550000000000000000e+02 2.066957682309515576e+02 6.298828094819142365e+01
2.550000000000000000e+02 2.065608969486101500e+02 6.283350821355492144e+01
2.550000000000000000e+02 2.064285230056800629e+02 6.274854134941067940e+01
2.550000000000000000e+02 2.063962295658068911e+02 6.272767784820064207e+01
2.550000000000000000e+02 2.064498500848646643e+02 6.268920835337601716e+01
2.550000000000000000e+02 2.064960159710089442e+02 6.269034237476540738e+01
2.550000000000000000e+02 2.064993382798266452e+02 6.269811602908079351e+01
2.550000000000000000e+02 2.065069698699240064e+02 6.278755168520563501e+01
2.550000000000000000e+02 2.065405543495328118e+02 6.277735795447465250e+01
2.550000000000000000e+02 2.065763071777323034e+02 6.276697729714101825e+01
2.550000000000000000e+02 2.066489194396189646e+02 6.276113771007434394e+01
2.550000000000000000e+02 2.066570121153362152e+02 6.280064900916438830e+01
2.550000000000000000e+02 2.066145772841807684e+02 6.274931647172299165e+01
2.550000000000000000e+02 2.064293280362488190e+02 6.278562260266632222e+01
2.550000000000000000e+02 2.063044361421339943e+02 6.273115219065516612e+01
2.550000000000000000e+02 2.062945439863219690e+02 6.269254312396723350e+01
2.550000000000000000e+02 2.063253619522115798e+02 6.277438706766992027e+01
2.550000000000000000e+02 2.063775842602815942e+02 6.281597948293609335e+01
2.550000000000000000e+02 2.064539574854134969e+02 6.288138634737941146e+01
2.550000000000000000e+02 2.065061399158082622e+02 6.287961677554103090e+01
2.550000000000000000e+02 2.065178190899416109e+02 6.290058495564854724e+01
2.550000000000000000e+02 2.065187188299890124e+02 6.289242000164495749e+01
2.550000000000000000e+02 2.065159946862997629e+02 6.289867830430155493e+01
2.550000000000000000e+02 2.065342162915257518e+02 6.283578871810720301e+01
2.550000000000000000e+02 2.065469621934715292e+02 6.286952024664341820e+01
2.550000000000000000e+02 2.065464338142747067e+02 6.287347312120071763e+01
2.550000000000000000e+02 2.065873408319978353e+02 6.290152706572588670e+01
2.550000000000000000e+02 2.065951543639884562e+02 6.286116836603718383e+01
2.550000000000000000e+02 2.066425888586760209e+02 6.282845870292876356e+01
2.550000000000000000e+02 2.066867783075416298e+02 6.289478773861181082e+01
2.550000000000000000e+02 2.067194032305901601e+02 6.289920169878896417e+01
2.550000000000000000e+02 2.067295471142271026e+02 6.288324065927766782e+01
2.550000000000000000e+02 2.067563598661106994e+02 6.294762316593848084e+01
2.550000000000000000e+02 2.068132428774733569e+02 6.295072365518770852e+01
2.550000000000000000e+02 2.068569213936250435e+02 6.298346821126195749e+01
2.550000000000000000e+02 2.069104845885246959e+02 6.302953440321812906e+01
2.550000000000000000e+02 2.068940824022311631e+02 6.305751108474753863e+01
2.550000000000000000e+02 2.067062934448578915e+02 6.296998706467909557e+01
2.550000000000000000e+02 2.064387416599580831e+02 6.288454416078678832e+01
2.550000000000000000e+02 2.063691601013889851e+02 6.281673965112018720e+01
2.550000000000000000e+02 2.063713583582361082e+02 6.287286000194403357e+01
2.550000000000000000e+02 2.064184090302995571e+02 6.280009321406585343e+01
