2.550000000000000000e+02 2.070877420382848584e+02 8.717974339881658352e+01
2.550000000000000000e+02 2.070900953904327650e+02 8.716346604646031437e+01
2.550000000000000000e+02 2.067493159038189958e+02 8.684124372209608111e+01
2.550000000000000000e+02 2.066511369938990583e+02 8.668003603570475946e+01
2.550000000000000000e+02 2.064443790735514597e+02 8.630884069828370286e+01
2.550000000000000000e+02 2.062737824926534245e+02 8.596757399423306367e+01
2.550000000000000000e+02 2.061805033354476677e+02 8.557719332113757105e+01
2.550000000000000000e+02 2.062048396932062246e+02 8.534411646641723337e+01
2.550000000000000000e+02 2.063991934866076576e+02 8.515342446444385871e+01
2.550000000000000000e+02 2.065639403940026284e+02 8.499779373236134461e+01
2.550000000000000000e+02 2.066975881204744780e+02 8.495574901254201450e+01
2.550000000000000000e+02 2.068528787196293592e+02 8.489359967886548475e+01
2.550000000000000000e+02 2.069585681323025028e+02 8.494388419546305613e+01
2.550000000000000000e+02 2.066462954621364645e+02 8.462498965812044105e+01
2.550000000000000000e+02 2.066454742402931970e+02 8.442278829329876544e+01
2.550000000000000000e+02 2.065100645639710422e+02 8.417812240495429421e+01
2.550000000000000000e+02 2.065434282334844056e+02 8.408960510873528449e+01
2.550000000000000000e+02 2.066631917951357877e+02 8.409096564044578770e+01
2.550000000000000000e+02 2.068228734797436914e+02 8.415336011497106483e+01
2.550000000000000000e+02 2.069900350244987521e+02 8.419051733911865654e+01
2.550000000000000000e+02 2.071696344030667092e+02 8.425275247209224005e+01
2.550000000000000000e+02 2.070482345262499848e+02 8.390165562000717614e+01
2.550000000000000000e+02 2.068774847323215056e+02 8.376374244276726699e+01
2.550000000000000000e+02 2.050846042354210113e+02 8.291112112102909748e+01
2.550000000000000000e+02 2.046990712226093478e+02 8.280982585806957275e+01
2.549999969357394036e+02 2.045870724973417509e+02 8.280099159473314785e+01
2.550000000000000000e+02 2.046438256680854124e+02 8.288092896124629760e+01
2.550000000000000000e+02 2.047106296136273897e+02 8.287119074103014782e+01
2.549999938714787788e+02 2.049328252789243265e+02 8.303644325142565208e+01
2.550000000000000000e+02 2.058577417012162130e+02 8.368599295832912333e+01
2.550000000000000000e+02 2.060434297656147180e+02 8.376078236701874857e+01
2.549999969357394036e+02 2.060402122919749957e+02 8.383213061104420660e+01
2.550000000000000000e+02 2.059591227634727773e+02 8.378699098800954914e+01
2.550000000000000000e+02 2.059919655086825685e+02 8.372824911213048438e+01
2.550000000000000000e+02 2.060516205342231899e+02 8.373475760166451209e+01
2.550000000000000000e+02 2.061590136757951086e+02 8.370507410914282787e+01
2.550000000000000000e+02 2.062704363200681428e+02 8.371047946485752789e+01
2.550000000000000000e+02 2.064534094495668626e+02 8.378221686998035977e+01
2.550000000000000000e+02 2.065837079391928057e+02 8.379069261482550246e+01
2.550000000000000000e+02 2.066468317077430754e+02 8.379962493450142347e+01
2.550000000000000000e+02 2.067444069583229975e+02 8.376814578526274602e+01
2.550000000000000000e+02 2.064432177187805451e+02 8.340819015575637252e+01
2.550000000000000000e+02 2.064471644864452458e+02 8.329878073070358369e+01
2.550000000000000000e+02 2.064907352080479654e+02 8.330888972645345802e+01
2.550000000000000000e+02 2.065477856120707258e+02 8.328579132998103773e+01
2.550000000000000000e+02 2.065009453243979465e+02 8.307533484707806792e+01
2.550000000000000000e+02 2.065934676092332438e+02 8.309704819775512874e+01
2.550000000000000000e+02 2.067218019078086684e+02 8.310380795665909659e+01
2.550000000000000000e+02 2.067941337794896697e+02 8.309861403492644172e+01
2.550000000000000000e+02 2.060082643108630975e+02 8.275553022433452099e+01
2.550000000000000000e+02 2.039537572431460148e+02 8.173501499955568761e+01
2.550000000000000000e+02 2.037343745690883452e+02 8.163796067327933770e+01
2.549999846786969613e+02 2.035836895536291706e+02 8.156990344514819924e+01
2.550000000000000000e+02 2.038989437493679873e+02 8.187233371023738471e+01
2.550000000000000000e+02 2.042450519851812487e+02 8.219704727847694414e+01
2.549999938714787788e+02 2.049086298771537997e+02 8.277641316038646835e+01
2.550000000000000000e+02 2.050336884811379434e+02 8.281129976742262500e+01
2.550000000000000000e+02 2.054196167835682161e+02 8.311050030182967419e+01
2.549999938714787788e+02 2.054636655298259882e+02 8.311067496468439231e+01
2.550000000000000000e+02 2.054427948508164832e+02 8.311754810123090920e+01
2.549999908072181825e+02 2.054785609006474658e+02 8.305532828956036440e+01
2.550000000000000000e+02 2.055622918217948722e+02 8.306005950794103398e+01
2.550000000000000000e+02 2.056751914396815550e+02 8.313081941392951535e+01
2.550000000000000000e+02 2.058139411600677704e+02 8.319124663314364909e+01
2.550000000000000000e+02 2.059714257698188646e+02 8.316856497611408372e+01
2.550000000000000000e+02 2.061032165543615235e+02 8.327143526902675319e+01
2.550000000000000000e+02 2.060574334365989273e+02 8.309244567832004691e+01
2.550000000000000000e+02 2.060976457285739230e+02 8.317152198760200577e+01
2.550000000000000000e+02 2.061673239505673507e+02 8.311940197889950355e+01
2.550000000000000000e+02 2.062566134404598870e+02 8.308663890446554490e+01
2.550000000000000000e+02 2.063241681298511025e+02 8.304666562481806125e+01
2.550000000000000000e+02 2.063817547794804739e+02 8.308917917651059781e+01
2.550000000000000000e+02 2.064964500540841925e+02 8.310139944782024202e+01
2.550000000000000000e+02 2.066712385434956332e+02 8.314143094841929837e+01
2.550000000000000000e+02 2.068241175695510492e+02 8.316502881937103098e+01
2.550000000000000000e+02 2.068920093276092871e+02 8.316406664153973338e+01
2.550000000000000000e+02 2.054672844216054841e+02 8.228139718026739047e+01
2.550000000000000000e+02 2.046320313290004549e+02 8.199807258007679422e+01
2.550000000000000000e+02 2.039577132035925331e+02 8.168835243899823695e+01
2.550000000000000000e+02 2.038205507702018906e+02 8.158311347263462210e+01
2.549999601646120766e+02 2.039335453801674873e+02 8.177276975452208774e+01
2.550000000000000000e+02 2.044800440027823356e+02 8.226197589652605302e+01
2.550000000000000000e+02 2.048736758563842386e+02 8.258961276938680385e+01
2.550000000000000000e+02 2.056087368198490424e+02 8.325631314292017748e+01
2.550000000000000000e+02 2.057912411174745557e+02 8.332329787983807989e+01
2.550000000000000000e+02 2.058959652880558053e+02 8.337382447302378807e+01
2.550000000000000000e+02 2.059675525444087896e+02 8.337808992379183337e+01
2.550000000000000000e+02 2.060465736969997863e+02 8.348956772475585808e+01
2.550000000000000000e+02 2.061515552654722114e+02 8.353091685741688366e+01
2.550000000000000000e+02 2.062848199593678942e+02 8.353990126952317041e+01
2.550000000000000000e+02 2.064392035373824399e+02 8.355050667549173227e+01
2.550000000000000000e+02 2.065218956741832983e+02 8.359980143591252499e+01
2.550000000000000000e+02 2.065972887422129531e+02 8.362200813254766274e+01
2.550000000000000000e+02 2.067381068385103902e+02 8.361735352068222937e+01
2.550000000000000000e+02 2.064615174831389197e+02 8.322202406670282926e+01
2.550000000000000000e+02 2.064493860753869399e+02 8.321528269336251071e+01
2.550000000000000000e+02 2.065221040439047329e+02 8.317108686259548733e+01
2.550000000000000000e+02 2.064979729916069857e+02 8.311198646822515457e+01
2.550000000000000000e+02 2.065661895612898036e+02 8.307196416040791576e+01
2.550000000000000000e+02 2.066990068731365398e+02 8.310666078328630135e+01
2.550000000000000000e+02 2.068806347922278235e+02 8.312558259254832649e+01
2.550000000000000000e+02 2.070803357203923554e+02 8.314824586401424256e+01
2.550000000000000000e+02 2.069010305108428724e+02 8.282238319804622506e+01
2.550000000000000000e+02 2.064623938616731493e+02 8.254170611902200960e+01
2.550000000000000000e+02 2.046997208458585078e+02 8.182592548331049898e+01
2.550000000000000000e+02 2.044773934173553585e+02 8.166740208921288513e+01
2.550000000000000000e+02 2.043993466996381017e+02 8.171884183206013574e+01
2.550000000000000000e+02 2.044522818016626786e+02 8.174821889852087509e+01
2.550000000000000000e+02 2.046936382885491525e+02 8.194039400262913375e+01
2.550000000000000000e+02 2.055499857511881601e+02 8.262722043984396691e+01
2.550000000000000000e+02 2.057398228244515792e+02 8.272461796330854611e+01
2.550000000000000000e+02 2.058708199654964233e+02 8.277068605730779893e+01
2.550000000000000000e+02 2.059135541439528367e+02 8.282893152296816197e+01
2.550000000000000000e+02 2.059296261908482677e+02 8.285824117569551106e+01
2.550000000000000000e+02 2.059789761079600225e+02 8.292658031580269551e+01
2.550000000000000000e+02 2.060469352797516649e+02 8.295602786025746411e+01
2.550000000000000000e+02 2.061616826467857493e+02 8.295107601511293183e+01
2.550000000000000000e+02 2.062690941739213031e+02 8.295782964549569272e+01
2.550000000000000000e+02 2.063992854144259184e+02 8.294690249216314726e+01
2.550000000000000000e+02 2.065077663685140976e+02 8.297293032177800853e+01
2.549999172649635568e+02 2.066726940672850219e+02 8.304742556144914545e+01
2.550000000000000000e+02 2.066923053351841588e+02 8.299173262487627767e+01
2.550000000000000000e+02 2.063779336465007646e+02 8.260527420536061527e+01
2.550000000000000000e+02 2.063955439522220559e+02 8.259472395608301554e+01
2.550000000000000000e+02 2.064392648225946232e+02 8.250914835004887493e+01
2.550000000000000000e+02 2.064791798812905483e+02 8.253082799385921930e+01
2.550000000000000000e+02 2.064667481759988732e+02 8.239656435100492615e+01
2.550000000000000000e+02 2.065163953263897270e+02 8.236262766475763897e+01
2.550000000000000000e+02 2.060907848490698484e+02 8.217099799903782298e+01
2.550000000000000000e+02 2.048171157340589446e+02 8.169058015646115223e+01
2.550000000000000000e+02 2.045412679297548948e+02 8.163324171194111045e+01
2.550000000000000000e+02 2.043632680952249530e+02 8.154765997738576289e+01
2.550000000000000000e+02 2.043375742700165176e+02 8.156491482887636835e+01
2.550000000000000000e+02 2.044862859016433561e+02 8.174499223209934939e+01
2.550000000000000000e+02 2.051793787518040801e+02 8.232582283058009409e+01
2.550000000000000000e+02 2.054259935098960170e+02 8.246514863196085798e+01
2.550000000000000000e+02 2.055411392308093070e+02 8.249430507165773463e+01
2.550000000000000000e+02 2.057772405107509712e+02 8.274479918368096776e+01
2.550000000000000000e+02 2.057358025145322529e+02 8.269401825686470886e+01
2.550000000000000000e+02 2.057494200886796989e+02 8.265789368854242980e+01
2.550000000000000000e+02 2.057992296448828426e+02 8.261981412195144969e+01
2.550000000000000000e+02 2.059169646660109265e+02 8.273137465795190337e+01
2.550000000000000000e+02 2.060244190927950001e+02 8.268591022329266593e+01
2.550000000000000000e+02 2.061507646862350214e+02 8.275001149097728614e+01
2.550000000000000000e+02 2.062671085330465246e+02 8.275192665385806379e+01
2.550000000000000000e+02 2.063755527160073768e+02 8.277223963743668378e+01
2.550000000000000000e+02 2.065188835060044141e+02 8.287023469172005719e+01
2.550000000000000000e+02 2.066053845187425395e+02 8.286853096282132469e+01
2.550000000000000000e+02 2.063017775775794291e+02 8.254680504867577895e+01
2.550000000000000000e+02 2.063098764183696403e+02 8.250340898992777738e+01
2.550000000000000000e+02 2.063779244537189470e+02 8.248731242894746174e+01
2.550000000000000000e+02 2.063299626466631764e+02 8.231685067551624968e+01
2.550000000000000000e+02 2.063816076949712510e+02 8.221944089500924235e+01
2.550000000000000000e+02 2.064537771608399623e+02 8.222438661163253926e+01
2.550000000000000000e+02 2.059509442519067477e+02 8.205083914776784582e+01
2.550000000000000000e+02 2.048127920623393265e+02 8.167248569756360155e+01
2.550000000000000000e+02 2.044294837027299536e+02 8.153631302034975192e+01
2.549999969357394036e+02 2.036320160076974162e+02 8.105565003692433379e+01
2.550000000000000000e+02 2.039554732290871755e+02 8.125772576706103223e+01
2.550000000000000000e+02 2.039699825030719182e+02 8.140585212491151879e+01
2.550000000000000000e+02 2.047857193198567245e+02 8.210523896636361485e+01
2.550000000000000000e+02 2.049582954131082886e+02 8.223811756342253432e+01
2.550000000000000000e+02 2.050460711582598776e+02 8.231291003637277015e+01
2.550000000000000000e+02 2.052745393650239123e+02 8.246525281682156105e+01
2.550000000000000000e+02 2.053633018020916552e+02 8.254829427933186992e+01
2.550000000000000000e+02 2.054166904146863999e+02 8.254750063583408348e+01
2.550000000000000000e+02 2.053141633189619597e+02 8.240697977281571696e+01
2.550000000000000000e+02 2.053178128533475615e+02 8.236364193501928810e+01
2.550000000000000000e+02 2.053754853022740008e+02 8.241710715412924060e+01
2.550000000000000000e+02 2.054278443233040150e+02 8.240548441363840482e+01
2.550000000000000000e+02 2.055274695642314953e+02 8.240264997257486357e+01
2.550000000000000000e+02 2.056307994962355679e+02 8.249125613235153764e+01
2.550000000000000000e+02 2.057741854429235389e+02 8.250481242128680037e+01
2.550000000000000000e+02 2.058759495377562985e+02 8.256678709210861200e+01
2.550000000000000000e+02 2.060065360678794946e+02 8.252929892781521914e+01
2.550000000000000000e+02 2.061022390552271588e+02 8.263082707458103471e+01
2.549999846786969613e+02 2.062572477424060082e+02 8.267825263603019437e+01
2.550000000000000000e+02 2.063858394388726083e+02 8.265687328975954529e+01
2.550000000000000000e+02 2.065306839736105928e+02 8.265475588567856846e+01
2.550000000000000000e+02 2.067078809718609023e+02 8.278817379260470943e+01
2.549999295220059992e+02 2.063931078650377060e+02 8.229459495071137098e+01
2.549999571003514802e+02 2.065025663182602216e+02 8.226921061582444850e+01
2.550000000000000000e+02 2.062876176293041510e+02 8.208056860419864620e+01
2.550000000000000000e+02 2.050625783301618128e+02 8.162486402343546388e+01
2.550000000000000000e+02 2.045169959214691175e+02 8.142538985055601586e+01
2.549999938714787788e+02 2.043416528008874025e+02 8.147313103084790953e+01
2.550000000000000000e+02 2.042963906074283784e+02 8.154492052840109295e+01
2.550000000000000000e+02 2.042546553779305896e+02 8.153935276687411715e+01
2.550000000000000000e+02 2.048831199075818859e+02 8.215392393892315681e+01
2.549999938714787788e+02 2.050393696203074683e+02 8.230266008463487992e+01
2.550000000000000000e+02 2.051560352144829267e+02 8.238899256303950835e+01
2.550000000000000000e+02 2.052771593078448120e+02 8.245557281755698398e+01
2.549999938714787788e+02 2.053003343108324543e+02 8.246202615040003536e+01
2.549999969357394036e+02 2.053269535427449171e+02 8.247551196134128304e+01
2.550000000000000000e+02 2.053704660433960498e+02 8.251092562120223306e+01
2.550000000000000000e+02 2.054767621796698620e+02 8.252557585117499173e+01
2.550000000000000000e+02 2.055886107561675828e+02 8.265142503439632549e+01
2.549999877429575577e+02 2.057079054859457585e+02 8.260428444918383661e+01
2.550000000000000000e+02 2.058310244129642683e+02 8.265072025445620341e+01
2.550000000000000000e+02 2.059608755205412649e+02 8.267934044854646913e+01
2.550000000000000000e+02 2.061257909622697468e+02 8.272379980572587499e+01
2.550000000000000000e+02 2.062416445273837553e+02 8.277767870001808603e+01
2.550000000000000000e+02 2.063419776125119824e+02 8.280749702000655077e+01
2.550000000000000000e+02 2.064756284032444285e+02 8.277458073254214810e+01
2.550000000000000000e+02 2.066065305522104154e+02 8.280511915377378784e+01
2.550000000000000000e+02 2.063361279390089464e+02 8.247412997980651994e+01
2.550000000000000000e+02 2.063880303852081965e+02 8.243165319924128198e+01
2.549999969357394036e+02 2.065128990050345692e+02 8.246956729575937572e+01
2.550000000000000000e+02 2.066668719721274954e+02 8.254455588138860378e+01
2.550000000000000000e+02 2.066618864201162467e+02 8.238484048991398367e+01
2.550000000000000000e+02 2.068093141265478323e+02 8.236969997824374445e+01
2.550000000000000000e+02 2.065788051222180286e+02 8.226018023980903138e+01
2.550000000000000000e+02 2.052419632104871141e+02 8.182955050361123028e+01
2.549999969357394036e+02 2.041548125744998288e+02 8.117018903423698362e+01
2.549999050079211145e+02 2.038278866101004212e+02 8.091629359293749246e+01
2.550000000000000000e+02 2.039816757215567691e+02 8.110723992854144626e+01
2.550000000000000000e+02 2.046764968147010961e+02 8.165950855388348373e+01
2.550000000000000000e+02 2.051768078371529214e+02 8.196692437098390371e+01
2.549999908072181825e+02 2.060860995945983234e+02 8.266130114633989479e+01
2.550000000000000000e+02 2.062628369537572439e+02 8.275154668554250748e+01
2.550000000000000000e+02 2.058100372920516179e+02 8.233578474182071716e+01
2.550000000000000000e+02 2.057074703609392543e+02 8.225684632426619203e+01
2.550000000000000000e+02 2.057691968266517222e+02 8.224607544822471539e+01
2.550000000000000000e+02 2.058041569759424760e+02 8.227519205253368284e+01
2.550000000000000000e+02 2.059171209433019953e+02 8.226727093885881459e+01
2.550000000000000000e+02 2.058845478530257935e+02 8.218149309162446059e+01
2.550000000000000000e+02 2.059602871825042882e+02 8.215386878223219469e+01
2.550000000000000000e+02 2.060207818154518407e+02 8.217994564001679692e+01
2.550000000000000000e+02 2.061064616063466985e+02 8.216792760990736610e+01
2.550000000000000000e+02 2.062030103296225150e+02 8.212469702123226512e+01
2.549999969357394036e+02 2.063150979184477762e+02 8.221461468454968724e+01
2.550000000000000000e+02 2.064216514526127355e+02 8.222035098041018841e+01
2.550000000000000000e+02 2.065749073827230973e+02 8.225892695721985604e+01
2.550000000000000000e+02 2.067484946819756999e+02 8.233896238007250190e+01
2.550000000000000000e+02 2.065618720180914067e+02 8.195889907244831818e+01
2.550000000000000000e+02 2.066260253782063785e+02 8.189775788051221639e+01
2.550000000000000000e+02 2.067971153050624764e+02 8.191734769858706500e+01
2.549999908072181825e+02 2.067170523038643353e+02 8.179080599246805150e+01
2.550000000000000000e+02 2.054895769175376756e+02 8.138178235782596914e+01
2.550000000000000000e+02 2.046361006670895222e+02 8.111828352377713713e+01
2.550000000000000000e+02 2.033257952522345988e+02 8.030694698522719932e+01
2.550000000000000000e+02 2.033934694477895846e+02 8.028490882292557274e+01
2.549999877429575577e+02 2.040063920476308681e+02 8.083939903720931852e+01
2.549999938714787788e+02 2.045871000756872320e+02 8.129786758104202704e+01
2.550000000000000000e+02 2.054828784438458911e+02 8.197907110003892228e+01
2.550000000000000000e+02 2.058365492748427243e+02 8.215317932359511133e+01
2.550000000000000000e+02 2.060336455814894236e+02 8.231396720628295327e+01
2.550000000000000000e+02 2.061503877821801041e+02 8.238573831827248739e+01
2.550000000000000000e+02 2.062082257011794297e+02 8.240987856335205208e+01
2.550000000000000000e+02 2.062777139390150865e+02 8.242888617191114520e+01
2.550000000000000000e+02 2.063679104500479582e+02 8.237040782244447712e+01
2.550000000000000000e+02 2.065109409425052718e+02 8.251303383250139234e+01
2.549999969357394036e+02 2.066875649240216717e+02 8.255900693442175964e+01
2.550000000000000000e+02 2.064904471675507125e+02 8.219029671235479384e+01
2.550000000000000000e+02 2.065222603211958017e+02 8.211532344802860450e+01
2.550000000000000000e+02 2.066678188286557258e+02 8.216931878422396096e+01
2.550000000000000000e+02 2.066917844108805866e+02 8.205467253778999748e+01
2.550000000000000000e+02 2.067643093309799838e+02 8.212075944634939617e+01
2.550000000000000000e+02 2.068618815172992811e+02 8.207279457503301501e+01
2.550000000000000000e+02 2.069609582555777081e+02 8.214032475033936009e+01
2.550000000000000000e+02 2.068088146520685200e+02 8.179143416589293736e+01
2.550000000000000000e+02 2.068978865794578041e+02 8.171939033470918901e+01
2.549999969357394036e+02 2.068531146676962464e+02 8.161961188075123630e+01
2.550000000000000000e+02 2.069121844194605160e+02 8.155163738765654102e+01
2.550000000000000000e+02 2.070358395920856367e+02 8.153239689529115708e+01
2.550000000000000000e+02 2.068947640978969957e+02 8.155444731463521180e+01
2.550000000000000000e+02 2.043604796180705705e+02 8.028083948483650545e+01
2.550000000000000000e+02 2.033329778791026570e+02 7.977246026420054648e+01
2.550000000000000000e+02 2.031208054102585265e+02 7.967724449428975220e+01
2.550000000000000000e+02 2.030480414778316174e+02 7.966515905044691692e+01
2.550000000000000000e+02 2.039074593296010676e+02 8.051081224355968402e+01
2.550000000000000000e+02 2.042089366096407730e+02 8.069145040647417488e+01
2.550000000000000000e+02 2.049381877349904926e+02 8.130509923607982614e+01
2.550000000000000000e+02 2.051119527613584523e+02 8.137506243430991049e+01
2.550000000000000000e+02 2.055050024054445714e+02 8.155390494050737971e+01
2.550000000000000000e+02 2.056389780078015974e+02 8.170462366283327071e+01
2.550000000000000000e+02 2.056753140101059216e+02 8.171437107583125226e+01
2.550000000000000000e+02 2.056100789659959105e+02 8.163998308528144321e+01
2.549999908072181825e+02 2.056473403750042053e+02 8.158934924297442137e+01
2.550000000000000000e+02 2.057225066877487905e+02 8.156131432266050751e+01
2.550000000000000000e+02 2.057802618717116729e+02 8.155236668168154779e+01
2.549999938714787788e+02 2.058691131723370802e+02 8.158855866373723131e+01
2.550000000000000000e+02 2.060080988407902112e+02 8.159684136016399236e+01
2.550000000000000000e+02 2.060850179106032556e+02 8.165227383458508825e+01
2.550000000000000000e+02 2.061999521975344862e+02 8.168167847939130866e+01
2.550000000000000000e+02 2.063664886331252717e+02 8.173289759547469657e+01
2.550000000000000000e+02 2.065218711600984136e+02 8.172568432600056099e+01
2.550000000000000000e+02 2.067115734058950238e+02 8.170738762590281112e+01
2.550000000000000000e+02 2.069541739825888840e+02 8.172112777047462373e+01
2.549999877429575577e+02 2.068580205489316484e+02 8.152220210024421476e+01
2.550000000000000000e+02 2.069440925651844907e+02 8.142981464287574056e+01
2.550000000000000000e+02 2.069580809148656613e+02 8.129011500170066995e+01
2.550000000000000000e+02 2.071025608025911424e+02 8.129632932221619512e+01
