2.550000000000000000e+02 1.670324480080180365e+02 5.629742561789667832e+01
2.550000000000000000e+02 1.658656367853311053e+02 5.606268591510385590e+01
2.550000000000000000e+02 1.638186721405213007e+02 5.533102686172092177e+01
2.550000000000000000e+02 1.631598468348656183e+02 5.498406671420953273e+01
2.550000000000000000e+02 1.622677434483999264e+02 5.456250923552352106e+01
2.550000000000000000e+02 1.625237489479534077e+02 5.460649923867162414e+01
2.550000000000000000e+02 1.644979762157161360e+02 5.539599033723313681e+01
2.550000000000000000e+02 1.642543639856343418e+02 5.537637890381563466e+01
2.550000000000000000e+02 1.638246535474047505e+02 5.525654517536251120e+01
2.550000000000000000e+02 1.633932694716959304e+02 5.504401248964015281e+01
2.550000000000000000e+02 1.624757884727817157e+02 5.453285597723082390e+01
2.550000000000000000e+02 1.632201716683049710e+02 5.466947426581603509e+01
2.550000000000000000e+02 1.633889456405116505e+02 5.469242976183592475e+01
2.550000000000000000e+02 1.630963674678282587e+02 5.466096152239975936e+01
2.550000000000000000e+02 1.635907169336134643e+02 5.476416488380908021e+01
2.549999967876439939e+02 1.639774974461769830e+02 5.479747059088076355e+01
2.550000000000000000e+02 1.637778366709712259e+02 5.481207396128468190e+01
2.550000000000000000e+02 1.642402360439193387e+02 5.487468277984439169e+01
2.550000000000000000e+02 1.636268912745986199e+02 5.464373044478281116e+01
2.550000000000000000e+02 1.613275703666583070e+02 5.344357175439611041e+01
2.550000000000000000e+02 1.607335639804945799e+02 5.319844971699143343e+01
2.550000000000000000e+02 1.597025422585432466e+02 5.281450250242532718e+01
2.550000000000000000e+02 1.592903359481911139e+02 5.269382713669859442e+01
2.550000000000000000e+02 1.584310082300560794e+02 5.232560119242654650e+01
2.550000000000000000e+02 1.583180007581160282e+02 5.218446954365270329e+01
2.550000000000000000e+02 1.584323606319346709e+02 5.221305951210737106e+01
2.550000000000000000e+02 1.578672879363182631e+02 5.214393603556720791e+01
2.550000000000000000e+02 1.598756207877981979e+02 5.314345096981028149e+01
2.550000000000000000e+02 1.590537459283387705e+02 5.303619361512119923e+01
2.550000000000000000e+02 1.592501975598943886e+02 5.306716072702040776e+01
2.550000000000000000e+02 1.598448464172593333e+02 5.328923732243702460e+01
2.550000000000000000e+02 1.598691543151578287e+02 5.342776375048988768e+01
2.550000000000000000e+02 1.606761302674607634e+02 5.367632300882112872e+01
2.550000000000000000e+02 1.604995791813632025e+02 5.351822048326683756e+01
2.550000000000000000e+02 1.610002923243965540e+02 5.364086502322533079e+01
2.550000000000000000e+02 1.609442302873773656e+02 5.364195722426742208e+01
2.550000000000000000e+02 1.598036286773445340e+02 5.342404384223477365e+01
2.550000000000000000e+02 1.594070601160302942e+02 5.321119955797981049e+01
2.550000000000000000e+02 1.590598975900905145e+02 5.301162230403021880e+01
2.550000000000000000e+02 1.588537253692603315e+02 5.300838424917603220e+01
2.550000000000000000e+02 1.584900384840249501e+02 5.288321800975271003e+01
2.550000000000000000e+02 1.587704386150890912e+02 5.294184993157681873e+01
2.550000000000000000e+02 1.583013607540042074e+02 5.290928949109856205e+01
2.550000000000000000e+02 1.578127614054700132e+02 5.283767322629763186e+01
2.550000000000000000e+02 1.578730798141973253e+02 5.275526987002807289e+01
2.550000000000000000e+02 1.576317162333198496e+02 5.249006097051699982e+01
2.550000000000000000e+02 1.570255157437567846e+02 5.229847605831068336e+01
2.550000000000000000e+02 1.543029701443632860e+02 5.143109496366825084e+01
2.550000000000000000e+02 1.535128911846526591e+02 5.123972527931435650e+01
2.550000000000000000e+02 1.528344223220194067e+02 5.091231231810034075e+01
2.550000000000000000e+02 1.524910921367949754e+02 5.069849790233152476e+01
2.550000000000000000e+02 1.520556508554504092e+02 5.051092522277689056e+01
2.550000000000000000e+02 1.510892488869186536e+02 5.029549820429298990e+01
2.550000000000000000e+02 1.508135773438955596e+02 5.032394361672738370e+01
2.550000000000000000e+02 1.534126207042769181e+02 5.146611285649120759e+01
2.550000000000000000e+02 1.531179255889854858e+02 5.128801020244267761e+01
2.550000000000000000e+02 1.529679728106187611e+02 5.138105930651658326e+01
2.550000000000000000e+02 1.530969424795533484e+02 5.141686743891705191e+01
2.550000000000000000e+02 1.527622278331373877e+02 5.128022023912777883e+01
2.550000000000000000e+02 1.526481345848672220e+02 5.115104819176480078e+01
2.550000000000000000e+02 1.516414914326465180e+02 5.083319520202506681e+01
2.550000000000000000e+02 1.513946090241504976e+02 5.073162692982287325e+01
2.550000000000000000e+02 1.509772597318325325e+02 5.053671401679419972e+01
2.550000000000000000e+02 1.496696637948203943e+02 5.002166412890542091e+01
2.550000000000000000e+02 1.495156441737499051e+02 4.985600614202468250e+01
2.550000000000000000e+02 1.498024947156743565e+02 4.994151905890818455e+01
2.550000000000000000e+02 1.506740036877847047e+02 5.013975354804721007e+01
2.550000000000000000e+02 1.504518371463999244e+02 5.000127851769044440e+01
2.549999935752879878e+02 1.501023520870676862e+02 4.989340760300419220e+01
2.550000000000000000e+02 1.510080084035233199e+02 5.019772372453405040e+01
2.550000000000000000e+02 1.511223008178658347e+02 5.018332915727052779e+01
2.550000000000000000e+02 1.521813150100546750e+02 5.046321852372967243e+01
2.550000000000000000e+02 1.521479322064388384e+02 5.036443215182879385e+01
2.550000000000000000e+02 1.515995316384943123e+02 5.011090016640004308e+01
2.550000000000000000e+02 1.533414381075368169e+02 5.032346818803846844e+01
2.550000000000000000e+02 1.533442007337021096e+02 5.028993440369035284e+01
2.550000000000000000e+02 1.535258948017655030e+02 5.036289022094584311e+01
2.550000000000000000e+02 1.512440715969906648e+02 4.945874049945711448e+01
2.550000000000000000e+02 1.497158446247646850e+02 4.902898187588741052e+01
2.550000000000000000e+02 1.485513912713862510e+02 4.834950754582425958e+01
2.550000000000000000e+02 1.469152066508618759e+02 4.785978708504391221e+01
2.550000000000000000e+02 1.461228469183868697e+02 4.767412254495692281e+01
2.550000000000000000e+02 1.442188770888344891e+02 4.735175619502855682e+01
2.550000000000000000e+02 1.398255787059345039e+02 4.595158979498744145e+01
2.550000000000000000e+02 1.404475390140636932e+02 4.574744135844110815e+01
2.550000000000000000e+02 1.413673329093023483e+02 4.633493308662438892e+01
2.550000000000000000e+02 1.420475974789430040e+02 4.655404146509133056e+01
2.550000000000000000e+02 1.444580659046958147e+02 4.742482765710027337e+01
2.550000000000000000e+02 1.452131012727354573e+02 4.766617517619772570e+01
2.550000000000000000e+02 1.469510244203303557e+02 4.823951326381794757e+01
2.550000000000000000e+02 1.471989026591882919e+02 4.845420465277643984e+01
2.550000000000000000e+02 1.479816060495088266e+02 4.876848229028134085e+01
2.550000000000000000e+02 1.485728144735912224e+02 4.885223483607347106e+01
2.550000000000000000e+02 1.478723891576560163e+02 4.886025287666480210e+01
2.550000000000000000e+02 1.476889411432132420e+02 4.866302385495570348e+01
2.550000000000000000e+02 1.475914686249188890e+02 4.852510777454400426e+01
2.550000000000000000e+02 1.478445187569467123e+02 4.861978554311303213e+01
2.550000000000000000e+02 1.495005043398929558e+02 4.910624225019113709e+01
2.550000000000000000e+02 1.498701726320117587e+02 4.914556791241832912e+01
2.550000000000000000e+02 1.503151128500664981e+02 4.924069219847220324e+01
2.550000000000000000e+02 1.505557504384865979e+02 4.930068937159892073e+01
2.550000000000000000e+02 1.496068268989842522e+02 4.864011011956389297e+01
2.550000000000000000e+02 1.489342559219782913e+02 4.828509017083309374e+01
2.550000000000000000e+02 1.470101189214193482e+02 4.758593373552030670e+01
2.550000000000000000e+02 1.461982023655789646e+02 4.730743853156782563e+01
2.550000000000000000e+02 1.453826719092316750e+02 4.701931268430892885e+01
2.550000000000000000e+02 1.447300560877358748e+02 4.693371945852527460e+01
2.550000000000000000e+02 1.440141889764791188e+02 4.674332633039723817e+01
2.550000000000000000e+02 1.448293532242417143e+02 4.693055528785922093e+01
2.550000000000000000e+02 1.453944484063501932e+02 4.713425720692070087e+01
2.550000000000000000e+02 1.469898585920886092e+02 4.804591741675179151e+01
2.550000000000000000e+02 1.468028577119030729e+02 4.787318260958952720e+01
2.550000000000000000e+02 1.469841759343137539e+02 4.798240913851036282e+01
2.549998554439797260e+02 1.468866295318312325e+02 4.788168571593778466e+01
2.550000000000000000e+02 1.460818283445444479e+02 4.766961560948030296e+01
2.550000000000000000e+02 1.459672564552294034e+02 4.762580228591253473e+01
2.550000000000000000e+02 1.466570135368682202e+02 4.773909886989315510e+01
2.550000000000000000e+02 1.466824072110967734e+02 4.781341672609525517e+01
2.550000000000000000e+02 1.463715603698064172e+02 4.774243329542753145e+01
2.550000000000000000e+02 1.459115445650148786e+02 4.753921965447899112e+01
2.550000000000000000e+02 1.457699406999081191e+02 4.752490539611562070e+01
2.550000000000000000e+02 1.472562078779818648e+02 4.770770130228912365e+01
2.550000000000000000e+02 1.474417246496925884e+02 4.775929173974776631e+01
2.550000000000000000e+02 1.475188115567719649e+02 4.770494510083585737e+01
2.550000000000000000e+02 1.479129547893015797e+02 4.786954622259057146e+01
2.550000000000000000e+02 1.448061632262333944e+02 4.656837499759073040e+01
2.550000000000000000e+02 1.445249567938117252e+02 4.629802954082583000e+01
2.550000000000000000e+02 1.436017513764945477e+02 4.609540376102641090e+01
2.550000000000000000e+02 1.411468881907368598e+02 4.543113351194032390e+01
2.550000000000000000e+02 1.415773374708478798e+02 4.561452049161896127e+01
2.550000000000000000e+02 1.405676554298453595e+02 4.533217367281511656e+01
2.550000000000000000e+02 1.405202956652468060e+02 4.549985865633573212e+01
2.550000000000000000e+02 1.409264884451554565e+02 4.567924625278671869e+01
2.550000000000000000e+02 1.431373764046026622e+02 4.673859774235619824e+01
2.550000000000000000e+02 1.419391579772436671e+02 4.648189516154938161e+01
2.550000000000000000e+02 1.420769134398550477e+02 4.662718359899517395e+01
2.550000000000000000e+02 1.431567372742516682e+02 4.686911255452974245e+01
2.550000000000000000e+02 1.437765292420767196e+02 4.709500542888164887e+01
2.550000000000000000e+02 1.435673727425168238e+02 4.697118195426889997e+01
2.550000000000000000e+02 1.428089997365867987e+02 4.684864984677061983e+01
2.550000000000000000e+02 1.423927940430070294e+02 4.676582888422026230e+01
2.550000000000000000e+02 1.432887072836959987e+02 4.712512447879523592e+01
2.550000000000000000e+02 1.425957699696111263e+02 4.687693142904869603e+01
2.550000000000000000e+02 1.418749718918849396e+02 4.668111263162628433e+01
2.550000000000000000e+02 1.417029309536200117e+02 4.667684983520613429e+01
2.550000000000000000e+02 1.397657903359481963e+02 4.610407069753098597e+01
2.550000000000000000e+02 1.392252504031506817e+02 4.594168931377650722e+01
2.550000000000000000e+02 1.400447641809455774e+02 4.616041863423472336e+01
2.550000000000000000e+02 1.397537793368412338e+02 4.604388720775591537e+01
2.550000000000000000e+02 1.413190640479540434e+02 4.682115850407005553e+01
2.550000000000000000e+02 1.403808569280882068e+02 4.661721887066412506e+01
2.550000000000000000e+02 1.397730855964381362e+02 4.632690540896503961e+01
2.550000000000000000e+02 1.384783294463825598e+02 4.594859266683371146e+01
2.550000000000000000e+02 1.386690630842472558e+02 4.605425990529974456e+01
2.550000000000000000e+02 1.370968557459411841e+02 4.561776497118516716e+01
2.550000000000000000e+02 1.365092837088577369e+02 4.547958547758096870e+01
2.550000000000000000e+02 1.376756034410757650e+02 4.584174649371342269e+01
2.550000000000000000e+02 1.382208815989823165e+02 4.609848762279230527e+01
2.550000000000000000e+02 1.392914409986572366e+02 4.684382488804939015e+01
2.550000000000000000e+02 1.395444557947689930e+02 4.710799298421448356e+01
2.550000000000000000e+02 1.384879536649769705e+02 4.665487410776812283e+01
2.550000000000000000e+02 1.375986482405926097e+02 4.640173081741610872e+01
2.550000000000000000e+02 1.373600633476604287e+02 4.625543048782838440e+01
2.550000000000000000e+02 1.354047504320618884e+02 4.564272497735289136e+01
2.550000000000000000e+02 1.350987349742047741e+02 4.555902061690084537e+01
2.549999550270159148e+02 1.360077674768228633e+02 4.573699156435312574e+01
2.550000000000000000e+02 1.358564622965775470e+02 4.571124774331990892e+01
2.550000000000000000e+02 1.362382989932476391e+02 4.590353937384756478e+01
2.550000000000000000e+02 1.363432370269002831e+02 4.602262141099524939e+01
2.550000000000000000e+02 1.367003385823230417e+02 4.608389388945640519e+01
2.550000000000000000e+02 1.375307422469787753e+02 4.637601911994294568e+01
2.550000000000000000e+02 1.377138658134649063e+02 4.640662323561346625e+01
2.550000000000000000e+02 1.378236834158908835e+02 4.640235722683731012e+01
2.550000000000000000e+02 1.377252086425226025e+02 4.624263567385592211e+01
2.550000000000000000e+02 1.369913362758514381e+02 4.592814602085461217e+01
2.550000000000000000e+02 1.350421653849366237e+02 4.531238555981727956e+01
2.550000000000000000e+02 1.347952701270165505e+02 4.515700389980019480e+01
2.550000000000000000e+02 1.343369086855681758e+02 4.481576174597973505e+01
2.550000000000000000e+02 1.351504089329195892e+02 4.499801476398820199e+01
2.550000000000000000e+02 1.346986006977237196e+02 4.495273018136961696e+01
2.550000000000000000e+02 1.349213583126136484e+02 4.509779054153897704e+01
2.550000000000000000e+02 1.367463812809590706e+02 4.564148822029052610e+01
2.550000000000000000e+02 1.378967613026746051e+02 4.586793040751948070e+01
2.550000000000000000e+02 1.398876221498371422e+02 4.678937866610129248e+01
2.550000000000000000e+02 1.397791376751537200e+02 4.671113852321569482e+01
2.550000000000000000e+02 1.393992187550193194e+02 4.657920384968743832e+01
2.550000000000000000e+02 1.384481076010767708e+02 4.621320406812764503e+01
2.550000000000000000e+02 1.375586897442322254e+02 4.591332742259827882e+01
2.550000000000000000e+02 1.372810265404853283e+02 4.575977359314868664e+01
2.550000000000000000e+02 1.377150415357631630e+02 4.570703955695186238e+01
2.550000000000000000e+02 1.385848511715462337e+02 4.598626717807374575e+01
2.550000000000000000e+02 1.369239217727065352e+02 4.543153505644109202e+01
2.550000000000000000e+02 1.343766615911441704e+02 4.433803301017032084e+01
2.550000000000000000e+02 1.294998168957076530e+02 4.232880069900866715e+01
2.550000000000000000e+02 1.256926225031962900e+02 4.062149451650829945e+01
2.550000000000000000e+02 1.256992592307049819e+02 4.034639798521030940e+01
2.550000000000000000e+02 1.273190833220900942e+02 4.064228809693605626e+01
2.550000000000000000e+02 1.294231347454850436e+02 4.121292780551112145e+01
2.550000000000000000e+02 1.320869070793901585e+02 4.236229914744071579e+01
2.550000000000000000e+02 1.323058805389048302e+02 4.233785311823397279e+01
2.550000000000000000e+02 1.306144851557029085e+02 4.158488971981830673e+01
2.550000000000000000e+02 1.301198851261492280e+02 4.134679631735507144e+01
2.550000000000000000e+02 1.288310204370089025e+02 4.096369716477458667e+01
2.550000000000000000e+02 1.282650418569987494e+02 4.071338396006399307e+01
2.549999935752879878e+02 1.255649570508002029e+02 3.970835983527038593e+01
2.550000000000000000e+02 1.266224357368180904e+02 3.992646595866339965e+01
2.550000000000000000e+02 1.283720518602753771e+02 4.077375697884342287e+01
2.550000000000000000e+02 1.281449864759812272e+02 4.086031069907291169e+01
2.550000000000000000e+02 1.284707290120720415e+02 4.110671125416803307e+01
2.550000000000000000e+02 1.283799863796105285e+02 4.105309703242551933e+01
2.550000000000000000e+02 1.289744007349870571e+02 4.123894146444885678e+01
2.550000000000000000e+02 1.285972637151539573e+02 4.131826738366452645e+01
2.550000000000000000e+02 1.281174533726525624e+02 4.119251970780409522e+01
2.550000000000000000e+02 1.277728029091096005e+02 4.124676997603582151e+01
2.550000000000000000e+02 1.266751248000308436e+02 4.098555403504037997e+01
2.550000000000000000e+02 1.256803770021008830e+02 4.067704257656650668e+01
2.550000000000000000e+02 1.253019678892893580e+02 4.069342237984182020e+01
2.550000000000000000e+02 1.255072470751498628e+02 4.079654221999498986e+01
2.550000000000000000e+02 1.265272953889841858e+02 4.143954988467641698e+01
2.550000000000000000e+02 1.269902440748093397e+02 4.152815308803782557e+01
2.550000000000000000e+02 1.267941972001105029e+02 4.138495910670804534e+01
2.550000000000000000e+02 1.269474008827554314e+02 4.141440998657235184e+01
2.550000000000000000e+02 1.261470648703171946e+02 4.114564822131848132e+01
2.550000000000000000e+02 1.266085326600235135e+02 4.121590565952881491e+01
2.550000000000000000e+02 1.249153062338980646e+02 4.046315106425354458e+01
2.550000000000000000e+02 1.198314091320856534e+02 3.855130775013009981e+01
2.550000000000000000e+02 1.187759799291996785e+02 3.804806969527590610e+01
2.550000000000000000e+02 1.172986141896189451e+02 3.752056550315132455e+01
2.549999453899478965e+02 1.176521179063148423e+02 3.744011204697749662e+01
2.550000000000000000e+02 1.208377278363497425e+02 3.868945512017423738e+01
2.550000000000000000e+02 1.191551535827406525e+02 3.807369144678089867e+01
2.550000000000000000e+02 1.201224260997500721e+02 3.851035021105178657e+01
2.550000000000000000e+02 1.184603434651041738e+02 3.797060373018779700e+01
2.550000000000000000e+02 1.181615975688889790e+02 3.771770457889225270e+01
2.550000000000000000e+02 1.184073877763429294e+02 3.767637761887323222e+01
2.550000000000000000e+02 1.179498326362520828e+02 3.747312221729661275e+01
2.550000000000000000e+02 1.208816311058856741e+02 3.852135895508483543e+01
2.550000000000000000e+02 1.191232966482277362e+02 3.787662304287210446e+01
2.550000000000000000e+02 1.112224235298652673e+02 3.502228732597061622e+01
2.550000000000000000e+02 1.059092798540305438e+02 3.314351521693040326e+01
2.550000000000000000e+02 1.023459900159975291e+02 3.202471265475524831e+01
2.550000000000000000e+02 1.011985460876716161e+02 3.138376089791774959e+01
2.550000000000000000e+02 9.791529017211803421e+01 3.016563871274470188e+01
2.549999550270159148e+02 9.289908062371104336e+01 2.861436308617466295e+01
2.550000000000000000e+02 8.936359693926719672e+01 2.774592833876221576e+01
2.550000000000000000e+02 8.425625606332195616e+01 2.623417111577973415e+01
2.550000000000000000e+02 8.242981323362180035e+01 2.567255812758192945e+01
2.550000000000000000e+02 8.006989122962562533e+01 2.496134893253410070e+01
2.550000000000000000e+02 8.029396912283407062e+01 2.522871011056929547e+01
2.550000000000000000e+02 8.052954082583248407e+01 2.555042435222841135e+01
2.550000000000000000e+02 7.851961785812950723e+01 2.510249985544398044e+01
2.550000000000000000e+02 7.979008859677864507e+01 2.588081195510411092e+01
2.550000000000000000e+02 7.802753310332863634e+01 2.545585901611960367e+01
2.549998907798957930e+02 7.999196589762864562e+01 2.614570604372659091e+01
2.549999871505759756e+02 7.820255832032329124e+01 2.571512184466331163e+01
2.550000000000000000e+02 7.872160116672769448e+01 2.612874480401416122e+01
2.550000000000000000e+02 7.905773888685439488e+01 2.625073402334740180e+01
2.550000000000000000e+02 8.196045910992039296e+01 2.748272716175497266e+01
2.550000000000000000e+02 8.401876337143187357e+01 2.819642914506357201e+01
2.550000000000000000e+02 8.512376565220463931e+01 2.853091892655911721e+01
2.550000000000000000e+02 8.566231392427835090e+01 2.871862010035400203e+01
2.550000000000000000e+02 8.679202885980636495e+01 2.922541423330699217e+01
2.549999935752879878e+02 8.770631035213845905e+01 2.949802440105622381e+01
2.550000000000000000e+02 8.900898817210519098e+01 2.978971596348193529e+01
2.550000000000000000e+02 8.991803994885928830e+01 2.998104709956376368e+01
2.550000000000000000e+02 8.915522746692879252e+01 2.957953472235606895e+01
2.550000000000000000e+02 8.934620845620595730e+01 2.974017179679920986e+01
2.550000000000000000e+02 9.041520986321788200e+01 3.003221350602959205e+01
2.550000000000000000e+02 9.013146245719535443e+01 2.964565143367448385e+01
2.550000000000000000e+02 9.156104761354072252e+01 2.990352652442354398e+01
2.550000000000000000e+02 9.098831023649364624e+01 2.971724842433937752e+01
2.550000000000000000e+02 8.930347769661224788e+01 2.914914647700916817e+01
2.550000000000000000e+02 8.721156255420851267e+01 2.821559084864021116e+01
2.550000000000000000e+02 8.697807567025807884e+01 2.797527449582072379e+01
2.550000000000000000e+02 8.720420625895444289e+01 2.788879465977937500e+01
2.550000000000000000e+02 8.693635680280631561e+01 2.789785029136069028e+01
2.550000000000000000e+02 8.679438994147086817e+01 2.787972939113004145e+01
2.550000000000000000e+02 8.749867650932546326e+01 2.815763673393340127e+01
2.550000000000000000e+02 9.125847580132220571e+01 2.929178150839388550e+01
2.550000000000000000e+02 9.133197771909874518e+01 2.921157540363253347e+01
2.550000000000000000e+02 9.160135946906180493e+01 2.939357143316050980e+01
2.550000000000000000e+02 9.208018361826931653e+01 2.954770991140322067e+01
2.550000000000000000e+02 9.310936144787309843e+01 2.988072843384795263e+01
2.550000000000000000e+02 9.158277920192227839e+01 2.909759458782260211e+01
2.550000000000000000e+02 9.198752320927214043e+01 2.916336115233634629e+01
2.550000000000000000e+02 9.168070145005749794e+01 2.910367557774222647e+01
2.550000000000000000e+02 9.106067498024401630e+01 2.900189529004362399e+01
2.550000000000000000e+02 9.268978599284287156e+01 2.938453186335922496e+01
2.550000000000000000e+02 9.305645073209593932e+01 2.938268797101169838e+01
2.550000000000000000e+02 9.217146913889584425e+01 2.914951268559386932e+01
2.549999935752879878e+02 8.822556200168327223e+01 2.773055721527282458e+01
2.550000000000000000e+02 8.616633579399803011e+01 2.705856124999196766e+01
