2.550000000000000000e+02 1.591043408077872243e+02 0.000000000000000000e+00
2.550000000000000000e+02 1.588666765827537972e+02 0.000000000000000000e+00
2.550000000000000000e+02 1.452620212236776638e+02 0.000000000000000000e+00
2.550000000000000000e+02 1.453110302651984398e+02 0.000000000000000000e+00
2.550000000000000000e+02 1.451782408536288074e+02 0.000000000000000000e+00
2.550000000000000000e+02 1.446546690140158091e+02 0.000000000000000000e+00
2.550000000000000000e+02 1.443357261989524716e+02 0.000000000000000000e+00
2.550000000000000000e+02 1.442582612385030245e+02 0.000000000000000000e+00
2.550000000000000000e+02 1.441876481317116543e+02 0.000000000000000000e+00
2.550000000000000000e+02 1.442292493684590511e+02 0.000000000000000000e+00
2.550000000000000000e+02 1.445100315038965277e+02 0.000000000000000000e+00
2.550000000000000000e+02 1.446153549796638913e+02 0.000000000000000000e+00
2.550000000000000000e+02 1.447440235255103573e+02 0.000000000000000000e+00
2.550000000000000000e+02 1.447999624489158919e+02 0.000000000000000000e+00
2.550000000000000000e+02 1.448105255201068928e+02 0.000000000000000000e+00
2.550000000000000000e+02 1.448931647273401211e+02 0.000000000000000000e+00
2.550000000000000000e+02 1.448499761038555675e+02 0.000000000000000000e+00
2.550000000000000000e+02 1.449079705833585194e+02 0.000000000000000000e+00
2.550000000000000000e+02 1.450302993357847186e+02 0.000000000000000000e+00
2.550000000000000000e+02 1.451470539467652543e+02 0.000000000000000000e+00
2.550000000000000000e+02 1.451429720951554145e+02 0.000000000000000000e+00
2.550000000000000000e+02 1.453060145132501759e+02 0.000000000000000000e+00
2.550000000000000000e+02 1.450752704165732041e+02 4.876764169438294218e-06
2.550000000000000000e+02 1.451624937821256935e+02 0.000000000000000000e+00
2.550000000000000000e+02 1.451827713675422160e+02 0.000000000000000000e+00
2.550000000000000000e+02 1.452065065787548690e+02 0.000000000000000000e+00
2.550000000000000000e+02 1.452482906941586123e+02 0.000000000000000000e+00
2.550000000000000000e+02 1.449235859822290706e+02 0.000000000000000000e+00
2.550000000000000000e+02 1.446390219161781658e+02 0.000000000000000000e+00
2.550000000000000000e+02 1.442847054922117991e+02 0.000000000000000000e+00
2.550000000000000000e+02 1.439916582948881683e+02 0.000000000000000000e+00
2.550000000000000000e+02 1.439247490904834876e+02 0.000000000000000000e+00
2.550000000000000000e+02 1.438621997132462695e+02 0.000000000000000000e+00
2.550000000000000000e+02 1.440294971080788571e+02 0.000000000000000000e+00
2.550000000000000000e+02 1.442801067036000404e+02 0.000000000000000000e+00
2.550000000000000000e+02 1.445930876744662328e+02 1.463029250831488265e-05
2.550000000000000000e+02 1.449218571693310196e+02 0.000000000000000000e+00
2.550000000000000000e+02 1.449379675597647577e+02 0.000000000000000000e+00
2.550000000000000000e+02 1.448287402342797634e+02 0.000000000000000000e+00
2.550000000000000000e+02 1.447656056453421911e+02 0.000000000000000000e+00
2.550000000000000000e+02 1.447365059935431759e+02 0.000000000000000000e+00
2.550000000000000000e+02 1.445718835038575207e+02 0.000000000000000000e+00
2.550000000000000000e+02 1.448011840783403272e+02 0.000000000000000000e+00
2.549999414788299532e+02 1.446377978483716618e+02 7.558984462629355868e-05
2.550000000000000000e+02 1.446515210627444503e+02 0.000000000000000000e+00
2.550000000000000000e+02 1.447325923902971851e+02 0.000000000000000000e+00
2.550000000000000000e+02 1.447117369083265999e+02 9.753528338876588436e-06
2.550000000000000000e+02 1.448027251358178944e+02 0.000000000000000000e+00
2.550000000000000000e+02 1.448358505564387997e+02 0.000000000000000000e+00
2.550000000000000000e+02 1.449037034147102645e+02 0.000000000000000000e+00
2.550000000000000000e+02 1.450266003101621948e+02 0.000000000000000000e+00
2.550000000000000000e+02 1.450868771152964598e+02 0.000000000000000000e+00
2.550000000000000000e+02 1.448055292752153207e+02 0.000000000000000000e+00
2.550000000000000000e+02 1.442124464775132537e+02 0.000000000000000000e+00
2.550000000000000000e+02 1.436333648697416265e+02 0.000000000000000000e+00
2.550000000000000000e+02 1.434180411013684306e+02 0.000000000000000000e+00
2.550000000000000000e+02 1.433187867586099173e+02 0.000000000000000000e+00
2.550000000000000000e+02 1.434062978532484181e+02 0.000000000000000000e+00
2.550000000000000000e+02 1.439558140782428097e+02 0.000000000000000000e+00
2.550000000000000000e+02 1.442670247837154989e+02 0.000000000000000000e+00
2.550000000000000000e+02 1.446191588557160514e+02 4.876764169438294218e-06
2.550000000000000000e+02 1.447394149833702386e+02 0.000000000000000000e+00
2.549999975616179029e+02 1.448963614462531950e+02 0.000000000000000000e+00
2.550000000000000000e+02 1.449706004272045448e+02 7.315146254157441327e-06
2.549999902464716683e+02 1.450871209535049218e+02 0.000000000000000000e+00
2.550000000000000000e+02 1.452480541710963848e+02 0.000000000000000000e+00
2.550000000000000000e+02 1.453306592409804239e+02 0.000000000000000000e+00
2.550000000000000000e+02 1.455803568816019151e+02 0.000000000000000000e+00
2.550000000000000000e+02 1.457810966867264142e+02 0.000000000000000000e+00
2.550000000000000000e+02 1.459587742740936562e+02 0.000000000000000000e+00
2.550000000000000000e+02 1.459902635403357181e+02 0.000000000000000000e+00
2.550000000000000000e+02 1.461244964740995158e+02 0.000000000000000000e+00
2.550000000000000000e+02 1.462682220293191051e+02 2.438382084719147109e-06
2.549999975616179029e+02 1.462476079471748847e+02 0.000000000000000000e+00
2.550000000000000000e+02 1.462326484730851348e+02 0.000000000000000000e+00
2.550000000000000000e+02 1.463032908404615284e+02 0.000000000000000000e+00
2.550000000000000000e+02 1.461903986267031996e+02 0.000000000000000000e+00
2.550000000000000000e+02 1.458839208208569573e+02 0.000000000000000000e+00
2.550000000000000000e+02 1.454588644942307951e+02 0.000000000000000000e+00
2.550000000000000000e+02 1.447478810459683700e+02 0.000000000000000000e+00
2.550000000000000000e+02 1.444029085021506660e+02 0.000000000000000000e+00
2.550000000000000000e+02 1.444158051049967355e+02 0.000000000000000000e+00
2.550000000000000000e+02 1.446120777941420386e+02 0.000000000000000000e+00
2.550000000000000000e+02 1.449731022072234623e+02 0.000000000000000000e+00
2.550000000000000000e+02 1.454864401572268662e+02 0.000000000000000000e+00
2.550000000000000000e+02 1.460154471505067022e+02 0.000000000000000000e+00
2.550000000000000000e+02 1.459765817784583533e+02 0.000000000000000000e+00
2.550000000000000000e+02 1.457722282910843035e+02 0.000000000000000000e+00
2.550000000000000000e+02 1.456590581017683235e+02 0.000000000000000000e+00
2.550000000000000000e+02 1.458054195480214901e+02 2.438382084719147109e-06
2.550000000000000000e+02 1.458650453051391480e+02 0.000000000000000000e+00
2.550000000000000000e+02 1.463197645498258908e+02 0.000000000000000000e+00
2.549999878080895712e+02 1.464560457245408429e+02 0.000000000000000000e+00
2.550000000000000000e+02 1.466008270992031441e+02 0.000000000000000000e+00
2.550000000000000000e+02 1.465984277312317658e+02 0.000000000000000000e+00
2.550000000000000000e+02 1.466298267773366888e+02 2.438382084719147109e-06
2.549999975616179029e+02 1.464023427975070035e+02 0.000000000000000000e+00
2.550000000000000000e+02 1.463769446097125524e+02 0.000000000000000000e+00
2.550000000000000000e+02 1.462586830786036955e+02 0.000000000000000000e+00
2.550000000000000000e+02 1.462250114603957911e+02 0.000000000000000000e+00
2.550000000000000000e+02 1.462588610804958762e+02 2.438382084719147109e-05
2.550000000000000000e+02 1.460769602153579001e+02 0.000000000000000000e+00
2.550000000000000000e+02 1.456062232387566269e+02 0.000000000000000000e+00
2.550000000000000000e+02 1.450578164776107712e+02 0.000000000000000000e+00
2.550000000000000000e+02 1.445217723136344432e+02 0.000000000000000000e+00
2.550000000000000000e+02 1.444828971880577910e+02 0.000000000000000000e+00
2.550000000000000000e+02 1.445488724921240191e+02 0.000000000000000000e+00
2.550000000000000000e+02 1.449448584275361611e+02 0.000000000000000000e+00
2.550000000000000000e+02 1.453254045275878639e+02 0.000000000000000000e+00
2.550000000000000000e+02 1.457351088006086286e+02 0.000000000000000000e+00
2.550000000000000000e+02 1.460790035795448887e+02 0.000000000000000000e+00
2.550000000000000000e+02 1.461002296955923896e+02 0.000000000000000000e+00
2.550000000000000000e+02 1.458854594399523990e+02 0.000000000000000000e+00
2.550000000000000000e+02 1.459256488534727509e+02 0.000000000000000000e+00
2.550000000000000000e+02 1.458425414768792621e+02 0.000000000000000000e+00
2.550000000000000000e+02 1.460140036283125369e+02 0.000000000000000000e+00
2.550000000000000000e+02 1.461132189569576667e+02 0.000000000000000000e+00
2.550000000000000000e+02 1.460803129907243942e+02 0.000000000000000000e+00
2.550000000000000000e+02 1.460865845094462827e+02 0.000000000000000000e+00
2.550000000000000000e+02 1.461975821003247802e+02 0.000000000000000000e+00
2.549999975616179029e+02 1.463324782740156138e+02 4.876764169438294218e-06
2.550000000000000000e+02 1.464972592585367863e+02 0.000000000000000000e+00
2.550000000000000000e+02 1.465924683254167178e+02 0.000000000000000000e+00
2.550000000000000000e+02 1.464196577486905824e+02 0.000000000000000000e+00
2.550000000000000000e+02 1.464795273440167023e+02 0.000000000000000000e+00
2.550000000000000000e+02 1.465605401503994187e+02 0.000000000000000000e+00
2.550000000000000000e+02 1.465399187531089353e+02 0.000000000000000000e+00
2.550000000000000000e+02 1.465188560086611460e+02 0.000000000000000000e+00
2.550000000000000000e+02 1.465122577467398912e+02 0.000000000000000000e+00
2.550000000000000000e+02 1.461810766919933258e+02 0.000000000000000000e+00
2.550000000000000000e+02 1.454881494630682539e+02 0.000000000000000000e+00
2.550000000000000000e+02 1.452096325845874674e+02 0.000000000000000000e+00
2.549999780545612396e+02 1.448929306426599908e+02 0.000000000000000000e+00
2.550000000000000000e+02 1.449217059896417652e+02 0.000000000000000000e+00
2.550000000000000000e+02 1.451684044202990549e+02 0.000000000000000000e+00
2.550000000000000000e+02 1.455250519375383931e+02 0.000000000000000000e+00
2.550000000000000000e+02 1.458311688628361367e+02 0.000000000000000000e+00
2.550000000000000000e+02 1.458211983184917244e+02 0.000000000000000000e+00
2.550000000000000000e+02 1.457513703707316211e+02 2.438382084719147109e-05
2.550000000000000000e+02 1.456994840383508745e+02 0.000000000000000000e+00
2.550000000000000000e+02 1.457619114964838616e+02 0.000000000000000000e+00
2.550000000000000000e+02 1.459006115462268554e+02 0.000000000000000000e+00
2.550000000000000000e+02 1.459360631833565662e+02 0.000000000000000000e+00
2.550000000000000000e+02 1.457894481453665776e+02 0.000000000000000000e+00
2.550000000000000000e+02 1.457855223502101865e+02 0.000000000000000000e+00
2.550000000000000000e+02 1.460986179250343753e+02 0.000000000000000000e+00
2.550000000000000000e+02 1.461896890575165457e+02 0.000000000000000000e+00
2.550000000000000000e+02 1.460754386649370531e+02 0.000000000000000000e+00
2.550000000000000000e+02 1.459362436236308440e+02 0.000000000000000000e+00
2.550000000000000000e+02 1.459135422864221141e+02 0.000000000000000000e+00
2.550000000000000000e+02 1.456798891999180796e+02 0.000000000000000000e+00
2.550000000000000000e+02 1.457821525061690977e+02 0.000000000000000000e+00
2.550000000000000000e+02 1.461291781677021788e+02 0.000000000000000000e+00
2.550000000000000000e+02 1.461184175875623055e+02 0.000000000000000000e+00
2.550000000000000000e+02 1.457877997990773054e+02 2.438382084719147109e-06
2.550000000000000000e+02 1.452423971246598455e+02 0.000000000000000000e+00
2.550000000000000000e+02 1.450116920420962288e+02 0.000000000000000000e+00
2.550000000000000000e+02 1.448995825489870981e+02 0.000000000000000000e+00
2.550000000000000000e+02 1.450616203536629314e+02 0.000000000000000000e+00
2.550000000000000000e+02 1.451788748329708199e+02 0.000000000000000000e+00
2.550000000000000000e+02 1.453566450788572695e+02 0.000000000000000000e+00
2.550000000000000000e+02 1.455715421303656569e+02 0.000000000000000000e+00
2.550000000000000000e+02 1.456526500336496781e+02 0.000000000000000000e+00
2.550000000000000000e+02 1.457360817150604362e+02 0.000000000000000000e+00
2.550000000000000000e+02 1.456729471261228639e+02 0.000000000000000000e+00
2.550000000000000000e+02 1.457355794083509579e+02 0.000000000000000000e+00
2.550000000000000000e+02 1.457942224974884766e+02 0.000000000000000000e+00
2.550000000000000000e+02 1.459045763554966015e+02 0.000000000000000000e+00
2.550000000000000000e+02 1.457861124386746781e+02 0.000000000000000000e+00
2.550000000000000000e+02 1.458398080505622829e+02 0.000000000000000000e+00
2.550000000000000000e+02 1.459243467574395083e+02 0.000000000000000000e+00
2.550000000000000000e+02 1.460518863323807466e+02 0.000000000000000000e+00
2.549999707394149766e+02 1.461444400011704374e+02 0.000000000000000000e+00
2.550000000000000000e+02 1.462869292966730654e+02 0.000000000000000000e+00
2.550000000000000000e+02 1.461071449471846506e+02 0.000000000000000000e+00
2.550000000000000000e+02 1.459925507427311970e+02 0.000000000000000000e+00
2.549999926848537370e+02 1.456810523081724682e+02 0.000000000000000000e+00
2.550000000000000000e+02 1.449990319623123582e+02 0.000000000000000000e+00
2.550000000000000000e+02 1.448350922196104307e+02 0.000000000000000000e+00
2.550000000000000000e+02 1.448255849678621132e+02 0.000000000000000000e+00
2.550000000000000000e+02 1.450876208218323029e+02 0.000000000000000000e+00
2.550000000000000000e+02 1.451015683673568901e+02 7.315146254157441327e-06
2.550000000000000000e+02 1.451637812478664102e+02 1.219191042359573554e-05
2.550000000000000000e+02 1.451280223745939963e+02 0.000000000000000000e+00
2.550000000000000000e+02 1.454500985106362236e+02 0.000000000000000000e+00
2.550000000000000000e+02 1.453026007783315663e+02 1.950705667775317687e-05
2.550000000000000000e+02 1.451142284471407606e+02 0.000000000000000000e+00
2.550000000000000000e+02 1.452710993201790757e+02 0.000000000000000000e+00
2.550000000000000000e+02 1.454355535615008819e+02 0.000000000000000000e+00
2.550000000000000000e+02 1.456007856467076920e+02 0.000000000000000000e+00
2.550000000000000000e+02 1.458300033161996225e+02 0.000000000000000000e+00
2.550000000000000000e+02 1.458641504189140505e+02 0.000000000000000000e+00
2.550000000000000000e+02 1.457561227774147312e+02 0.000000000000000000e+00
2.550000000000000000e+02 1.457443551454738611e+02 0.000000000000000000e+00
2.550000000000000000e+02 1.455687160455294702e+02 0.000000000000000000e+00
2.550000000000000000e+02 1.451529036253864717e+02 0.000000000000000000e+00
2.549999951232358342e+02 1.448499151443034521e+02 6.339793420269782822e-05
2.550000000000000000e+02 1.447045266125020646e+02 0.000000000000000000e+00
2.550000000000000000e+02 1.446683020082514872e+02 0.000000000000000000e+00
2.550000000000000000e+02 1.445497454329103562e+02 0.000000000000000000e+00
2.550000000000000000e+02 1.444064295258809807e+02 0.000000000000000000e+00
2.550000000000000000e+02 1.440545636759097476e+02 0.000000000000000000e+00
2.550000000000000000e+02 1.438449067075014511e+02 0.000000000000000000e+00
2.550000000000000000e+02 1.438311786163644683e+02 0.000000000000000000e+00
2.550000000000000000e+02 1.440255737513045347e+02 0.000000000000000000e+00
2.550000000000000000e+02 1.442685731563393006e+02 0.000000000000000000e+00
2.550000000000000000e+02 1.445464170413647196e+02 0.000000000000000000e+00
2.550000000000000000e+02 1.449195114457654938e+02 0.000000000000000000e+00
2.549999902464716683e+02 1.450762165088220570e+02 1.950705667775317687e-05
2.550000000000000000e+02 1.452451403045051563e+02 0.000000000000000000e+00
2.549999926848537370e+02 1.452156553883367280e+02 0.000000000000000000e+00
2.550000000000000000e+02 1.453731358568962264e+02 0.000000000000000000e+00
2.550000000000000000e+02 1.455711422357037748e+02 0.000000000000000000e+00
2.550000000000000000e+02 1.456857681391243204e+02 0.000000000000000000e+00
2.550000000000000000e+02 1.455845850361368150e+02 0.000000000000000000e+00
2.550000000000000000e+02 1.457643718240073269e+02 0.000000000000000000e+00
2.550000000000000000e+02 1.459500911954899607e+02 0.000000000000000000e+00
2.550000000000000000e+02 1.461450910491870445e+02 0.000000000000000000e+00
2.550000000000000000e+02 1.462068430754825670e+02 0.000000000000000000e+00
2.550000000000000000e+02 1.460366903352287693e+02 0.000000000000000000e+00
2.550000000000000000e+02 1.454298818847718167e+02 0.000000000000000000e+00
2.550000000000000000e+02 1.454589473992216710e+02 0.000000000000000000e+00
2.550000000000000000e+02 1.457261989524710657e+02 0.000000000000000000e+00
2.550000000000000000e+02 1.458214250880255918e+02 0.000000000000000000e+00
2.550000000000000000e+02 1.459356023291425686e+02 0.000000000000000000e+00
2.550000000000000000e+02 1.459823778126737466e+02 0.000000000000000000e+00
2.550000000000000000e+02 1.454562505486359782e+02 0.000000000000000000e+00
2.550000000000000000e+02 1.448624533049830916e+02 0.000000000000000000e+00
2.550000000000000000e+02 1.446464614199186656e+02 0.000000000000000000e+00
2.550000000000000000e+02 1.444385576482292493e+02 0.000000000000000000e+00
2.550000000000000000e+02 1.449742311781286901e+02 0.000000000000000000e+00
2.550000000000000000e+02 1.452645473875174389e+02 0.000000000000000000e+00
2.550000000000000000e+02 1.453270016678533523e+02 0.000000000000000000e+00
2.549999902464716683e+02 1.452782803554185591e+02 4.876764169438294218e-06
2.550000000000000000e+02 1.453874198991485116e+02 0.000000000000000000e+00
2.550000000000000000e+02 1.454989051664439614e+02 0.000000000000000000e+00
2.550000000000000000e+02 1.453510172930057536e+02 0.000000000000000000e+00
2.550000000000000000e+02 1.452953173310445152e+02 0.000000000000000000e+00
2.550000000000000000e+02 1.453780857725282090e+02 0.000000000000000000e+00
2.550000000000000000e+02 1.452815526641762744e+02 9.753528338876588436e-06
2.550000000000000000e+02 1.452430384191481210e+02 0.000000000000000000e+00
2.549999780545612396e+02 1.452421874238005728e+02 0.000000000000000000e+00
2.550000000000000000e+02 1.451598359456533274e+02 0.000000000000000000e+00
2.550000000000000000e+02 1.452883776956313966e+02 0.000000000000000000e+00
2.550000000000000000e+02 1.452935202434480573e+02 0.000000000000000000e+00
2.550000000000000000e+02 1.454394574112185126e+02 0.000000000000000000e+00
2.550000000000000000e+02 1.454834823997581168e+02 0.000000000000000000e+00
2.550000000000000000e+02 1.454213085333619517e+02 0.000000000000000000e+00
2.550000000000000000e+02 1.454408204668038707e+02 0.000000000000000000e+00
2.550000000000000000e+02 1.455100241887502932e+02 0.000000000000000000e+00
2.550000000000000000e+02 1.455669457801359670e+02 0.000000000000000000e+00
2.550000000000000000e+02 1.454786592799945311e+02 0.000000000000000000e+00
2.550000000000000000e+02 1.454489963619339221e+02 0.000000000000000000e+00
2.549999951232358342e+02 1.451510016873604059e+02 0.000000000000000000e+00
2.550000000000000000e+02 1.446307996917884964e+02 0.000000000000000000e+00
2.550000000000000000e+02 1.443253947740595038e+02 0.000000000000000000e+00
2.550000000000000000e+02 1.442205297141240976e+02 9.753528338876588436e-06
2.550000000000000000e+02 1.444613833429243073e+02 0.000000000000000000e+00
2.550000000000000000e+02 1.444367995747461748e+02 0.000000000000000000e+00
2.550000000000000000e+02 1.446438182137388253e+02 0.000000000000000000e+00
2.549999902464716683e+02 1.448953422025417694e+02 0.000000000000000000e+00
2.550000000000000000e+02 1.449946379977957065e+02 0.000000000000000000e+00
2.550000000000000000e+02 1.450490626859266285e+02 0.000000000000000000e+00
2.550000000000000000e+02 1.450608498249241620e+02 0.000000000000000000e+00
2.550000000000000000e+02 1.450944775522545171e+02 0.000000000000000000e+00
2.550000000000000000e+02 1.451911594019136373e+02 0.000000000000000000e+00
2.550000000000000000e+02 1.453098817872365203e+02 0.000000000000000000e+00
2.550000000000000000e+02 1.453417075502062801e+02 0.000000000000000000e+00
2.550000000000000000e+02 1.453112472812039755e+02 0.000000000000000000e+00
2.550000000000000000e+02 1.452987164356705989e+02 0.000000000000000000e+00
2.550000000000000000e+02 1.453007817452963479e+02 7.315146254157441327e-06
2.550000000000000000e+02 1.452805309820827802e+02 2.438382084719147109e-06
2.550000000000000000e+02 1.452627819988881015e+02 0.000000000000000000e+00
2.550000000000000000e+02 1.454274264340125171e+02 0.000000000000000000e+00
2.550000000000000000e+02 1.455535688160192080e+02 0.000000000000000000e+00
2.550000000000000000e+02 1.456292001131409393e+02 0.000000000000000000e+00
2.549999853697075025e+02 1.457843226662245115e+02 0.000000000000000000e+00
2.550000000000000000e+02 1.459791810937606726e+02 0.000000000000000000e+00
2.550000000000000000e+02 1.459500985106362236e+02 0.000000000000000000e+00
2.550000000000000000e+02 1.461065719273947252e+02 0.000000000000000000e+00
2.550000000000000000e+02 1.457949271899109362e+02 0.000000000000000000e+00
2.550000000000000000e+02 1.444702883142977043e+02 0.000000000000000000e+00
2.550000000000000000e+02 1.438997069064734262e+02 0.000000000000000000e+00
2.550000000000000000e+02 1.439431222994918471e+02 0.000000000000000000e+00
2.550000000000000000e+02 1.442004545144205849e+02 0.000000000000000000e+00
2.550000000000000000e+02 1.445358612853199531e+02 2.438382084719147109e-06
2.550000000000000000e+02 1.447520677480078461e+02 0.000000000000000000e+00
2.550000000000000000e+02 1.449410838120690244e+02 0.000000000000000000e+00
2.550000000000000000e+02 1.449964984833263486e+02 0.000000000000000000e+00
2.550000000000000000e+02 1.451502872414095862e+02 0.000000000000000000e+00
2.550000000000000000e+02 1.455364928262798969e+02 0.000000000000000000e+00
2.550000000000000000e+02 1.457616066987232557e+02 0.000000000000000000e+00
