2.550000000000000000e+02 1.076900366524971275e+02 0.000000000000000000e+00
2.550000000000000000e+02 1.080409154167843582e+02 0.000000000000000000e+00
2.550000000000000000e+02 9.894715702012442193e+01 0.000000000000000000e+00
2.550000000000000000e+02 9.933579922423474784e+01 0.000000000000000000e+00
2.550000000000000000e+02 9.988458941624698184e+01 0.000000000000000000e+00
2.550000000000000000e+02 1.002705464115689580e+02 0.000000000000000000e+00
2.550000000000000000e+02 1.008135528119768196e+02 0.000000000000000000e+00
2.550000000000000000e+02 1.009586212598262449e+02 3.444783564248658086e-06
2.550000000000000000e+02 1.010323568520189923e+02 0.000000000000000000e+00
2.550000000000000000e+02 1.011894682632090223e+02 0.000000000000000000e+00
2.550000000000000000e+02 1.006686600480891798e+02 0.000000000000000000e+00
2.550000000000000000e+02 1.013110088393146242e+02 0.000000000000000000e+00
2.550000000000000000e+02 1.006867279378836599e+02 0.000000000000000000e+00
2.549999655521643547e+02 1.004761638201271836e+02 2.066870138549194852e-05
2.550000000000000000e+02 1.006354747256229842e+02 0.000000000000000000e+00
2.550000000000000000e+02 1.002856362859721457e+02 0.000000000000000000e+00
2.549999793312986185e+02 1.004721265337898757e+02 0.000000000000000000e+00
2.550000000000000000e+02 1.005663034716528728e+02 0.000000000000000000e+00
2.550000000000000000e+02 1.004808814512184227e+02 0.000000000000000000e+00
2.550000000000000000e+02 1.007525990891992222e+02 0.000000000000000000e+00
2.549999948328246546e+02 1.006992566157068296e+02 1.722391782124329043e-06
2.550000000000000000e+02 1.006367165700979029e+02 0.000000000000000000e+00
2.550000000000000000e+02 1.003445954790660437e+02 8.611958910621645216e-06
2.550000000000000000e+02 1.001516634859831782e+02 1.205674247487030330e-05
2.550000000000000000e+02 1.003813151494691596e+02 8.611958910621645216e-06
2.549999982776082277e+02 1.005296371953950114e+02 1.722391782124329043e-06
2.550000000000000000e+02 1.004162607563366834e+02 0.000000000000000000e+00
2.550000000000000000e+02 1.000608434897035437e+02 1.722391782124329043e-06
2.550000000000000000e+02 9.941102296292723395e+01 0.000000000000000000e+00
2.550000000000000000e+02 9.866502407903711003e+01 0.000000000000000000e+00
2.550000000000000000e+02 9.891014971029370884e+01 0.000000000000000000e+00
2.550000000000000000e+02 9.897958965738182258e+01 0.000000000000000000e+00
2.549999982776082277e+02 9.931720428255492550e+01 0.000000000000000000e+00
2.550000000000000000e+02 9.980199039594342025e+01 0.000000000000000000e+00
2.550000000000000000e+02 1.000957477591682903e+02 0.000000000000000000e+00
2.549999672745561270e+02 1.006861285455434825e+02 5.167175346372987130e-06
2.550000000000000000e+02 1.010657264704058633e+02 0.000000000000000000e+00
2.550000000000000000e+02 1.011016142255782029e+02 0.000000000000000000e+00
2.550000000000000000e+02 1.010326203779616492e+02 1.033435069274597426e-05
2.549999948328246546e+02 1.008036697279309948e+02 1.894630960336761948e-05
2.550000000000000000e+02 1.005320158184461263e+02 0.000000000000000000e+00
2.550000000000000000e+02 1.001592041172053200e+02 0.000000000000000000e+00
2.550000000000000000e+02 1.001056790701840242e+02 0.000000000000000000e+00
2.550000000000000000e+02 1.001776629899343476e+02 0.000000000000000000e+00
2.550000000000000000e+02 1.005818997292400070e+02 2.928066029611359374e-05
2.550000000000000000e+02 1.006878629940680838e+02 3.272544386036225182e-05
2.550000000000000000e+02 1.005592433877379506e+02 0.000000000000000000e+00
2.550000000000000000e+02 1.005740576794560042e+02 0.000000000000000000e+00
2.550000000000000000e+02 1.004812603774104929e+02 8.611958910621645216e-06
2.550000000000000000e+02 1.005459086305607457e+02 0.000000000000000000e+00
2.550000000000000000e+02 1.004837027289575389e+02 0.000000000000000000e+00
2.549999913880410816e+02 1.006020517130908729e+02 0.000000000000000000e+00
2.550000000000000000e+02 1.007434738575375377e+02 0.000000000000000000e+00
2.550000000000000000e+02 1.009289410046366839e+02 0.000000000000000000e+00
2.550000000000000000e+02 1.013500640729742912e+02 0.000000000000000000e+00
2.550000000000000000e+02 1.014234086822324912e+02 0.000000000000000000e+00
2.550000000000000000e+02 1.006017210138686977e+02 0.000000000000000000e+00
2.550000000000000000e+02 9.969674364609672068e+01 0.000000000000000000e+00
2.550000000000000000e+02 9.800965572833058559e+01 1.722391782124329043e-06
2.549999948328246546e+02 9.766105913315466580e+01 0.000000000000000000e+00
2.549999948328246546e+02 9.768214637574321557e+01 3.444783564248658086e-05
2.549999982776082277e+02 9.822669259440429812e+01 5.167175346372987130e-06
2.550000000000000000e+02 9.867514140836530601e+01 0.000000000000000000e+00
2.549999965552164269e+02 9.949163606550600036e+01 5.167175346372987130e-06
2.549999931104328823e+02 9.970517992104555560e+01 0.000000000000000000e+00
2.549999982776082277e+02 1.000432647591751874e+02 1.722391782124329043e-06
2.549999827760821915e+02 1.002713404341805159e+02 0.000000000000000000e+00
2.549999982776082277e+02 9.975796950677589336e+01 0.000000000000000000e+00
2.549999913880410816e+02 1.000969327647143956e+02 6.889567128497316173e-06
2.550000000000000000e+02 1.001149954873335304e+02 3.444783564248658086e-06
2.549999982776082277e+02 9.999441772823413999e+01 0.000000000000000000e+00
2.550000000000000000e+02 1.002876222036969409e+02 0.000000000000000000e+00
2.550000000000000000e+02 1.000267900817791684e+02 0.000000000000000000e+00
2.550000000000000000e+02 1.000188240197868339e+02 1.722391782124329043e-05
2.549999741641232731e+02 9.946868863979275943e+01 0.000000000000000000e+00
2.550000000000000000e+02 9.881686669376563259e+01 0.000000000000000000e+00
2.550000000000000000e+02 9.860721027647832670e+01 0.000000000000000000e+00
2.550000000000000000e+02 9.819787697988935804e+01 0.000000000000000000e+00
2.550000000000000000e+02 9.848942795924132554e+01 1.205674247487030330e-05
2.550000000000000000e+02 9.868559115930746373e+01 0.000000000000000000e+00
2.550000000000000000e+02 9.898103474408702596e+01 3.444783564248658086e-06
2.550000000000000000e+02 9.930959992283685267e+01 5.167175346372987130e-06
2.550000000000000000e+02 9.933010671939481995e+01 1.550152603911896139e-05
2.550000000000000000e+02 9.971215388537137869e+01 0.000000000000000000e+00
2.550000000000000000e+02 1.000499751975583393e+02 0.000000000000000000e+00
2.550000000000000000e+02 9.996661143530351978e+01 0.000000000000000000e+00
2.550000000000000000e+02 9.962128221733829037e+01 0.000000000000000000e+00
2.549999965552164269e+02 9.863072436908788632e+01 0.000000000000000000e+00
2.549999603849890093e+02 9.803318704485796786e+01 1.550152603911896139e-05
2.550000000000000000e+02 9.793171061062233207e+01 0.000000000000000000e+00
2.550000000000000000e+02 9.819300950071307454e+01 0.000000000000000000e+00
2.549999793312986185e+02 9.905015432630368366e+01 2.411348494974060661e-05
2.550000000000000000e+02 9.950370314233157387e+01 0.000000000000000000e+00
2.550000000000000000e+02 9.985719649734407710e+01 0.000000000000000000e+00
2.549999948328246546e+02 1.000914590036308027e+02 1.550152603911896139e-05
2.550000000000000000e+02 9.990729915189429278e+01 0.000000000000000000e+00
2.550000000000000000e+02 9.963095516958669862e+01 1.722391782124329043e-06
2.550000000000000000e+02 9.947355956375261599e+01 1.722391782124329043e-06
2.549999810536903908e+02 9.964836682811218793e+01 0.000000000000000000e+00
2.549999982776082277e+02 9.959476599585248380e+01 0.000000000000000000e+00
2.550000000000000000e+02 9.968322459299882610e+01 0.000000000000000000e+00
2.550000000000000000e+02 9.992649176352249185e+01 5.167175346372987130e-06
2.550000000000000000e+02 9.976564103977347031e+01 3.444783564248658086e-06
2.549999965552164269e+02 1.001576746333027899e+02 8.611958910621645216e-06
2.550000000000000000e+02 1.001437060359497622e+02 0.000000000000000000e+00
2.549999879432575369e+02 9.998885956995322033e+01 5.167175346372987130e-06
2.550000000000000000e+02 1.002253732422991845e+02 0.000000000000000000e+00
2.550000000000000000e+02 1.002456027337802311e+02 3.444783564248658086e-06
2.549999552178136639e+02 1.001439368364485603e+02 1.377913425699463235e-05
2.550000000000000000e+02 9.996786878130447462e+01 0.000000000000000000e+00
2.550000000000000000e+02 9.964748324112795785e+01 0.000000000000000000e+00
2.550000000000000000e+02 9.980874044933756295e+01 0.000000000000000000e+00
2.550000000000000000e+02 1.008652228430487696e+02 1.722391782124329043e-06
2.549999689969479277e+02 1.019042401840892325e+02 0.000000000000000000e+00
2.550000000000000000e+02 1.015756646709887150e+02 0.000000000000000000e+00
2.550000000000000000e+02 1.004977488339407614e+02 0.000000000000000000e+00
2.550000000000000000e+02 9.872650485370003537e+01 0.000000000000000000e+00
2.550000000000000000e+02 9.718255113781201260e+01 3.961501098885956799e-05
2.549999913880410816e+02 9.631060235485404064e+01 0.000000000000000000e+00
2.550000000000000000e+02 9.628647853555361280e+01 0.000000000000000000e+00
2.550000000000000000e+02 9.616037017644181617e+01 1.722391782124329043e-06
2.550000000000000000e+02 9.657087642183441289e+01 1.722391782124329043e-06
2.550000000000000000e+02 9.626884124370465656e+01 0.000000000000000000e+00
2.549999844984739639e+02 9.655846314426064225e+01 0.000000000000000000e+00
2.550000000000000000e+02 9.578154216070603866e+01 0.000000000000000000e+00
2.549999982776082277e+02 9.596654598441580220e+01 0.000000000000000000e+00
2.550000000000000000e+02 9.591911648191144479e+01 0.000000000000000000e+00
2.549999862208657362e+02 9.587462710217917561e+01 1.550152603911896139e-05
2.549999879432575369e+02 9.623863049184619456e+01 0.000000000000000000e+00
2.550000000000000000e+02 9.649464163916580617e+01 0.000000000000000000e+00
2.550000000000000000e+02 9.702942361881403599e+01 6.889567128497316173e-06
2.550000000000000000e+02 9.740810523124831377e+01 0.000000000000000000e+00
2.550000000000000000e+02 9.750910973013566263e+01 0.000000000000000000e+00
2.550000000000000000e+02 9.760332283822607735e+01 1.722391782124329043e-06
2.550000000000000000e+02 9.750091459003630234e+01 0.000000000000000000e+00
2.550000000000000000e+02 9.612585516751983050e+01 0.000000000000000000e+00
2.550000000000000000e+02 9.687435668666937261e+01 0.000000000000000000e+00
2.550000000000000000e+02 9.656115696500788204e+01 1.377913425699463235e-05
2.550000000000000000e+02 9.637488373855470059e+01 0.000000000000000000e+00
2.550000000000000000e+02 9.724541671546776911e+01 0.000000000000000000e+00
2.550000000000000000e+02 9.707120367627301505e+01 0.000000000000000000e+00
2.550000000000000000e+02 9.723899563890400088e+01 0.000000000000000000e+00
2.550000000000000000e+02 9.771184902202594458e+01 0.000000000000000000e+00
2.549999982776082277e+02 9.693809723935045497e+01 5.167175346372987130e-06
2.550000000000000000e+02 9.685566184626620156e+01 0.000000000000000000e+00
2.549999982776082277e+02 9.621212632710286528e+01 0.000000000000000000e+00
2.550000000000000000e+02 9.448362522132734398e+01 1.205674247487030330e-05
2.550000000000000000e+02 9.431469820251193426e+01 0.000000000000000000e+00
2.550000000000000000e+02 9.588920198143951268e+01 0.000000000000000000e+00
2.550000000000000000e+02 9.591238193004333823e+01 0.000000000000000000e+00
2.550000000000000000e+02 9.619766857048371378e+01 0.000000000000000000e+00
2.550000000000000000e+02 9.678520396563483530e+01 0.000000000000000000e+00
2.550000000000000000e+02 9.663686297339937425e+01 0.000000000000000000e+00
2.550000000000000000e+02 9.679885047572460621e+01 0.000000000000000000e+00
2.550000000000000000e+02 9.696660454573638788e+01 0.000000000000000000e+00
2.550000000000000000e+02 9.684000358257490859e+01 0.000000000000000000e+00
2.550000000000000000e+02 9.700535663844240730e+01 0.000000000000000000e+00
2.549999724417314724e+02 9.782321198509097826e+01 0.000000000000000000e+00
2.550000000000000000e+02 9.783753367275933499e+01 0.000000000000000000e+00
2.550000000000000000e+02 9.864374048378540749e+01 0.000000000000000000e+00
2.550000000000000000e+02 9.862595851102675226e+01 0.000000000000000000e+00
2.550000000000000000e+02 9.804697823585743777e+01 0.000000000000000000e+00
2.550000000000000000e+02 9.819443564110866873e+01 0.000000000000000000e+00
2.550000000000000000e+02 9.737789792417342483e+01 1.722391782124329043e-06
2.550000000000000000e+02 9.706796730211441115e+01 1.550152603911896139e-05
2.549999965552164269e+02 9.694348488084493454e+01 0.000000000000000000e+00
2.550000000000000000e+02 9.646016280047125235e+01 0.000000000000000000e+00
2.550000000000000000e+02 9.627110274411458590e+01 0.000000000000000000e+00
2.550000000000000000e+02 9.633823813099823496e+01 1.550152603911896139e-05
2.549999982776082277e+02 9.614076246839411510e+01 1.894630960336761948e-05
2.549999948328246546e+02 9.683278331622423707e+01 0.000000000000000000e+00
2.550000000000000000e+02 9.732099354447559847e+01 0.000000000000000000e+00
2.550000000000000000e+02 9.807788483399588131e+01 0.000000000000000000e+00
2.550000000000000000e+02 9.754130639971890560e+01 1.722391782124329043e-06
2.550000000000000000e+02 9.623151356900245901e+01 0.000000000000000000e+00
2.549999879432575369e+02 9.524007730094318447e+01 1.722391782124329043e-05
2.550000000000000000e+02 9.507145514547320886e+01 0.000000000000000000e+00
2.549999931104328823e+02 9.534568230828057267e+01 1.033435069274597426e-05
2.549999776089068462e+02 9.630833052009342055e+01 1.550152603911896139e-05
2.550000000000000000e+02 9.704964622072795066e+01 0.000000000000000000e+00
2.549999397162876278e+02 9.797088296692318465e+01 3.444783564248658086e-05
2.550000000000000000e+02 9.819318862945840465e+01 1.722391782124329043e-06
2.550000000000000000e+02 9.817599915947280920e+01 0.000000000000000000e+00
2.550000000000000000e+02 9.813769661102192288e+01 1.722391782124329043e-06
2.550000000000000000e+02 9.754598097101559517e+01 0.000000000000000000e+00
2.550000000000000000e+02 9.721962389853045750e+01 0.000000000000000000e+00
2.550000000000000000e+02 9.678508339821009088e+01 0.000000000000000000e+00
2.550000000000000000e+02 9.697579350589401770e+01 0.000000000000000000e+00
2.550000000000000000e+02 9.698450708591978753e+01 0.000000000000000000e+00
2.550000000000000000e+02 9.721575712897958965e+01 0.000000000000000000e+00
2.550000000000000000e+02 9.773198894913431900e+01 0.000000000000000000e+00
2.550000000000000000e+02 9.747893514850461827e+01 0.000000000000000000e+00
2.549999844984739639e+02 9.789011657147581502e+01 5.167175346372987130e-06
2.549999741641232731e+02 9.792242691891668471e+01 2.239109316761627756e-05
2.550000000000000000e+02 9.758996741234747674e+01 0.000000000000000000e+00
2.550000000000000000e+02 9.805375584752009388e+01 1.722391782124329043e-06
2.550000000000000000e+02 9.847026979544875758e+01 0.000000000000000000e+00
2.550000000000000000e+02 9.873265379236222827e+01 3.444783564248658086e-06
2.549999965552164269e+02 9.887251372746250411e+01 0.000000000000000000e+00
2.550000000000000000e+02 9.888810826265785181e+01 0.000000000000000000e+00
2.550000000000000000e+02 9.832497571427586536e+01 7.923002197771913599e-05
2.550000000000000000e+02 9.710097521822703470e+01 0.000000000000000000e+00
2.550000000000000000e+02 9.573077983010327330e+01 0.000000000000000000e+00
2.550000000000000000e+02 9.451195856614329216e+01 0.000000000000000000e+00
2.550000000000000000e+02 9.434523104163365304e+01 1.722391782124329043e-06
2.549999879432575369e+02 9.500491915092975148e+01 1.033435069274597426e-05
2.549999982776082277e+02 9.581347702673841127e+01 0.000000000000000000e+00
2.550000000000000000e+02 9.675367041688770087e+01 3.444783564248658086e-06
2.550000000000000000e+02 9.753426526211357839e+01 0.000000000000000000e+00
2.550000000000000000e+02 9.772605703183668879e+01 0.000000000000000000e+00
2.550000000000000000e+02 9.829093091831040852e+01 0.000000000000000000e+00
2.550000000000000000e+02 9.828247914183552325e+01 6.889567128497316173e-06
2.550000000000000000e+02 9.793606998422289678e+01 0.000000000000000000e+00
2.550000000000000000e+02 9.820606178563801336e+01 5.167175346372987130e-06
2.550000000000000000e+02 9.828720021771032123e+01 0.000000000000000000e+00
2.550000000000000000e+02 9.829297711974756169e+01 0.000000000000000000e+00
2.550000000000000000e+02 9.810465941424899938e+01 0.000000000000000000e+00
2.550000000000000000e+02 9.807491887534706620e+01 0.000000000000000000e+00
2.550000000000000000e+02 9.775260942354991300e+01 0.000000000000000000e+00
2.549999827760821915e+02 9.779604297711975391e+01 0.000000000000000000e+00
2.550000000000000000e+02 9.799250415096419431e+01 1.722391782124329043e-05
2.550000000000000000e+02 9.814983086112700050e+01 0.000000000000000000e+00
2.549999896656493092e+02 9.842028598593149979e+01 0.000000000000000000e+00
2.550000000000000000e+02 9.852555857165494047e+01 0.000000000000000000e+00
2.549999982776082277e+02 9.839949154994592107e+01 1.033435069274597426e-05
2.550000000000000000e+02 9.780865260735667732e+01 0.000000000000000000e+00
2.550000000000000000e+02 9.625928196931387504e+01 1.722391782124329043e-06
2.550000000000000000e+02 9.651001054103770116e+01 0.000000000000000000e+00
2.550000000000000000e+02 9.629322342177241012e+01 1.722391782124329043e-06
2.550000000000000000e+02 9.727209656417286965e+01 1.894630960336761948e-05
2.549999776089068462e+02 9.793718264931413842e+01 0.000000000000000000e+00
2.550000000000000000e+02 9.862020227769089331e+01 0.000000000000000000e+00
2.550000000000000000e+02 9.936311635789923002e+01 0.000000000000000000e+00
2.549999982776082277e+02 9.920944628548988931e+01 0.000000000000000000e+00
2.550000000000000000e+02 9.893883786781675838e+01 0.000000000000000000e+00
2.550000000000000000e+02 9.876717224606777279e+01 1.722391782124329043e-06
2.549999896656493092e+02 9.868161071189896916e+01 1.722391782124329043e-05
2.550000000000000000e+02 9.824521175084569791e+01 0.000000000000000000e+00
2.550000000000000000e+02 9.826762351271469242e+01 0.000000000000000000e+00
2.550000000000000000e+02 9.829495442551343842e+01 1.722391782124329043e-06
2.549999965552164269e+02 9.857223022177517180e+01 0.000000000000000000e+00
2.550000000000000000e+02 9.852416687909499160e+01 0.000000000000000000e+00
2.549999982776082277e+02 9.914062812183510687e+01 0.000000000000000000e+00
2.550000000000000000e+02 9.886047593129723055e+01 0.000000000000000000e+00
2.550000000000000000e+02 9.817222023190282698e+01 0.000000000000000000e+00
2.550000000000000000e+02 9.833773691498963387e+01 3.444783564248658086e-06
2.549999948328246546e+02 9.795277546211771380e+01 0.000000000000000000e+00
2.549999448834629732e+02 9.757566811577228805e+01 1.550152603911896139e-05
2.550000000000000000e+02 9.664821698002714356e+01 1.722391782124329043e-06
2.550000000000000000e+02 9.528575857578867669e+01 0.000000000000000000e+00
2.550000000000000000e+02 9.477528471136157862e+01 0.000000000000000000e+00
2.550000000000000000e+02 9.471442572013199879e+01 8.611958910621645216e-06
2.550000000000000000e+02 9.523048185632497109e+01 0.000000000000000000e+00
2.550000000000000000e+02 9.574649493272337963e+01 0.000000000000000000e+00
2.550000000000000000e+02 9.637737259467986917e+01 0.000000000000000000e+00
2.550000000000000000e+02 9.681372849593860508e+01 0.000000000000000000e+00
2.550000000000000000e+02 9.706873721124101451e+01 0.000000000000000000e+00
2.549999982776082277e+02 9.731929182139485590e+01 0.000000000000000000e+00
2.550000000000000000e+02 9.747182856001157347e+01 0.000000000000000000e+00
2.550000000000000000e+02 9.723555946729867117e+01 0.000000000000000000e+00
2.550000000000000000e+02 9.702978359869649694e+01 8.611958910621645216e-06
2.550000000000000000e+02 9.735702081338229164e+01 0.000000000000000000e+00
2.550000000000000000e+02 9.718862084645222410e+01 0.000000000000000000e+00
2.550000000000000000e+02 9.752037244999897325e+01 0.000000000000000000e+00
2.550000000000000000e+02 9.694307495160079213e+01 0.000000000000000000e+00
2.550000000000000000e+02 9.716566825356362358e+01 1.722391782124329043e-06
2.550000000000000000e+02 9.710985070308032618e+01 1.894630960336761948e-05
2.550000000000000000e+02 9.696931042322610494e+01 1.033435069274597426e-05
2.550000000000000000e+02 9.726176221348012518e+01 3.444783564248658086e-05
2.550000000000000000e+02 9.696433271097576778e+01 3.444783564248658086e-06
2.550000000000000000e+02 9.723899563890400088e+01 3.272544386036225182e-05
2.549999896656493092e+02 9.732117267322094278e+01 0.000000000000000000e+00
2.550000000000000000e+02 9.738766560796985061e+01 0.000000000000000000e+00
2.550000000000000000e+02 9.613526631621735419e+01 0.000000000000000000e+00
2.550000000000000000e+02 9.535795951690354855e+01 3.444783564248658086e-06
2.550000000000000000e+02 9.496344395681619233e+01 0.000000000000000000e+00
2.550000000000000000e+02 9.517696025408723415e+01 0.000000000000000000e+00
2.550000000000000000e+02 9.569459410115263154e+01 0.000000000000000000e+00
2.550000000000000000e+02 9.614349073697700021e+01 0.000000000000000000e+00
2.550000000000000000e+02 9.650893404617387716e+01 0.000000000000000000e+00
2.550000000000000000e+02 9.665884758210641792e+01 0.000000000000000000e+00
2.549999965552164269e+02 9.684914431576264349e+01 0.000000000000000000e+00
2.550000000000000000e+02 9.722825480375068707e+01 0.000000000000000000e+00
2.550000000000000000e+02 9.694362783936284700e+01 0.000000000000000000e+00
2.549999827760821915e+02 9.715501181560762234e+01 1.550152603911896139e-05
2.549999982776082277e+02 9.711333510165556504e+01 8.611958910621645216e-06
2.550000000000000000e+02 9.695122875429736098e+01 6.889567128497316173e-06
2.549999948328246546e+02 9.728054661825596838e+01 1.550152603911896139e-05
2.549999982776082277e+02 9.726310395667840680e+01 1.722391782124329043e-06
2.550000000000000000e+02 9.733221664932791839e+01 2.239109316761627756e-05
2.550000000000000000e+02 9.743857606426588802e+01 1.722391782124329043e-06
2.550000000000000000e+02 9.743767353097204875e+01 0.000000000000000000e+00
