2.550000000000000000e+02 1.957781904792301759e+02 8.714563219124522675e+01
2.550000000000000000e+02 1.957669996648740209e+02 8.708272425514259396e+01
2.550000000000000000e+02 1.997624914223704593e+02 9.060826165360738571e+01
2.550000000000000000e+02 2.005825566921468806e+02 9.110767119352728116e+01
2.550000000000000000e+02 2.011619855417072245e+02 9.077407321704993137e+01
2.550000000000000000e+02 2.013418005840767364e+02 9.034289772273909591e+01
2.550000000000000000e+02 2.019380176499688844e+02 8.993794583725643577e+01
2.550000000000000000e+02 2.026620892711807471e+02 9.008042225874918074e+01
2.550000000000000000e+02 2.025866300687806074e+02 8.976210443164227115e+01
2.550000000000000000e+02 2.025291639404433113e+02 8.957054003159758793e+01
2.550000000000000000e+02 2.026758733223752529e+02 8.960639851267893619e+01
2.550000000000000000e+02 2.026863819159631817e+02 8.960001915005665296e+01
2.550000000000000000e+02 2.027231699727111618e+02 8.946492347956530011e+01
2.550000000000000000e+02 2.027975120884732689e+02 8.952089749932176233e+01
2.550000000000000000e+02 2.030841844469623254e+02 8.964530105484895728e+01
2.550000000000000000e+02 2.029571118522892164e+02 8.954454382969215942e+01
2.550000000000000000e+02 2.026952866923064676e+02 8.929306368989675491e+01
2.550000000000000000e+02 2.025160541308268023e+02 8.916185787466288559e+01
2.550000000000000000e+02 2.026366476229992202e+02 8.908399693599093894e+01
2.550000000000000000e+02 2.024669382251089189e+02 8.897598263728197310e+01
2.550000000000000000e+02 2.030554673411742215e+02 8.927575283660213756e+01
2.550000000000000000e+02 2.031376170946172408e+02 8.924816478623749560e+01
2.550000000000000000e+02 2.029980530775737009e+02 8.908815808371765854e+01
2.550000000000000000e+02 2.030701929368207743e+02 8.897792557011314329e+01
2.550000000000000000e+02 2.020344621227837933e+02 8.830972024958907696e+01
2.550000000000000000e+02 2.015779167930038511e+02 8.783287585975774903e+01
2.550000000000000000e+02 2.017624275888482828e+02 8.779894834272218418e+01
2.550000000000000000e+02 2.016958133188643956e+02 8.774183329875684478e+01
2.550000000000000000e+02 2.019488892967141567e+02 8.791871997829660756e+01
2.550000000000000000e+02 2.026738785248072929e+02 8.839234875444839190e+01
2.550000000000000000e+02 2.025860874838421353e+02 8.823165584156519969e+01
2.550000000000000000e+02 2.022719986275792792e+02 8.797210076121474742e+01
2.550000000000000000e+02 2.019664275569315350e+02 8.759293362909531311e+01
2.550000000000000000e+02 2.016244673890493573e+02 8.723504300783557142e+01
2.550000000000000000e+02 2.015363930868295483e+02 8.711626478144998487e+01
2.550000000000000000e+02 2.023064846879338745e+02 8.762671752070599496e+01
2.550000000000000000e+02 2.021435576017745746e+02 8.761448941161451387e+01
2.550000000000000000e+02 2.025232234332859775e+02 8.773172765427764830e+01
2.550000000000000000e+02 2.031586582193639003e+02 8.799930980004148751e+01
2.550000000000000000e+02 2.014229130427844154e+02 8.686862263217528835e+01
2.550000000000000000e+02 2.014533257265052839e+02 8.688828734660006603e+01
2.550000000000000000e+02 2.001427796307230835e+02 8.607504029491087749e+01
2.550000000000000000e+02 1.990162376522030456e+02 8.529750410928299686e+01
2.550000000000000000e+02 1.994470859997127548e+02 8.550371830266664119e+01
2.550000000000000000e+02 2.004237867641191713e+02 8.602342291304277921e+01
2.550000000000000000e+02 2.006521112937459179e+02 8.612255637297927535e+01
2.550000000000000000e+02 2.013519102181510618e+02 8.668053316949395537e+01
2.550000000000000000e+02 2.010902087356175230e+02 8.637548074621386718e+01
2.550000000000000000e+02 2.008899669661522864e+02 8.617388251440243607e+01
2.550000000000000000e+02 1.999390549447042247e+02 8.567291304278441544e+01
2.550000000000000000e+02 1.987389966966152315e+02 8.482749788551457470e+01
2.550000000000000000e+02 1.993603641702439973e+02 8.520478192872987222e+01
2.550000000000000000e+02 2.001265100617589212e+02 8.558441584348020115e+01
2.550000000000000000e+02 2.005069019995850681e+02 8.595905877471554390e+01
2.550000000000000000e+02 2.007090148891690546e+02 8.618680481304757279e+01
2.550000000000000000e+02 2.007809432998739396e+02 8.609956832580630248e+01
2.550000000000000000e+02 2.006853446212278413e+02 8.589753921772017975e+01
2.550000000000000000e+02 2.001730287410433675e+02 8.573127284043215468e+01
2.550000000000000000e+02 1.996775848586885331e+02 8.543439110799036484e+01
2.550000000000000000e+02 1.996051936549478967e+02 8.513400252142412228e+01
2.550000000000000000e+02 1.998887421604455596e+02 8.546653926559532977e+01
2.550000000000000000e+02 1.996276510859677842e+02 8.528475336322870248e+01
2.550000000000000000e+02 1.998446252174329345e+02 8.544590507955253145e+01
2.550000000000000000e+02 2.001913250243365212e+02 8.568300671847821093e+01
2.550000000000000000e+02 1.996935911143737030e+02 8.547930597003016828e+01
2.550000000000000000e+02 1.999940395448669790e+02 8.573034326476549438e+01
2.550000000000000000e+02 2.001833179068988215e+02 8.592887748751256538e+01
2.550000000000000000e+02 2.000030201235178708e+02 8.600248950736479969e+01
2.550000000000000000e+02 2.018388004085345528e+02 8.739905127427668674e+01
2.550000000000000000e+02 2.017989363739367832e+02 8.733010708073344119e+01
2.550000000000000000e+02 2.021214313071509423e+02 8.762030624132263767e+01
2.550000000000000000e+02 2.039463638829931540e+02 8.912515359941272663e+01
2.550000000000000000e+02 2.038668592311252326e+02 8.892782423439669515e+01
2.550000000000000000e+02 2.038568932224757759e+02 8.906952667443307803e+01
2.550000000000000000e+02 2.040156471921229411e+02 8.923458420439493466e+01
2.550000000000000000e+02 2.040260680146178629e+02 8.913046774013372442e+01
2.550000000000000000e+02 2.040858840144902047e+02 8.899493321417742209e+01
2.550000000000000000e+02 2.038706174297432199e+02 8.882885035826564035e+01
2.550000000000000000e+02 2.038065126150998196e+02 8.870470612642229469e+01
2.550000000000000000e+02 2.036994478400332014e+02 8.843727558527361055e+01
2.550000000000000000e+02 2.031661825957901897e+02 8.806082935703685166e+01
2.550000000000000000e+02 2.024180138199575367e+02 8.747776199671257302e+01
2.550000000000000000e+02 2.015408175478352462e+02 8.686930884253865770e+01
2.550000000000000000e+02 2.014260688125368972e+02 8.672796147646937470e+01
2.550000000000000000e+02 2.011620892711807471e+02 8.647162200979845181e+01
2.550000000000000000e+02 2.010568038555447288e+02 8.651372420726744394e+01
2.550000000000000000e+02 2.013132590204745895e+02 8.670059285383719327e+01
2.550000000000000000e+02 2.017138343200931843e+02 8.693869987073711059e+01
2.550000000000000000e+02 2.019940953991988977e+02 8.712744761661586779e+01
2.550000000000000000e+02 2.025368798174361302e+02 8.743435121203900451e+01
2.550000000000000000e+02 2.027082249493321342e+02 8.758352217416977226e+01
2.550000000000000000e+02 2.020579329109681908e+02 8.726991206932321177e+01
2.550000000000000000e+02 2.016076113496002336e+02 8.677167945996839649e+01
2.550000000000000000e+02 2.012505146577725270e+02 8.654239343791391548e+01
2.550000000000000000e+02 2.009512511370346033e+02 8.625447233614733022e+01
2.550000000000000000e+02 2.011547524057258727e+02 8.646523466798589652e+01
2.550000000000000000e+02 2.018826340902925267e+02 8.690734564256419503e+01
2.550000000000000000e+02 2.018819877758805035e+02 8.697502912404449660e+01
2.550000000000000000e+02 2.022022485358185975e+02 8.707193240030001391e+01
2.550000000000000000e+02 2.015585273606434384e+02 8.670738713435360978e+01
2.550000000000000000e+02 2.012997462617493625e+02 8.643630611365558991e+01
2.550000000000000000e+02 2.012306464739958187e+02 8.624182132997142958e+01
2.550000000000000000e+02 2.006201666054928694e+02 8.581497454638302713e+01
2.550000000000000000e+02 2.011720233630691155e+02 8.632854714903531601e+01
2.550000000000000000e+02 2.011646106953066351e+02 8.630494470421142239e+01
2.550000000000000000e+02 2.011155825606817302e+02 8.619943188165264303e+01
2.550000000000000000e+02 2.012090348371447135e+02 8.625100138837910890e+01
2.550000000000000000e+02 2.010772305826404818e+02 8.603516030193256370e+01
2.550000000000000000e+02 1.998203206038651274e+02 8.543749900260121422e+01
2.550000000000000000e+02 1.998152697764230936e+02 8.533141167834288865e+01
2.550000000000000000e+02 1.997505106681773839e+02 8.520952156775130959e+01
2.550000000000000000e+02 1.995786269409380225e+02 8.513144519094201712e+01
2.550000000000000000e+02 2.008089263201570418e+02 8.588836713850278670e+01
2.550000000000000000e+02 2.012274587874822487e+02 8.617100601630946244e+01
2.550000000000000000e+02 2.017940092239439593e+02 8.649968881157940359e+01
2.550000000000000000e+02 2.022939573592071838e+02 8.671031150758821582e+01
2.550000000000000000e+02 2.011747163397858458e+02 8.606313534302539381e+01
2.550000000000000000e+02 2.001108987759922115e+02 8.545583917144088559e+01
2.550000000000000000e+02 1.986218901105915791e+02 8.446947959721047994e+01
2.550000000000000000e+02 1.968903978424269496e+02 8.341704035874440137e+01
2.550000000000000000e+02 1.983866954981408526e+02 8.441915085457128498e+01
2.550000000000000000e+02 1.999390150487528501e+02 8.546175973062253206e+01
2.550000000000000000e+02 2.020707195633787023e+02 8.685196208288782316e+01
2.550000000000000000e+02 2.045031876865135700e+02 8.851382793674098082e+01
2.550000000000000000e+02 2.044041539664554819e+02 8.837832133795062362e+01
2.550000000000000000e+02 2.036340543861608978e+02 8.790075483139970913e+01
2.550000000000000000e+02 2.034847996425322663e+02 8.755625329141598456e+01
2.550000000000000000e+02 2.016360771108947745e+02 8.641646186744969782e+01
2.550000000000000000e+02 2.003335421221454453e+02 8.562577597625393366e+01
2.550000000000000000e+02 2.002175765603306559e+02 8.543287905143385785e+01
2.550000000000000000e+02 2.002164514945023370e+02 8.526743453074381307e+01
2.550000000000000000e+02 2.003345594689050984e+02 8.535255653256307085e+01
2.550000000000000000e+02 2.011727813861449476e+02 8.599422705583837967e+01
2.550000000000000000e+02 2.030853374399565894e+02 8.716664139923081223e+01
2.550000000000000000e+02 2.031015391858034320e+02 8.698295644957948980e+01
2.550000000000000000e+02 2.025586590172829347e+02 8.664737963391475262e+01
2.550000000000000000e+02 2.007275704961460576e+02 8.567908494645963913e+01
2.550000000000000000e+02 1.999010181446786873e+02 8.482461739782647214e+01
2.550000000000000000e+02 1.997367146481975055e+02 8.458167898121698158e+01
2.550000000000000000e+02 1.995871128097920746e+02 8.447579512631058662e+01
2.550000000000000000e+02 2.000760496624802443e+02 8.502086558256068827e+01
2.550000000000000000e+02 2.004016564799004243e+02 8.510853693567176492e+01
2.550000000000000000e+02 2.001602021926814814e+02 8.502099324960502713e+01
2.550000000000000000e+02 1.999818992068684906e+02 8.476965673523450562e+01
2.550000000000000000e+02 2.003041388059939720e+02 8.496808323891291082e+01
2.550000000000000000e+02 2.003325646713371668e+02 8.501943331790690195e+01
2.550000000000000000e+02 2.003615889759507240e+02 8.509823580103090990e+01
2.550000000000000000e+02 2.006246588896158869e+02 8.530816031789093756e+01
2.550000000000000000e+02 2.003493887940251739e+02 8.495024974865550860e+01
2.550000000000000000e+02 1.998203804477921608e+02 8.468654947895888085e+01
2.550000000000000000e+02 1.994890166445909188e+02 8.431780316933438257e+01
2.550000000000000000e+02 1.992138502784737284e+02 8.414779854140401483e+01
2.550000000000000000e+02 1.991113017251009296e+02 8.406087723217848406e+01
2.550000000000000000e+02 1.993517865407018519e+02 8.432626909021271899e+01
2.550000000000000000e+02 1.997832492858624676e+02 8.457478895041731448e+01
2.550000000000000000e+02 1.998235043007835543e+02 8.454727271276510692e+01
2.550000000000000000e+02 2.001549718334583474e+02 8.480103490097825159e+01
2.550000000000000000e+02 2.004184566650176293e+02 8.491521711376729797e+01
2.550000000000000000e+02 2.002047619807541992e+02 8.472925011569826381e+01
2.550000000000000000e+02 1.994806783907569070e+02 8.427909212773087688e+01
2.550000000000000000e+02 1.987665608094090715e+02 8.385512184223544807e+01
2.550000000000000000e+02 1.985086215150886346e+02 8.350390581363802767e+01
2.550000000000000000e+02 1.984108205799275595e+02 8.343325407337663080e+01
2.550000000000000000e+02 1.988874255940507112e+02 8.374314587555655010e+01
2.550000000000000000e+02 1.992543167419370320e+02 8.406003143800967337e+01
2.550000000000000000e+02 1.994871375452819109e+02 8.423504699743070034e+01
2.550000000000000000e+02 1.996236415428562339e+02 8.428163748942756683e+01
2.550000000000000000e+02 1.996641558814611415e+02 8.429381772337742973e+01
2.550000000000000000e+02 1.997091664937842097e+02 8.423492730957661934e+01
2.550000000000000000e+02 1.992317914877998248e+02 8.391986499210059947e+01
2.550000000000000000e+02 1.991472439876801275e+02 8.381205416274356423e+01
2.550000000000000000e+02 1.990913338014458418e+02 8.379087739176227956e+01
2.550000000000000000e+02 1.988757999138247499e+02 8.357643266361330348e+01
2.550000000000000000e+02 1.991423926399948812e+02 8.382983179866907619e+01
2.550000000000000000e+02 1.989759307725452118e+02 8.359308922330562552e+01
2.550000000000000000e+02 1.989037111213953892e+02 8.377197469000846297e+01
2.550000000000000000e+02 1.984109921325184018e+02 8.342978312560840948e+01
2.550000000000000000e+02 1.980333649841214196e+02 8.304051433860492182e+01
2.550000000000000000e+02 1.980847828862327162e+02 8.316530887445541964e+01
2.550000000000000000e+02 1.983679164738362317e+02 8.344013213539089691e+01
2.550000000000000000e+02 1.990153998372245212e+02 8.381994558192234024e+01
2.550000000000000000e+02 1.991593005441807804e+02 8.395418348945949560e+01
2.550000000000000000e+02 1.991311180441408908e+02 8.402392959162504837e+01
2.550000000000000000e+02 1.990071413752932301e+02 8.389818154253705984e+01
2.550000000000000000e+02 1.990466623047093151e+02 8.383003526802100680e+01
2.550000000000000000e+02 1.991144535052582967e+02 8.395715573783571983e+01
2.550000000000000000e+02 1.988395384836346693e+02 8.386351993999649324e+01
2.550000000000000000e+02 1.992687670555192199e+02 8.430600992611269362e+01
2.550000000000000000e+02 1.994238266600705458e+02 8.425410130379968621e+01
2.550000000000000000e+02 1.992388690295708784e+02 8.411367154461164830e+01
2.550000000000000000e+02 1.993726122273111798e+02 8.424460207778115262e+01
2.550000000000000000e+02 1.996163565421381065e+02 8.438720217672310753e+01
2.550000000000000000e+02 1.995148013979541304e+02 8.434066753905813130e+01
2.550000000000000000e+02 1.994420870370074965e+02 8.427534190830314742e+01
2.550000000000000000e+02 1.994872213267797463e+02 8.441758294368287352e+01
2.550000000000000000e+02 1.993216730766161788e+02 8.418503742240237386e+01
2.550000000000000000e+02 1.990046000031916833e+02 8.404754400523434299e+01
2.550000000000000000e+02 1.991232625313183178e+02 8.412302315561016997e+01
2.550000000000000000e+02 1.993247849608221713e+02 8.427444823899270432e+01
2.550000000000000000e+02 1.993977546558575114e+02 8.426298214257217012e+01
2.550000000000000000e+02 1.996653846767630114e+02 8.450395767837480321e+01
2.550000000000000000e+02 2.001145652139220772e+02 8.476304996568947558e+01
2.550000000000000000e+02 2.000524232800855486e+02 8.480135406858912006e+01
2.550000000000000000e+02 2.001462585576815627e+02 8.469365494789589377e+01
2.550000000000000000e+02 1.997767781625520627e+02 8.429230566682093695e+01
2.550000000000000000e+02 1.993457103873099072e+02 8.404457574645324769e+01
2.550000000000000000e+02 1.993636595758262331e+02 8.395557186856677845e+01
2.550000000000000000e+02 1.990688444536648376e+02 8.377061822766225418e+01
2.550000000000000000e+02 1.988279846161211424e+02 8.371307629701738051e+01
2.550000000000000000e+02 1.988622073631967737e+02 8.371543414774268399e+01
2.550000000000000000e+02 1.988757281011122870e+02 8.375088170052502790e+01
2.550000000000000000e+02 1.989732737021847129e+02 8.382440195968912633e+01
2.550000000000000000e+02 1.993184295357707185e+02 8.412466287921101582e+01
2.550000000000000000e+02 1.996738426184510899e+02 8.422667283724047138e+01
2.550000000000000000e+02 1.996154828208033507e+02 8.424744266951789484e+01
2.550000000000000000e+02 1.995048673060657904e+02 8.418889137130364020e+01
2.550000000000000000e+02 1.993009870258366050e+02 8.389158275218230187e+01
2.550000000000000000e+02 1.987125017953178201e+02 8.363748144838261567e+01
2.550000000000000000e+02 1.985943020602269371e+02 8.346264143114757417e+01
2.550000000000000000e+02 1.986419178781737287e+02 8.357378756203820558e+01
2.550000000000000000e+02 1.985991933038635295e+02 8.342412587970572702e+01
2.550000000000000000e+02 1.988438233088106131e+02 8.373836235098862346e+01
2.550000000000000000e+02 1.989719930421460958e+02 8.383814212533711441e+01
2.550000000000000000e+02 1.988425027528206499e+02 8.378220002234172625e+01
2.550000000000000000e+02 1.988957558686944367e+02 8.377888067918867421e+01
2.550000000000000000e+02 1.983924883902781460e+02 8.340054338285750646e+01
2.550000000000000000e+02 1.981449539600721437e+02 8.335814994494359098e+01
2.550000000000000000e+02 1.983078052439238377e+02 8.335622696008809385e+01
2.550000000000000000e+02 1.985621179962657266e+02 8.364477841788615819e+01
2.550000000000000000e+02 1.985880982397906394e+02 8.369395815712621811e+01
2.550000000000000000e+02 1.988684231524185009e+02 8.389277564112794039e+01
2.550000000000000000e+02 1.991252932352424807e+02 8.403702743245615636e+01
2.550000000000000000e+02 1.993380463750538638e+02 8.411413034805228506e+01
2.550000000000000000e+02 1.993085074126677512e+02 8.413817563793625709e+01
2.550000000000000000e+02 1.993270789780252983e+02 8.405905398720138066e+01
2.550000000000000000e+02 1.990394451271085074e+02 8.396867768858815850e+01
2.550000000000000000e+02 1.993165225092957655e+02 8.399280277037486542e+01
2.550000000000000000e+02 1.993449324162583878e+02 8.406131608764341934e+01
2.550000000000000000e+02 1.996754544148859907e+02 8.426061232306145143e+01
2.550000000000000000e+02 1.997685994925234922e+02 8.421855800073409171e+01
2.550000000000000000e+02 1.994277205049231725e+02 8.398792349552367398e+01
2.550000000000000000e+02 1.990606578044460093e+02 8.382622520466622973e+01
2.550000000000000000e+02 1.984269265754911089e+02 8.323110527743644127e+01
2.550000000000000000e+02 1.978394387437562898e+02 8.285072131880056645e+01
2.550000000000000000e+02 1.980981161131768431e+02 8.309828766576767123e+01
2.550000000000000000e+02 1.983749581092510823e+02 8.343371287681726756e+01
2.550000000000000000e+02 1.990816231268850913e+02 8.398681039848075613e+01
2.550000000000000000e+02 1.999839817755294291e+02 8.493336578204043974e+01
2.550000000000000000e+02 2.015191460670571075e+02 8.619224662081292365e+01
2.550000000000000000e+02 2.033130435823372579e+02 8.766361329652266932e+01
2.550000000000000000e+02 2.037615897738697583e+02 8.820521679459967856e+01
2.550000000000000000e+02 2.052864648995419827e+02 8.989501380399917707e+01
2.550000000000000000e+02 2.069217121746485191e+02 9.126348084196415300e+01
2.550000000000000000e+02 2.091946922426312199e+02 9.306555303767773069e+01
2.550000000000000000e+02 2.108238713435360694e+02 9.445077238561830768e+01
2.550000000000000000e+02 2.111308387724813826e+02 9.461132167307661689e+01
2.550000000000000000e+02 2.112031621531046994e+02 9.463114996090196485e+01
2.550000000000000000e+02 2.106165759698705813e+02 9.418882354818633473e+01
2.550000000000000000e+02 2.092622560362574404e+02 9.315820340551840673e+01
2.550000000000000000e+02 2.086753187686513513e+02 9.286978360435982438e+01
2.550000000000000000e+02 2.075937235689322335e+02 9.194900898456825189e+01
2.550000000000000000e+02 2.078437155897419473e+02 9.209699902653878212e+01
2.550000000000000000e+02 2.079515982318114311e+02 9.222669278521615865e+01
2.550000000000000000e+02 2.091907265850661588e+02 9.328035283979382086e+01
2.550000000000000000e+02 2.097964189394060384e+02 9.370513700269697210e+01
2.550000000000000000e+02 2.092915915292915940e+02 9.342086239088457944e+01
2.550000000000000000e+02 2.092546678263089746e+02 9.347611030432631196e+01
2.550000000000000000e+02 2.085637297927006273e+02 9.297731516205735147e+01
2.550000000000000000e+02 2.085863986722627317e+02 9.297962912723616569e+01
2.550000000000000000e+02 2.085169039145907561e+02 9.287196192330402766e+01
2.550000000000000000e+02 2.085832149753443048e+02 9.292620445877152235e+01
2.550000000000000000e+02 2.086555184079919627e+02 9.302187495013005503e+01
2.550000000000000000e+02 2.089089215326428643e+02 9.318723568932225021e+01
2.550000000000000000e+02 2.086502082568660796e+02 9.298434482868678685e+01
2.550000000000000000e+02 2.085400595247594140e+02 9.290060721637968300e+01
2.550000000000000000e+02 2.079799243572762180e+02 9.248830649665671899e+01
2.550000000000000000e+02 2.066226720712382132e+02 9.167888147710770852e+01
2.550000000000000000e+02 2.069335891993680434e+02 9.168926240365128422e+01
2.550000000000000000e+02 2.067413186409843036e+02 9.163694285303927245e+01
2.550000000000000000e+02 2.075568118347350151e+02 9.233786285367760627e+01
2.550000000000000000e+02 2.086410401672438297e+02 9.333412061344014887e+01
2.550000000000000000e+02 2.088613296522668747e+02 9.347842426950512618e+01
2.550000000000000000e+02 2.094979413689098919e+02 9.394541036975567749e+01
2.550000000000000000e+02 2.090330657644862242e+02 9.353552335508992144e+01
2.550000000000000000e+02 2.087546518679284304e+02 9.339546462824952755e+01
2.550000000000000000e+02 2.087098926000989536e+02 9.336658793865598227e+01
2.550000000000000000e+02 2.081464620270334933e+02 9.288967971530249201e+01
2.550000000000000000e+02 2.075742224279080119e+02 9.265032794472017486e+01
2.550000000000000000e+02 2.078872500518647257e+02 9.279985797041315720e+01
2.550000000000000000e+02 2.079083310725627598e+02 9.277241354547341246e+01
2.550000000000000000e+02 2.083205559899781463e+02 9.319069067870992740e+01
2.550000000000000000e+02 2.086026363244658057e+02 9.344460048194309820e+01
2.550000000000000000e+02 2.086474035714855688e+02 9.341062508976588674e+01
