2.550000000000000000e+02 1.546536318437821933e+02 6.030885427608215110e+01
2.550000000000000000e+02 1.546417074317497509e+02 6.022221221852085193e+01
2.550000000000000000e+02 1.546641657413242967e+02 6.011381211048087891e+01
2.550000000000000000e+02 1.547857507277692832e+02 6.008895291257765336e+01
2.550000000000000000e+02 1.553932154897312046e+02 6.006019227114032333e+01
2.550000000000000000e+02 1.552419595250242708e+02 5.944225363384452265e+01
2.550000000000000000e+02 1.550605524043896253e+02 5.879688484739353527e+01
2.550000000000000000e+02 1.556005522043155906e+02 5.885089483108750130e+01
2.550000000000000000e+02 1.553454078008863348e+02 5.857658333583425758e+01
2.550000000000000000e+02 1.541450636735592070e+02 5.802771025279353267e+01
2.550000000000000000e+02 1.538018266758700747e+02 5.771334393725678780e+01
2.550000000000000000e+02 1.535149405279953498e+02 5.737453857927432921e+01
2.550000000000000000e+02 1.538020367535988271e+02 5.750682752618468641e+01
2.550000000000000000e+02 1.540628132408991462e+02 5.776222202214819390e+01
2.550000000000000000e+02 1.552468613386953109e+02 5.828707621820073115e+01
2.550000000000000000e+02 1.549028140411952563e+02 5.797130938447225645e+01
2.550000000000000000e+02 1.550941048187829381e+02 5.809873653251703018e+01
2.550000000000000000e+02 1.553999279733501453e+02 5.811266168482338657e+01
2.550000000000000000e+02 1.553169672778928145e+02 5.758385602672989023e+01
2.550000000000000000e+02 1.547180056620949813e+02 5.747835699208707183e+01
2.550000000000000000e+02 1.539379770515090513e+02 5.721763052329362154e+01
2.550000000000000000e+02 1.531655312465612155e+02 5.658873783299821270e+01
2.550000000000000000e+02 1.522018546862339008e+02 5.597350019507217667e+01
2.550000000000000000e+02 1.521176435281053898e+02 5.592507227674239800e+01
2.550000000000000000e+02 1.513089142982903752e+02 5.563194381921310594e+01
2.550000000000000000e+02 1.516295529345858029e+02 5.562893270510088684e+01
2.550000000000000000e+02 1.513854326100657204e+02 5.563629542930884497e+01
2.550000000000000000e+02 1.504299790922641478e+02 5.518288766843732418e+01
2.550000000000000000e+02 1.512250432660084130e+02 5.548038774346508006e+01
2.550000000000000000e+02 1.516524714144233315e+02 5.560311315186618941e+01
2.550000000000000000e+02 1.522569250622730408e+02 5.590096335644188486e+01
2.550000000000000000e+02 1.534035793243500052e+02 5.651979232315957091e+01
2.550000000000000000e+02 1.532594960135249949e+02 5.631219551233956366e+01
2.550000000000000000e+02 1.526532817142342537e+02 5.621370907235677095e+01
2.550000000000000000e+02 1.523392655282454484e+02 5.604970839210508160e+01
2.550000000000000000e+02 1.513864329802026703e+02 5.530419255124395761e+01
2.550000000000000000e+02 1.504211958424617137e+02 5.508963316427077928e+01
2.550000000000000000e+02 1.504989145984013987e+02 5.507089623160569403e+01
2.550000000000000000e+02 1.507566099456799122e+02 5.534532777127537173e+01
2.550000000000000000e+02 1.518209037343817158e+02 5.556490901633604551e+01
2.550000000000000000e+02 1.518039674679631332e+02 5.567165851365005125e+01
2.550000000000000000e+02 1.524715544751558127e+02 5.583420865720316328e+01
2.550000000000000000e+02 1.533761791862989412e+02 5.620948751037884250e+01
2.550000000000000000e+02 1.529514620409551640e+02 5.590201374508568222e+01
2.550000000000000000e+02 1.530620529595950643e+02 5.586529015735822412e+01
2.550000000000000000e+02 1.517009093364544867e+02 5.534611806368356213e+01
2.550000000000000000e+02 1.502823944859597987e+02 5.467995158208537276e+01
2.550000000000000000e+02 1.499162890269399782e+02 5.422326260716464930e+01
2.550000000000000000e+02 1.499706991586887170e+02 5.402126786911156842e+01
2.550000000000000000e+02 1.498864980042615684e+02 5.428742634774866360e+01
2.550000000000000000e+02 1.496950871822574243e+02 5.423061532767123794e+01
2.550000000000000000e+02 1.496405870171963670e+02 5.421484949431289380e+01
2.550000000000000000e+02 1.488632393985774627e+02 5.379775516941268165e+01
2.550000000000000000e+02 1.496889549133179287e+02 5.417195362284044791e+01
2.550000000000000000e+02 1.495891779958584777e+02 5.402456909056351009e+01
2.550000000000000000e+02 1.498715024559086828e+02 5.429466902754018776e+01
2.550000000000000000e+02 1.511285775737022732e+02 5.462091974030391128e+01
2.550000000000000000e+02 1.508553264707941821e+02 5.444155337474865775e+01
2.550000000000000000e+02 1.514112921781058958e+02 5.470255994718045400e+01
2.550000000000000000e+02 1.516133069235617086e+02 5.485379590448465592e+01
2.550000000000000000e+02 1.498122005141902378e+02 5.409159388973920102e+01
2.550000000000000000e+02 1.493361143623140492e+02 5.389557136140371796e+01
2.550000000000000000e+02 1.487069315646789391e+02 5.356928063383451644e+01
2.550000000000000000e+02 1.483932555045366826e+02 5.344560487380330471e+01
2.550000000000000000e+02 1.496418774946730252e+02 5.403272210717965862e+01
2.550000000000000000e+02 1.501642907875913977e+02 5.434711843382051200e+01
2.550000000000000000e+02 1.512549843442073438e+02 5.486406970579114528e+01
2.550000000000000000e+02 1.517928033372347727e+02 5.521725038264158059e+01
2.550000000000000000e+02 1.523998879585446673e+02 5.540368936506507680e+01
2.550000000000000000e+02 1.519374068405309970e+02 5.524671128317477553e+01
2.550000000000000000e+02 1.534544781569180714e+02 5.589389073957364218e+01
2.550000000000000000e+02 1.535191820973760173e+02 5.569560737472865242e+01
2.550000000000000000e+02 1.526478697117933621e+02 5.534181647209467769e+01
2.550000000000000000e+02 1.537741064193751583e+02 5.570948250852815420e+01
2.550000000000000000e+02 1.521386813120854811e+02 5.480155657593309826e+01
2.550000000000000000e+02 1.520043115952902610e+02 5.467589007932934919e+01
2.550000000000000000e+02 1.521211048087792506e+02 5.458039474605604369e+01
2.550000000000000000e+02 1.491564378820163483e+02 5.342827846303131878e+01
2.550000000000000000e+02 1.478086592039054494e+02 5.288151616097956520e+01
2.550000000000000000e+02 1.462386983183778000e+02 5.215732821143823372e+01
2.550000000000000000e+02 1.455523843822214189e+02 5.180294709042345858e+01
2.550000000000000000e+02 1.481368806458389713e+02 5.293005412002440835e+01
2.550000000000000000e+02 1.497540289907265674e+02 5.363869631763752466e+01
2.550000000000000000e+02 1.510214879505417116e+02 5.440807098626491722e+01
2.550000000000000000e+02 1.514705941198243409e+02 5.447993757690345262e+01
2.550000000000000000e+02 1.507113932154897213e+02 5.401023378650100426e+01
2.550000000000000000e+02 1.501016876244210323e+02 5.375413903144163186e+01
2.550000000000000000e+02 1.493612836749597363e+02 5.346986384962436034e+01
2.550000000000000000e+02 1.489285435611176069e+02 5.324213959164890753e+01
2.550000000000000000e+02 1.494423336634554857e+02 5.346594239868751686e+01
2.550000000000000000e+02 1.495443213989175888e+02 5.346623250602723232e+01
2.550000000000000000e+02 1.505549453297720106e+02 5.405553054630212984e+01
2.550000000000000000e+02 1.508109200404149419e+02 5.409400478176925731e+01
2.550000000000000000e+02 1.504890909636565652e+02 5.409712593659654090e+01
2.550000000000000000e+02 1.500820403549313369e+02 5.375985114492362271e+01
2.550000000000000000e+02 1.495974610605924227e+02 5.348113802106779247e+01
2.550000000000000000e+02 1.500093134459750104e+02 5.360498384402228567e+01
2.550000000000000000e+02 1.502365875373888287e+02 5.382551544071306182e+01
2.550000000000000000e+02 1.505947800686253970e+02 5.394840090833608315e+01
2.550000000000000000e+02 1.509001030381241151e+02 5.400910336824625091e+01
2.550000000000000000e+02 1.505374288486740113e+02 5.378996228604583507e+01
2.550000000000000000e+02 1.503737282794633927e+02 5.382310454868301264e+01
2.550000000000000000e+02 1.501155927693246497e+02 5.373012014445345130e+01
2.550000000000000000e+02 1.497278393005412056e+02 5.318907995958504387e+01
2.550000000000000000e+02 1.494353310724968367e+02 5.320254494162840331e+01
2.550000000000000000e+02 1.492136490501485468e+02 5.314503366245510563e+01
2.550000000000000000e+02 1.496304432640076811e+02 5.359544031291577681e+01
2.550000000000000000e+02 1.500697257985454485e+02 5.361339695687404117e+01
2.550000000000000000e+02 1.504536578534057583e+02 5.379119274131428341e+01
2.550000000000000000e+02 1.505310664946030101e+02 5.376655362484119394e+01
2.550000000000000000e+02 1.501618999029641088e+02 5.373048027770275326e+01
2.550000000000000000e+02 1.503105449016136106e+02 5.375691005672099010e+01
2.550000000000000000e+02 1.503381951321989050e+02 5.384981443133959544e+01
2.550000000000000000e+02 1.503061232656082780e+02 5.372109680581814928e+01
2.550000000000000000e+02 1.508050778788151547e+02 5.403273211088102812e+01
2.550000000000000000e+02 1.510423556715985001e+02 5.399852945589868369e+01
2.550000000000000000e+02 1.507706751498054416e+02 5.383635945299761261e+01
2.550000000000000000e+02 1.519833438372197634e+02 5.440174864699938695e+01
2.550000000000000000e+02 1.519441393315526625e+02 5.436614547382531271e+01
2.550000000000000000e+02 1.513574322499324865e+02 5.409589548132809256e+01
2.550000000000000000e+02 1.516519812330562331e+02 5.422317257385232381e+01
2.550000000000000000e+02 1.502591959024839241e+02 5.353418764943028663e+01
2.550000000000000000e+02 1.495685703710372820e+02 5.322814441343297176e+01
2.550000000000000000e+02 1.502114282284445324e+02 5.343195982513530140e+01
2.550000000000000000e+02 1.481984534277682712e+02 5.270306013224892894e+01
2.550000000000000000e+02 1.487307403739383460e+02 5.298245350779788509e+01
2.550000000000000000e+02 1.476504606704480693e+02 5.249911467242879581e+01
2.550000000000000000e+02 1.467964446845332702e+02 5.219491211748346871e+01
2.550000000000000000e+02 1.491035983313826137e+02 5.328369496713784059e+01
2.550000000000000000e+02 1.487304502665986377e+02 5.297502075768034047e+01
2.550000000000000000e+02 1.496582035353080755e+02 5.342671788561767698e+01
2.550000000000000000e+02 1.523600232085871653e+02 5.436633554415133318e+01
2.550000000000000000e+02 1.515266448585976775e+02 5.422019147084421320e+01
2.550000000000000000e+02 1.529428288466732795e+02 5.481620199473805144e+01
2.550000000000000000e+02 1.523092344167341992e+02 5.443030921440933412e+01
2.550000000000000000e+02 1.507976851435030881e+02 5.381998339385572905e+01
2.549999799925972468e+02 1.509020937746966240e+02 5.359941178235947490e+01
2.550000000000000000e+02 1.492335164010683854e+02 5.331888798855576539e+01
2.550000000000000000e+02 1.488629793023418699e+02 5.281554175044766453e+01
2.550000000000000000e+02 1.486213899142682919e+02 5.264402829046747456e+01
2.550000000000000000e+02 1.491155427508178093e+02 5.298526454788271423e+01
2.550000000000000000e+02 1.512413092844352320e+02 5.409432490021308126e+01
2.550000000000000000e+02 1.522018646899352632e+02 5.394218860978561736e+01
2.550000000000000000e+02 1.519870752178306077e+02 5.408522153196683036e+01
2.550000000000000000e+02 1.547411742344667402e+02 5.509616558126506902e+01
2.550000000000000000e+02 1.537507577803787342e+02 5.440492982403489464e+01
2.550000000000000000e+02 1.534799175695007136e+02 5.420925742524734403e+01
2.550000000000000000e+02 1.534988345687904427e+02 5.403085141502355526e+01
2.550000000000000000e+02 1.476698878585076500e+02 5.160853515800846480e+01
2.550000000000000000e+02 1.452595660394345884e+02 5.037633924552084608e+01
2.550000000000000000e+02 1.449795924492061943e+02 5.000072026649860391e+01
2.550000000000000000e+02 1.420229584946430066e+02 4.890470474075407736e+01
2.550000000000000000e+02 1.434881706231305714e+02 4.957921430929443574e+01
2.550000000000000000e+02 1.443350339625661434e+02 4.988322679391374947e+01
2.550000000000000000e+02 1.435451917209367423e+02 4.982311455238438214e+01
2.550000000000000000e+02 1.460452767523983937e+02 5.097984254174044594e+01
2.550000000000000000e+02 1.453954763262406971e+02 5.065179116273021265e+01
2.550000000000000000e+02 1.463278413012814667e+02 5.086453987975551172e+01
2.550000000000000000e+02 1.470411552274341602e+02 5.116073947360523277e+01
2.550000000000000000e+02 1.467189960285305688e+02 5.136632554044996368e+01
2.550000000000000000e+02 1.467585606674469432e+02 5.124962236027329965e+01
2.550000000000000000e+02 1.462465312165501246e+02 5.099302742014545231e+01
2.550000000000000000e+02 1.467828496543721144e+02 5.096537718956013663e+01
2.550000000000000000e+02 1.465792243129958194e+02 5.099867951141922617e+01
2.550000000000000000e+02 1.466685573662255138e+02 5.089885257545292063e+01
2.550000000000000000e+02 1.469032542040555143e+02 5.086529015735822412e+01
2.550000000000000000e+02 1.459072856957074009e+02 5.056999089663175084e+01
2.550000000000000000e+02 1.461381411122115139e+02 5.055593569620759808e+01
2.550000000000000000e+02 1.454262377079519410e+02 5.024540079829537120e+01
2.550000000000000000e+02 1.462021547972750000e+02 5.038937406840530997e+01
2.550000000000000000e+02 1.446109760611426225e+02 4.989700189069955627e+01
2.550000000000000000e+02 1.439891159729099854e+02 4.960270300011003997e+01
2.550000000000000000e+02 1.454253773896341784e+02 4.998615487730459961e+01
2.550000000000000000e+02 1.425388493742684659e+02 4.900384142132588750e+01
2.550000000000000000e+02 1.450534297690145422e+02 4.983982073367145915e+01
2.550000000000000000e+02 1.456914658423616800e+02 5.006203295219231109e+01
2.550000000000000000e+02 1.443373848323879827e+02 4.969809829636965759e+01
2.550000000000000000e+02 1.463317727559197010e+02 5.047117433450376467e+01
2.549998299370767256e+02 1.443750287606414417e+02 4.963471484449246418e+01
2.550000000000000000e+02 1.448225643488090668e+02 4.991585886778107550e+01
2.550000000000000000e+02 1.455627482168402196e+02 5.012042455708612465e+01
2.550000000000000000e+02 1.441410421856086828e+02 4.972980002600962024e+01
2.550000000000000000e+02 1.439486309934675887e+02 4.962457109130378541e+01
2.550000000000000000e+02 1.454147734661824813e+02 4.999596850834809203e+01
2.550000000000000000e+02 1.442967798085291520e+02 4.971582485519642347e+01
2.550000000000000000e+02 1.468048577973850399e+02 5.091287776477296489e+01
2.550000000000000000e+02 1.461930514290287419e+02 5.053519802326860599e+01
2.550000000000000000e+02 1.456614847493572711e+02 5.007924932224923253e+01
2.550000000000000000e+02 1.468106999589848272e+02 5.053956964076708402e+01
2.550000000000000000e+02 1.454978942208617241e+02 5.006527415143602866e+01
2.550000000000000000e+02 1.460620829706991515e+02 5.026950971859587725e+01
2.550000000000000000e+02 1.471048287866510691e+02 5.051243960265298227e+01
2.550000000000000000e+02 1.454141432329961958e+02 5.007428748636995408e+01
2.550000000000000000e+02 1.462752018246751220e+02 5.038740333923551873e+01
2.550000000000000000e+02 1.451337494873102969e+02 4.992140091833978488e+01
2.550000000000000000e+02 1.437951241959524964e+02 4.933153266708681883e+01
2.550000000000000000e+02 1.451787261286676198e+02 4.990290407450756760e+01
2.550000000000000000e+02 1.438448125806548319e+02 4.925562458109500596e+01
2.550000000000000000e+02 1.451673819313145941e+02 4.991292778327981239e+01
2.550000000000000000e+02 1.462989506117263261e+02 5.031056490901633538e+01
2.550000000000000000e+02 1.449756309834638728e+02 4.976235207026599738e+01
2.550000000000000000e+02 1.450414953532807090e+02 4.987645428808659176e+01
2.550000000000000000e+02 1.440376539319548215e+02 4.958302571951622184e+01
2.550000000000000000e+02 1.437762472114682453e+02 4.917275391895001491e+01
2.550000000000000000e+02 1.449427888318678015e+02 5.000393145463821298e+01
2.550000000000000000e+02 1.456153976971479551e+02 5.011568280263697517e+01
2.550000000000000000e+02 1.467195762432099855e+02 5.063432470013905373e+01
2.550000000000000000e+02 1.473385352580454821e+02 5.081369106569430727e+01
2.550000000000000000e+02 1.464362614167241929e+02 5.075378890189369940e+01
2.550000000000000000e+02 1.461716535117993772e+02 5.043156968078189095e+01
2.550000000000000000e+02 1.459504116523113453e+02 5.031616698178326175e+01
2.550000000000000000e+02 1.455817752568450203e+02 5.023546712283545190e+01
2.550000000000000000e+02 1.456677070516090851e+02 5.031492652281344391e+01
2.550000000000000000e+02 1.457033702469913976e+02 5.023670758180526974e+01
2.550000000000000000e+02 1.459181097005892127e+02 5.050386643057931479e+01
2.550000000000000000e+02 1.459914868501345495e+02 5.040141852485419349e+01
2.550000000000000000e+02 1.459520522593359431e+02 5.050068525354381421e+01
2.550000000000000000e+02 1.464341906505406996e+02 5.073529205806148212e+01
2.550000000000000000e+02 1.466452887568400172e+02 5.070359032842151947e+01
2.550000000000000000e+02 1.465775536948671061e+02 5.070817202364874987e+01
2.550000000000000000e+02 1.464999249722397394e+02 5.079648469933875532e+01
2.550000000000000000e+02 1.466512309554535136e+02 5.077161549773416027e+01
2.550000000000000000e+02 1.465788941908506047e+02 5.064829987095225050e+01
2.550000000000000000e+02 1.471236657563298422e+02 5.073517201364504814e+01
2.550000000000000000e+02 1.469995798445424668e+02 5.072773926352750351e+01
2.550000000000000000e+02 1.467252783529906139e+02 5.064753958964816860e+01
2.550000000000000000e+02 1.464273081039984845e+02 5.053389754209057116e+01
2.550000000000000000e+02 1.456729589948280932e+02 5.005641087202264572e+01
2.550000000000000000e+02 1.452574452547442547e+02 5.001418524854196335e+01
2.550000000000000000e+02 1.459096365655292402e+02 4.997195962506127387e+01
2.550000000000000000e+02 1.464117723557716317e+02 5.037463861628802420e+01
2.550000000000000000e+02 1.470767684043096040e+02 5.058709722597360781e+01
2.550000000000000000e+02 1.463405159909166287e+02 5.019498214339305520e+01
2.550000000000000000e+02 1.458736232405990165e+02 5.015686804117523678e+01
2.550000000000000000e+02 1.451024779168292298e+02 4.976401268469333417e+01
2.550000000000000000e+02 1.437250882826645864e+02 4.905366985784740308e+01
2.550000000000000000e+02 1.439904664725948464e+02 4.923383651951221651e+01
2.550000000000000000e+02 1.445012654682232380e+02 4.948326880945950279e+01
2.550000000000000000e+02 1.443378750137550810e+02 4.944528475535948076e+01
2.550000000000000000e+02 1.461113912147494602e+02 5.007221672018646785e+01
2.550000000000000000e+02 1.455587767473965357e+02 4.989507117633524302e+01
2.550000000000000000e+02 1.454361113612036434e+02 4.991832978201934878e+01
2.550000000000000000e+02 1.452633674459549979e+02 4.977814791472845002e+01
2.550000000000000000e+02 1.435621179836539625e+02 4.891521863089342759e+01
2.550000000000000000e+02 1.429291237757970521e+02 4.886239908766243190e+01
2.550000000000000000e+02 1.432278443023918726e+02 4.900572211718336035e+01
2.550000000000000000e+02 1.439339055450516582e+02 4.922838450226583973e+01
2.550000000000000000e+02 1.441189940277902792e+02 4.937459860148254620e+01
2.550000000000000000e+02 1.461348298870582028e+02 5.008521152826546086e+01
2.550000000000000000e+02 1.461471544471454536e+02 5.041067194862098688e+01
2.550000000000000000e+02 1.451123715774836569e+02 4.974980742874863893e+01
2.550000000000000000e+02 1.444600502185808750e+02 4.959029841041185449e+01
2.550000000000000000e+02 1.437923031521663120e+02 4.951510058721726892e+01
2.550000000000000000e+02 1.442462711203145034e+02 4.961727839300541376e+01
2.550000000000000000e+02 1.448029370867220962e+02 4.975888078589078134e+01
2.550000000000000000e+02 1.455163610535898329e+02 5.009444494462951525e+01
2.550000000000000000e+02 1.460476076148174798e+02 5.017311405219931686e+01
2.550000000000000000e+02 1.461038184128127284e+02 5.032292948390904286e+01
2.550000000000000000e+02 1.453051929213809217e+02 5.019786320938747082e+01
2.550000000000000000e+02 1.449537628922701344e+02 5.010620929744005281e+01
2.550000000000000000e+02 1.456398967618018787e+02 5.009766613647049383e+01
2.550000000000000000e+02 1.448811360203275171e+02 5.010428858677710906e+01
2.550000000000000000e+02 1.453992177105529038e+02 5.031079499414783385e+01
2.550000000000000000e+02 1.450686253913948178e+02 5.025144303392254841e+01
2.550000000000000000e+02 1.451847283494893190e+02 5.021268869481708208e+01
2.550000000000000000e+02 1.462486219901363427e+02 5.054704240569010665e+01
2.550000000000000000e+02 1.459087362324059995e+02 5.069200604223562578e+01
2.550000000000000000e+02 1.454503066134469691e+02 5.054070005902183738e+01
2.550000000000000000e+02 1.450816802216820349e+02 5.021957124135930428e+01
2.550000000000000000e+02 1.443786501005371861e+02 5.016025929593949684e+01
2.550000000000000000e+02 1.464310094735051848e+02 5.081422126186689070e+01
2.550000000000000000e+02 1.468227444154337036e+02 5.131663715574762819e+01
2.550000000000000000e+02 1.475743124956233885e+02 5.135045967007793166e+01
2.550000000000000000e+02 1.487417844602503010e+02 5.173677260586416793e+01
2.550000000000000000e+02 1.479374568590378374e+02 5.169791822974500661e+01
2.550000000000000000e+02 1.468027770275001842e+02 5.109841641407320623e+01
2.550000000000000000e+02 1.464553584826385872e+02 5.096942868861479070e+01
2.550000000000000000e+02 1.466506607444754593e+02 5.093656652961595910e+01
2.550000000000000000e+02 1.474767563998679520e+02 5.125055270450066303e+01
2.550000000000000000e+02 1.486201194441943585e+02 5.167471964626911785e+01
2.550000000000000000e+02 1.488322079169292635e+02 5.164123725778537732e+01
2.550000000000000000e+02 1.465132799135680273e+02 5.104566689675179703e+01
2.550000000000000000e+02 1.464404529675980200e+02 5.079504416634154751e+01
2.550000000000000000e+02 1.467582205416003944e+02 5.067214869501715668e+01
2.550000000000000000e+02 1.460672848954112908e+02 5.049489311045086737e+01
2.550000000000000000e+02 1.493360243290017308e+02 5.182164400828306583e+01
2.550000000000000000e+02 1.491703330232186033e+02 5.169152586456988985e+01
2.550000000000000000e+02 1.482446405169912964e+02 5.142992907375729317e+01
2.550000000000000000e+02 1.480348328881686086e+02 5.128711623300620914e+01
2.550000000000000000e+02 1.472732210918039755e+02 5.076855436511509367e+01
2.550000000000000000e+02 1.466746196092554158e+02 5.039775717015295697e+01
2.550000000000000000e+02 1.468574672628872690e+02 5.036475495933495239e+01
