2.550000000000000000e+02 1.546972589812802994e+02 6.038092259749380020e+01
2.550000000000000000e+02 1.546838282090108976e+02 6.028812517830886719e+01
2.550000000000000000e+02 1.547084622643579905e+02 6.016922334145324669e+01
2.550000000000000000e+02 1.548284833322360612e+02 6.013474663682050902e+01
2.550000000000000000e+02 1.554581605108960503e+02 6.007501042421050386e+01
2.550000000000000000e+02 1.553056817433669039e+02 5.947880044769240726e+01
2.550000000000000000e+02 1.551366778589768955e+02 5.882288717712379622e+01
2.550000000000000000e+02 1.556563960761077112e+02 5.890601751267364250e+01
2.550000000000000000e+02 1.554031755437048616e+02 5.862465161191212815e+01
2.550000000000000000e+02 1.541856058112230414e+02 5.809489323413873763e+01
2.550000000000000000e+02 1.538358680624135957e+02 5.777892992735971234e+01
2.550000000000000000e+02 1.535454276120877068e+02 5.745408958237320718e+01
2.550000000000000000e+02 1.538460069787346072e+02 5.754809401540588709e+01
2.550000000000000000e+02 1.541167621304891782e+02 5.779486251014989051e+01
2.550000000000000000e+02 1.553100708846314149e+02 5.832148265191915470e+01
2.550000000000000000e+02 1.549577215967696020e+02 5.801784185924024229e+01
2.550000000000000000e+02 1.551555401935611371e+02 5.812647310553690261e+01
2.550000000000000000e+02 1.554473083591195461e+02 5.815352118857945385e+01
2.550000000000000000e+02 1.553408826563082812e+02 5.765877718524370721e+01
2.550000000000000000e+02 1.547681326398490000e+02 5.755599446968200539e+01
2.550000000000000000e+02 1.539877323501656861e+02 5.727698773235016461e+01
2.550000000000000000e+02 1.532282572914609204e+02 5.663263984901354320e+01
2.550000000000000000e+02 1.522415015252265960e+02 5.600334672021418925e+01
2.550000000000000000e+02 1.521720982289814970e+02 5.597891017622401932e+01
2.550000000000000000e+02 1.513495292645993686e+02 5.572036781003796335e+01
2.550000000000000000e+02 1.516878333004147805e+02 5.569691882283231621e+01
2.550000000000000000e+02 1.514371694427985062e+02 5.567813329822020307e+01
2.550000000000000000e+02 1.504681567801259803e+02 5.523177957732569610e+01
2.550000000000000000e+02 1.512575548094015403e+02 5.555245023811091443e+01
2.550000000000000000e+02 1.517129282155946157e+02 5.565018544121842581e+01
2.550000000000000000e+02 1.522943138674918373e+02 5.593370202119955081e+01
2.550000000000000000e+02 1.534529922970570794e+02 5.655933021704303343e+01
2.550000000000000000e+02 1.533131652292229035e+02 5.636716263962955509e+01
2.550000000000000000e+02 1.526914323962516846e+02 5.626670616893805033e+01
2.550000000000000000e+02 1.523939473741962445e+02 5.609894221695525118e+01
2.550000000000000000e+02 1.514395615247876776e+02 5.534901354050079902e+01
2.550000000000000000e+02 1.504610024798648169e+02 5.512608905567626039e+01
2.550000000000000000e+02 1.505495972962889937e+02 5.511423837426207228e+01
2.550000000000000000e+02 1.508044418109596734e+02 5.539176377641714311e+01
2.550000000000000000e+02 1.518510764368951129e+02 5.560822525072969569e+01
2.550000000000000000e+02 1.518582526828625987e+02 5.570530208264752758e+01
2.550000000000000000e+02 1.525214519279302863e+02 5.588354510939934272e+01
2.550000000000000000e+02 1.534520376588320403e+02 5.625778523931792563e+01
2.550000000000000000e+02 1.530234050957930094e+02 5.593443720236135874e+01
2.550000000000000000e+02 1.531194833980731573e+02 5.591042859964448297e+01
2.550000000000000000e+02 1.517639849013540640e+02 5.540287927666951617e+01
2.550000000000000000e+02 1.503456339017271262e+02 5.471450830644984364e+01
2.550000000000000000e+02 1.499482959159040547e+02 5.427963218996203665e+01
2.550000000000000000e+02 1.500235916342967357e+02 5.408855092501152484e+01
2.550000000000000000e+02 1.499289946671933649e+02 5.435400618868918343e+01
2.550000000000000000e+02 1.497225843263765341e+02 5.428391160269493554e+01
2.550000000000000000e+02 1.496793512849210970e+02 5.424179779226194142e+01
2.550000000000000000e+02 1.488996971492527450e+02 5.388226128557947447e+01
2.550000000000000000e+02 1.497443873856080074e+02 5.421324642833629781e+01
2.550000000000000000e+02 1.496440955077139279e+02 5.407037988017644636e+01
2.550000000000000000e+02 1.499302565453069178e+02 5.431312133781025864e+01
2.550000000000000000e+02 1.511778809225974953e+02 5.467135207496653493e+01
2.550000000000000000e+02 1.509006847060372536e+02 5.449350407092852322e+01
2.550000000000000000e+02 1.514531459170013363e+02 5.477011872627120681e+01
2.550000000000000000e+02 1.516414510501020345e+02 5.489001909276449709e+01
2.550000000000000000e+02 1.498569249676300785e+02 5.416645818245660138e+01
2.550000000000000000e+02 1.493727587947417987e+02 5.395290451423178979e+01
2.550000000000000000e+02 1.487574670265762506e+02 5.364164856145895044e+01
2.550000000000000000e+02 1.484360831303355610e+02 5.348663506484956542e+01
2.550000000000000000e+02 1.496728773015559568e+02 5.413254109333509234e+01
2.550000000000000000e+02 1.501944718765773530e+02 5.443259376303026187e+01
2.550000000000000000e+02 1.512934031206794430e+02 5.493366910264006719e+01
2.550000000000000000e+02 1.518283736037044491e+02 5.524864485263458391e+01
2.550000000000000000e+02 1.524427655979107783e+02 5.549057431913445981e+01
2.550000000000000000e+02 1.520206948010621772e+02 5.528318739438628882e+01
2.550000000000000000e+02 1.535083832598152185e+02 5.592955428270458640e+01
2.550000000000000000e+02 1.535843812408102451e+02 5.572723681611692825e+01
2.550000000000000000e+02 1.526883051331006982e+02 5.537658832049509527e+01
2.550000000000000000e+02 1.538554655781596239e+02 5.572926679395176564e+01
2.550000000000000000e+02 1.521982026466521916e+02 5.486698707397897579e+01
2.550000000000000000e+02 1.520519015954528470e+02 5.471571532029758345e+01
2.550000000000000000e+02 1.521856935940483311e+02 5.462834946342748310e+01
2.550000000000000000e+02 1.492039085302960473e+02 5.350490486536309476e+01
2.550000000000000000e+02 1.478656483858933086e+02 5.295077578071850155e+01
2.550000000000000000e+02 1.462732898808348239e+02 5.219949744332521391e+01
2.550000000000000000e+02 1.455825926657449543e+02 5.184110211337151952e+01
2.550000000000000000e+02 1.481648342001887215e+02 5.301227862268746804e+01
2.550000000000000000e+02 1.498110803871222458e+02 5.368894155858406236e+01
2.550000000000000000e+02 1.510784339543968144e+02 5.447874558342660123e+01
2.550000000000000000e+02 1.515285733096319802e+02 5.454699673008975935e+01
2.550000000000000000e+02 1.507562819584348404e+02 5.407310114776043974e+01
2.550000000000000000e+02 1.501413303487172755e+02 5.381269339653696449e+01
2.550000000000000000e+02 1.494059845941141589e+02 5.355262580376149373e+01
2.550000000000000000e+02 1.489765510127943458e+02 5.327361906642965295e+01
2.550000000000000000e+02 1.494774288410472423e+02 5.354238813176202427e+01
2.550000000000000000e+02 1.495760857638203163e+02 5.353824039326705986e+01
2.550000000000000000e+02 1.505930607676608020e+02 5.410484561195602282e+01
2.550000000000000000e+02 1.508590207825838831e+02 5.412277525402154765e+01
2.550000000000000000e+02 1.505363420896701427e+02 5.416919042289376307e+01
2.550000000000000000e+02 1.501249259332411725e+02 5.379836285030833665e+01
2.550000000000000000e+02 1.496342309127219323e+02 5.352614830908332522e+01
2.550000000000000000e+02 1.500540961660851167e+02 5.364046349331753305e+01
2.550000000000000000e+02 1.502827045888471957e+02 5.388888888888888573e+01
2.550000000000000000e+02 1.506495599885882370e+02 5.398986108367898140e+01
2.550000000000000000e+02 1.509499089253187663e+02 5.406456426800096438e+01
2.550000000000000000e+02 1.505963855421686617e+02 5.383955494107577522e+01
2.550000000000000000e+02 1.504108345952114405e+02 5.386765641802181648e+01
2.550000000000000000e+02 1.501710667807843436e+02 5.374288410472490796e+01
2.550000000000000000e+02 1.497682533412337875e+02 5.324412403713213848e+01
2.550000000000000000e+02 1.494838918515592354e+02 5.322574450808698998e+01
2.550000000000000000e+02 1.492587398775429506e+02 5.316331994645247505e+01
2.550000000000000000e+02 1.496939012882129703e+02 5.366260671099699664e+01
2.550000000000000000e+02 1.501121206136019453e+02 5.368334540347181161e+01
2.550000000000000000e+02 1.504971799767375558e+02 5.383396975881668567e+01
2.550000000000000000e+02 1.505768319178352783e+02 5.375551385871354171e+01
2.550000000000000000e+02 1.502112822876204348e+02 5.376292053459740572e+01
2.550000000000000000e+02 1.503607544933833822e+02 5.378927732789080096e+01
2.550000000000000000e+02 1.503842583448548282e+02 5.391591502622512166e+01
2.550000000000000000e+02 1.503399499637895929e+02 5.378154146641209365e+01
2.550000000000000000e+02 1.508531173875831257e+02 5.406427897381877301e+01
2.550000000000000000e+02 1.510930936862202998e+02 5.403578247415892832e+01
2.550000000000000000e+02 1.508136041433493517e+02 5.388395110496631446e+01
2.550000000000000000e+02 1.520292645993811220e+02 5.445496741062611079e+01
2.550000000000000000e+02 1.520068360875194742e+02 5.439930212653894159e+01
2.550000000000000000e+02 1.514149164965874377e+02 5.413165229222902752e+01
2.550000000000000000e+02 1.517133232383084191e+02 5.428835560822525252e+01
2.550000000000000000e+02 1.503048039151140074e+02 5.361402989005200936e+01
2.550000000000000000e+02 1.496113744595869832e+02 5.330704237715890770e+01
2.550000000000000000e+02 1.502685605811223013e+02 5.350720916452696230e+01
2.550000000000000000e+02 1.482242960914697107e+02 5.277109531020256128e+01
2.550000000000000000e+02 1.487476902144095448e+02 5.305424978602936648e+01
2.550000000000000000e+02 1.476855180283977518e+02 5.255702591787916589e+01
2.550000000000000000e+02 1.468329273377663640e+02 5.223024337788312010e+01
2.550000000000000000e+02 1.491316084008163898e+02 5.334363684245177240e+01
2.550000000000000000e+02 1.487560405556652938e+02 5.304206991902034218e+01
2.550000000000000000e+02 1.496926284372462419e+02 5.345890666491101229e+01
2.550000000000000000e+02 1.523997300678122429e+02 5.441353391708911857e+01
2.550000000000000000e+02 1.515609432264577379e+02 5.427132574011894661e+01
2.550000000000000000e+02 1.529749709219391320e+02 5.487620427063445305e+01
2.550000000000000000e+02 1.523492659161234997e+02 5.448625101498891610e+01
2.550000000000000000e+02 1.508291746219852030e+02 5.385153729672789780e+01
2.550000000000000000e+02 1.509485044001141318e+02 5.367336010709504990e+01
2.550000000000000000e+02 1.492669146531481204e+02 5.337725766453793597e+01
2.550000000000000000e+02 1.488803190905699410e+02 5.290106875589791002e+01
2.550000000000000000e+02 1.486368643974806218e+02 5.274084315403690937e+01
2.550000000000000000e+02 1.491320143963833402e+02 5.302644457611868489e+01
2.550000000000000000e+02 1.512674084315403604e+02 5.412785568503522171e+01
2.550000000000000000e+02 1.522499396493076063e+02 5.396150723111023240e+01
2.550000000000000000e+02 1.520226808874843698e+02 5.413961858362411306e+01
2.550000000000000000e+02 1.547661136348673381e+02 5.513981609498101477e+01
2.550000000000000000e+02 1.537801588869137674e+02 5.449483178616103629e+01
2.550000000000000000e+02 1.535066714947220703e+02 5.430480391511400740e+01
2.550000000000000000e+02 1.535714991111989036e+02 5.406750499264818899e+01
2.550000000000000000e+02 1.477118638488379645e+02 5.169634823446792637e+01
2.550000000000000000e+02 1.452897272148704246e+02 5.045252046437114757e+01
2.550000000000000000e+02 1.450287598481357065e+02 5.006897535497179774e+01
2.550000000000000000e+02 1.420674281826760534e+02 4.894588188820857511e+01
2.550000000000000000e+02 1.435182917462198589e+02 4.963305681743366904e+01
2.550000000000000000e+02 1.443762481620470908e+02 4.993019070818794347e+01
2.550000000000000000e+02 1.435880461737661165e+02 4.987053130555006675e+01
2.550000000000000000e+02 1.460706432286523011e+02 5.107430816160817955e+01
2.550000000000000000e+02 1.453933658129786863e+02 5.076261329470889194e+01
2.550000000000000000e+02 1.463560800579366514e+02 5.093936401343076881e+01
2.550000000000000000e+02 1.470846555621392611e+02 5.122818048148879910e+01
2.550000000000000000e+02 1.467634691772554731e+02 5.143394342396909735e+01
2.550000000000000000e+02 1.467904294774727418e+02 5.131376873614676981e+01
2.550000000000000000e+02 1.462766585467553284e+02 5.108393135383062145e+01
2.550000000000000000e+02 1.468202866109245690e+02 5.101395746922114682e+01
2.550000000000000000e+02 1.466270107753418017e+02 5.104163100489389393e+01
2.550000000000000000e+02 1.466976430311409558e+02 5.094538810981631372e+01
2.550000000000000000e+02 1.469354576777053580e+02 5.089585665064630149e+01
2.550000000000000000e+02 1.459322865231417552e+02 5.064759584787236690e+01
2.550000000000000000e+02 1.461790659907389056e+02 5.061629029780323208e+01
2.550000000000000000e+02 1.454565255557750163e+02 5.030339938990936588e+01
2.550000000000000000e+02 1.462503895362872299e+02 5.044017600456470518e+01
2.550000000000000000e+02 1.446563082932824216e+02 4.999488665042684232e+01
2.550000000000000000e+02 1.440201022669914721e+02 4.965137050935984320e+01
2.550000000000000000e+02 1.454735773695876446e+02 5.004434129962472610e+01
2.550000000000000000e+02 1.425809138192112755e+02 4.907691970066056797e+01
2.550000000000000000e+02 1.450808260363859858e+02 4.988717712379573044e+01
2.550000000000000000e+02 1.457346654377071218e+02 5.012704369390128534e+01
2.550000000000000000e+02 1.443655276845085211e+02 4.973507143327407931e+01
2.550000000000000000e+02 1.463853227116114795e+02 5.054123598218008340e+01
2.549998134614962453e+02 1.443860469199201191e+02 4.972453749423925018e+01
2.550000000000000000e+02 1.448351438541049561e+02 5.000531086093005939e+01
2.550000000000000000e+02 1.455926767178001739e+02 5.020838545438584788e+01
2.550000000000000000e+02 1.441858142954330901e+02 4.982611319595321220e+01
2.550000000000000000e+02 1.439612438826343634e+02 4.970247108653192214e+01
2.550000000000000000e+02 1.454407575657822633e+02 5.008571992889591229e+01
2.550000000000000000e+02 1.443250268834902386e+02 4.977149033291636471e+01
2.550000000000000000e+02 1.468214607062128323e+02 5.097125112471744757e+01
2.550000000000000000e+02 1.462091974455197771e+02 5.062470647617793418e+01
2.550000000000000000e+02 1.456816665569381257e+02 5.014343713652424128e+01
2.550000000000000000e+02 1.468349243970417319e+02 5.065066824675751889e+01
2.550000000000000000e+02 1.455537230890776357e+02 5.011818860140013498e+01
2.550000000000000000e+02 1.460872561283384812e+02 5.036330019531678914e+01
2.550000000000000000e+02 1.471818860140013498e+02 5.057270612504663632e+01
2.550000000000000000e+02 1.454411855070555362e+02 5.015093159523339494e+01
2.550000000000000000e+02 1.463015888691377597e+02 5.046800316018170918e+01
2.550000000000000000e+02 1.451829942721706459e+02 4.996867250422454987e+01
2.550000000000000000e+02 1.438182456602365846e+02 4.938829635481818059e+01
2.550000000000000000e+02 1.451999802488643070e+02 5.000060350692387345e+01
2.550000000000000000e+02 1.438765663747887800e+02 4.936388175653433308e+01
2.550000000000000000e+02 1.452023394122939806e+02 4.998982816511949778e+01
2.550000000000000000e+02 1.463101586674567045e+02 5.039071038251366019e+01
2.550000000000000000e+02 1.449986393662080104e+02 4.987068492549432364e+01
2.550000000000000000e+02 1.450732218491452272e+02 4.991780235696885626e+01
2.550000000000000000e+02 1.440742313516360582e+02 4.964424912765817055e+01
2.550000000000000000e+02 1.438019729189983877e+02 4.922563477955537792e+01
2.550000000000000000e+02 1.449795685474136917e+02 5.008773893387758847e+01
2.550000000000000000e+02 1.456543222068602290e+02 5.020465468431101641e+01
2.550000000000000000e+02 1.467472951916957413e+02 5.070161520398534094e+01
2.550000000000000000e+02 1.473790572124563880e+02 5.086248820418285277e+01
2.550000000000000000e+02 1.464655013496609399e+02 5.079281058660873072e+01
2.550000000000000000e+02 1.462111067219698555e+02 5.047346764105602546e+01
2.550000000000000000e+02 1.460035332587179369e+02 5.035868062413588575e+01
2.550000000000000000e+02 1.456179801171900579e+02 5.029860425307788319e+01
2.550000000000000000e+02 1.456884916716044529e+02 5.038067022187109245e+01
2.550000000000000000e+02 1.457408321811837482e+02 5.027956635284306941e+01
2.550000000000000000e+02 1.459421730638400732e+02 5.059511269120196886e+01
2.550000000000000000e+02 1.460249412952355783e+02 5.047691311694866556e+01
2.550000000000000000e+02 1.459954352930849097e+02 5.055392060043452318e+01
2.550000000000000000e+02 1.464771106283055815e+02 5.075420808918735105e+01
2.550000000000000000e+02 1.466764325059802161e+02 5.074634055347071637e+01
2.550000000000000000e+02 1.466195492351921246e+02 5.078297891017622590e+01
2.550000000000000000e+02 1.465350802115566182e+02 5.084827835933899820e+01
2.550000000000000000e+02 1.466765422345118282e+02 5.086064476485175589e+01
2.550000000000000000e+02 1.466049224219281371e+02 5.075246340553470503e+01
2.550000000000000000e+02 1.471463559154651364e+02 5.083283955494107431e+01
2.550000000000000000e+02 1.470430465029517109e+02 5.079736432067065977e+01
2.550000000000000000e+02 1.467543617091316150e+02 5.070687120064959430e+01
2.550000000000000000e+02 1.464474839247701254e+02 5.059125024688919581e+01
2.550000000000000000e+02 1.456923980073298708e+02 5.013178396646696200e+01
2.550000000000000000e+02 1.452941383018412580e+02 5.010967366734698203e+01
2.550000000000000000e+02 1.459384752123247040e+02 5.005437048741413975e+01
2.550000000000000000e+02 1.464464415037197966e+02 5.042558210986020839e+01
2.550000000000000000e+02 1.471108038712226005e+02 5.064691553097636501e+01
2.550000000000000000e+02 1.463684574363025774e+02 5.024070050694581369e+01
2.550000000000000000e+02 1.459019026927381617e+02 5.020169201395746938e+01
2.550000000000000000e+02 1.451400465248974001e+02 4.984223231724713088e+01
2.550000000000000000e+02 1.437565891983233541e+02 4.911788136151162121e+01
2.550000000000000000e+02 1.440189281717032088e+02 4.926732064871507788e+01
2.550000000000000000e+02 1.445385805517150573e+02 4.957330963197050266e+01
2.550000000000000000e+02 1.443617310773147153e+02 4.952119955230759274e+01
2.550000000000000000e+02 1.461533565957820429e+02 5.014481971602256039e+01
2.550000000000000000e+02 1.455767770535694581e+02 4.996384444883358356e+01
2.550000000000000000e+02 1.454661597208506123e+02 4.998043540281344121e+01
2.550000000000000000e+02 1.452984177145741569e+02 4.985207496653279691e+01
2.550000000000000000e+02 1.435851493405315296e+02 4.899550113020387698e+01
2.550000000000000000e+02 1.429708341562973146e+02 4.895196084885991894e+01
2.550000000000000000e+02 1.432486229069282615e+02 4.905750872341826607e+01
2.550000000000000000e+02 1.439630105119933319e+02 4.927549542432023344e+01
2.550000000000000000e+02 1.441381921127131420e+02 4.944363245331050649e+01
2.550000000000000000e+02 1.461617398555972613e+02 5.016300173371080007e+01
2.550000000000000000e+02 1.461968639585664960e+02 5.047034037790506034e+01
2.550000000000000000e+02 1.451335067044132927e+02 4.984296749840893881e+01
2.550000000000000000e+02 1.444643272543726766e+02 4.970635547655101050e+01
2.550000000000000000e+02 1.438022801588869015e+02 4.959876665130467188e+01
2.550000000000000000e+02 1.442675839971909397e+02 4.967518160071981725e+01
2.550000000000000000e+02 1.448162376281080697e+02 4.984843197928325509e+01
2.550000000000000000e+02 1.455244036254306934e+02 5.018735049487568034e+01
2.550000000000000000e+02 1.460710163056598105e+02 5.022062018566067820e+01
2.550000000000000000e+02 1.461397831764215312e+02 5.039909364232887867e+01
2.550000000000000000e+02 1.453614896745451688e+02 5.024492505541290654e+01
2.550000000000000000e+02 1.449812035025347257e+02 5.018905128711567443e+01
2.550000000000000000e+02 1.456626944938222721e+02 5.017955976913116700e+01
2.550000000000000000e+02 1.449092545043562268e+02 5.017597164614743122e+01
2.550000000000000000e+02 1.454209076744135132e+02 5.037163956371935569e+01
2.550000000000000000e+02 1.450863783000855847e+02 5.033738231614984215e+01
2.550000000000000000e+02 1.452145741435687967e+02 5.028085017666293766e+01
2.550000000000000000e+02 1.462893321921565928e+02 5.059849232997564172e+01
2.550000000000000000e+02 1.459355454605306477e+02 5.079083547303969937e+01
2.550000000000000000e+02 1.454668949020124273e+02 5.059640748787499831e+01
2.550000000000000000e+02 1.451015318103013101e+02 5.030774463976123201e+01
2.550000000000000000e+02 1.444025610639278341e+02 5.022645774354247550e+01
2.550000000000000000e+02 1.464501503280883128e+02 5.087631399916606512e+01
2.550000000000000000e+02 1.468417385388548837e+02 5.138188820857199346e+01
2.550000000000000000e+02 1.475908661970285607e+02 5.139020563126824470e+01
2.550000000000000000e+02 1.487874887528255101e+02 5.175137709307173850e+01
2.550000000000000000e+02 1.479622972765378393e+02 5.174336691026400814e+01
2.550000000000000000e+02 1.468130555006912914e+02 5.113506484956218401e+01
2.550000000000000000e+02 1.464847696798121319e+02 5.099141922882787981e+01
2.550000000000000000e+02 1.466597318234687464e+02 5.099646674128207025e+01
2.550000000000000000e+02 1.474968068997300747e+02 5.130754712840433029e+01
2.550000000000000000e+02 1.486346478811420582e+02 5.167829789101762117e+01
2.550000000000000000e+02 1.488522724778896986e+02 5.170944982114249200e+01
2.550000000000000000e+02 1.465185112032830830e+02 5.114185704566901336e+01
2.550000000000000000e+02 1.464316171790989074e+02 5.085907564684969628e+01
2.550000000000000000e+02 1.467784690675269417e+02 5.072484473412777106e+01
2.550000000000000000e+02 1.460867733227993881e+02 5.059776812166699500e+01
2.550000000000000000e+02 1.493580332257993746e+02 5.187567757368270804e+01
2.550000000000000000e+02 1.492087804770996513e+02 5.174676849474400342e+01
2.550000000000000000e+02 1.482722584326376420e+02 5.147724230254350886e+01
2.550000000000000000e+02 1.480544911887989201e+02 5.138453266618385840e+01
2.550000000000000000e+02 1.472816182763842221e+02 5.085362213882854121e+01
2.550000000000000000e+02 1.466799877104044469e+02 5.046792635020958073e+01
2.550000000000000000e+02 1.468634318695547165e+02 5.044949195689863330e+01
