2.550000000000000000e+02 1.798227279458952523e+02 7.561479982228365770e+01
2.550000000000000000e+02 1.798220203715588070e+02 7.561409224794721240e+01
2.550000000000000000e+02 1.772888137433973554e+02 7.398677000543021620e+01
2.550000000000000000e+02 1.772032877523818968e+02 7.374639219364499354e+01
2.550000000000000000e+02 1.770612874561879835e+02 7.317870365799477383e+01
2.550000000000000000e+02 1.769987576311069404e+02 7.256220072073851668e+01
2.550000000000000000e+02 1.768971055273074455e+02 7.196745980813216192e+01
2.550000000000000000e+02 1.769425301541853912e+02 7.163067087920225617e+01
2.550000000000000000e+02 1.769912293692715366e+02 7.147604120386368720e+01
2.550000000000000000e+02 1.768849615770679975e+02 7.130835431373516542e+01
2.550000000000000000e+02 1.761833440292244575e+02 7.080842013460367923e+01
2.550000000000000000e+02 1.761277089401194758e+02 7.074794721166345823e+01
2.549999341791314862e+02 1.761334929489394483e+02 7.072649783613894670e+01
2.550000000000000000e+02 1.761621661647825476e+02 7.066307120172450595e+01
2.550000000000000000e+02 1.759674433529150406e+02 7.060017936186667953e+01
2.549999012686972435e+02 1.759329203073834549e+02 7.044689078672392668e+01
2.549997943097859263e+02 1.759574797189448816e+02 7.046261374668839039e+01
2.550000000000000000e+02 1.759930723535896959e+02 7.048568396109986622e+01
2.550000000000000000e+02 1.760752497079199088e+02 7.033806420825722228e+01
2.550000000000000000e+02 1.760932681706735252e+02 7.043947771140840075e+01
2.550000000000000000e+02 1.761180168172319043e+02 7.038880387026706842e+01
2.550000000000000000e+02 1.761190946339536936e+02 7.028693784864491079e+01
2.550000000000000000e+02 1.759667686890128380e+02 7.027467048427703844e+01
2.550000000000000000e+02 1.759408188116042311e+02 7.014189333728258191e+01
2.550000000000000000e+02 1.758834559247009395e+02 7.015759161442134939e+01
2.549999753171743180e+02 1.758904329367626076e+02 7.013939214427934132e+01
2.549999341791314862e+02 1.758450494479274653e+02 7.007953629198136980e+01
2.550000000000000000e+02 1.758924816112948690e+02 7.003376610554376214e+01
2.550000000000000000e+02 1.759755640025670118e+02 6.997451086867091874e+01
2.550000000000000000e+02 1.759941666255286350e+02 7.006013559098911969e+01
2.550000000000000000e+02 1.760054713596945817e+02 6.992257820341939123e+01
2.550000000000000000e+02 1.759723716904444473e+02 7.006560695068371558e+01
2.550000000000000000e+02 1.760162412993039425e+02 7.001812542166493358e+01
2.550000000000000000e+02 1.759956640502871323e+02 7.008255582432410336e+01
2.550000000000000000e+02 1.760201823238057557e+02 6.995340705270605497e+01
2.550000000000000000e+02 1.760334863668525998e+02 6.997816392687300890e+01
2.550000000000000000e+02 1.760874101133764498e+02 6.992935775287554634e+01
2.549999588619571966e+02 1.760546395484688560e+02 6.996835661746557378e+01
2.550000000000000000e+02 1.761574106070329719e+02 6.994409339981241658e+01
2.549999670895657573e+02 1.761651610142995708e+02 6.985717694294976354e+01
2.549997202613088518e+02 1.762434878478221378e+02 6.985491435059485354e+01
2.550000000000000000e+02 1.762947952148228694e+02 6.992097381974954828e+01
2.550000000000000000e+02 1.762975103256487444e+02 6.992410031100359902e+01
2.550000000000000000e+02 1.763714353885899584e+02 6.980814862352109174e+01
2.550000000000000000e+02 1.763895114446034995e+02 6.983781738000033101e+01
2.549999588619571966e+02 1.764066248704151576e+02 6.995217291142157023e+01
2.550000000000000000e+02 1.763971219825245669e+02 6.990578565434171310e+01
2.550000000000000000e+02 1.764012028763719400e+02 6.977807671422223734e+01
2.550000000000000000e+02 1.763145579305918886e+02 6.969413865165951449e+01
2.550000000000000000e+02 1.760917296078721677e+02 6.956020141185763350e+01
2.550000000000000000e+02 1.758163350940415626e+02 6.952766944759835610e+01
2.550000000000000000e+02 1.757822810221980774e+02 6.935592634644814325e+01
2.549999341791314862e+02 1.757406410952592637e+02 6.935409981734709106e+01
2.549998107650030477e+02 1.757860492669200880e+02 6.937443846571555639e+01
2.550000000000000000e+02 1.757939477711408358e+02 6.932856132036661734e+01
2.550000000000000000e+02 1.757941370061377881e+02 6.936561024172713985e+01
2.549995886195718242e+02 1.758213868456994362e+02 6.943410508301657558e+01
2.550000000000000000e+02 1.758572839018610807e+02 6.932645505257441698e+01
2.550000000000000000e+02 1.758566503760017099e+02 6.929108456336081190e+01
2.550000000000000000e+02 1.758998864590018343e+02 6.928577775583748632e+01
2.549995557091375815e+02 1.758468512942028212e+02 6.924695167102730409e+01
2.549999506343486075e+02 1.757899902914219012e+02 6.927926148985535804e+01
2.550000000000000000e+02 1.758478797452732465e+02 6.918737555742048073e+01
2.550000000000000000e+02 1.758735252011650232e+02 6.924870415165128179e+01
2.550000000000000000e+02 1.758476987378848548e+02 6.913774662256668080e+01
2.550000000000000000e+02 1.758368053841470555e+02 6.923854305507560980e+01
2.550000000000000000e+02 1.758640387684915538e+02 6.909832814993994532e+01
2.550000000000000000e+02 1.758333497885504642e+02 6.910712346349410495e+01
2.550000000000000000e+02 1.758189267907389990e+02 6.904997449441344770e+01
2.549999094963058042e+02 1.758841634990373564e+02 6.896597883859077172e+01
2.550000000000000000e+02 1.758341807770153480e+02 6.911563081074854153e+01
2.550000000000000000e+02 1.758685474979842240e+02 6.900843329877737631e+01
2.549999917723914393e+02 1.758694113968833790e+02 6.905226176959405393e+01
2.549999588619571966e+02 1.758540422240871521e+02 6.902915864474832119e+01
2.550000000000000000e+02 1.758720030935808154e+02 6.881171117802900028e+01
2.549999588619571966e+02 1.758501752480623850e+02 6.877498313340244351e+01
2.550000000000000000e+02 1.758399401030096669e+02 6.875849500584159557e+01
2.550000000000000000e+02 1.757488357933882810e+02 6.866467558539434890e+01
2.549999588619571966e+02 1.755938687860986249e+02 6.865856247223182152e+01
2.550000000000000000e+02 1.755155172697503758e+02 6.861247140906024811e+01
2.549999753171743180e+02 1.755035954649421512e+02 6.863085188659064784e+01
2.549999835447828787e+02 1.755085567129058290e+02 6.852902700301130778e+01
2.550000000000000000e+02 1.755365634924552865e+02 6.846658768162446052e+01
2.549995803919632635e+02 1.755436145529940291e+02 6.855432689934343671e+01
2.549998683582630008e+02 1.755748712379259757e+02 6.843641704102284962e+01
2.549999341791314862e+02 1.755978756314689520e+02 6.849531849072748457e+01
2.549999177239143648e+02 1.756715456385446998e+02 6.843078935676555830e+01
2.550000000000000000e+02 1.757063319675503124e+02 6.843782396208717955e+01
2.550000000000000000e+02 1.756961955538003224e+02 6.853395534054071447e+01
2.550000000000000000e+02 1.756901318062891733e+02 6.847487288344770207e+01
2.549999917723914393e+02 1.757196195553800351e+02 6.846718006944101376e+01
2.549999259515229255e+02 1.757333761168978583e+02 6.840604071020716503e+01
2.550000000000000000e+02 1.758022412005726380e+02 6.841554359809776997e+01
2.550000000000000000e+02 1.758404419871320101e+02 6.845618798440045794e+01
2.550000000000000000e+02 1.758877342811538540e+02 6.845965180760559576e+01
2.549998272202201690e+02 1.759085748136446625e+02 6.839530368103207536e+01
2.549994158397919932e+02 1.759971367922199761e+02 6.841075512991393737e+01
2.550000000000000000e+02 1.760471359694591058e+02 6.844211054614865475e+01
2.550000000000000000e+02 1.754987329482812584e+02 6.791537904592651387e+01
2.550000000000000000e+02 1.755002386006483448e+02 6.785734149512103386e+01
2.550000000000000000e+02 1.755357078211646922e+02 6.798305935396817290e+01
2.550000000000000000e+02 1.755562274769215492e+02 6.797730825558242884e+01
2.550000000000000000e+02 1.754168106498165116e+02 6.773202678909348151e+01
2.549996462128317773e+02 1.753924569284691586e+02 6.774960918859324011e+01
2.549998683582630008e+02 1.752946471178687204e+02 6.774626877951654080e+01
2.550000000000000000e+02 1.752363133731549567e+02 6.763285942308009169e+01
2.550000000000000000e+02 1.751971005907422807e+02 6.772015434993664940e+01
2.550000000000000000e+02 1.752015105889322228e+02 6.772116634578993910e+01
2.550000000000000000e+02 1.753017557716674162e+02 6.761239736058317362e+01
2.550000000000000000e+02 1.752803310789686009e+02 6.776540619703476409e+01
2.550000000000000000e+02 1.753639318095802366e+02 6.763734346974707989e+01
2.550000000000000000e+02 1.754066330980237183e+02 6.758721265077092255e+01
2.550000000000000000e+02 1.754253097694624159e+02 6.765773971137549836e+01
2.550000000000000000e+02 1.754262394892300563e+02 6.767148804528476091e+01
2.550000000000000000e+02 1.754895838475588619e+02 6.762339767323230433e+01
2.550000000000000000e+02 1.755318243899228321e+02 6.768777048263152096e+01
2.550000000000000000e+02 1.748395863158414443e+02 6.716793371838541304e+01
2.550000000000000000e+02 1.753893633476493790e+02 6.739880041467147009e+01
2.549999917723914393e+02 1.754827960704941461e+02 6.752110381596484956e+01
2.550000000000000000e+02 1.755701074525678393e+02 6.747018314656662596e+01
2.549993171084892367e+02 1.747659985848513315e+02 6.697538299517862015e+01
2.549999341791314862e+02 1.748224811176383469e+02 6.684557601487551892e+01
2.549998683582630008e+02 1.748144427440720108e+02 6.701180661828833252e+01
2.550000000000000000e+02 1.748899804182916284e+02 6.692373006861825502e+01
2.549999835447828787e+02 1.748959125240657499e+02 6.692937420809268190e+01
2.550000000000000000e+02 1.746720475226670715e+02 6.673359003472050688e+01
2.550000000000000000e+02 1.746342498889272861e+02 6.668661861743265717e+01
2.550000000000000000e+02 1.746089746754208534e+02 6.669994734330519748e+01
2.550000000000000000e+02 1.746067696763258823e+02 6.666756347600006904e+01
2.550000000000000000e+02 1.744680933339915327e+02 6.664498691810238995e+01
2.550000000000000000e+02 1.743953036810320611e+02 6.651840516035609596e+01
2.550000000000000000e+02 1.743254430567211273e+02 6.640450214740583590e+01
2.550000000000000000e+02 1.742928452715933645e+02 6.645505257441871549e+01
2.550000000000000000e+02 1.742985305491106089e+02 6.647260206348423139e+01
2.550000000000000000e+02 1.742564134208750772e+02 6.643402280693094042e+01
2.550000000000000000e+02 1.744379802866498892e+02 6.667887643777459061e+01
2.550000000000000000e+02 1.745265504928337634e+02 6.659669085583584547e+01
2.549996708956574594e+02 1.745694163334485154e+02 6.668760593046025065e+01
2.549999506343486075e+02 1.752583798193217035e+02 6.708703164338253089e+01
2.550000000000000000e+02 1.754207352191012035e+02 6.706126277336230146e+01
2.550000000000000000e+02 1.754631320860278834e+02 6.713662766780207392e+01
2.549998765858715615e+02 1.754947836961708845e+02 6.722151190534958687e+01
2.550000000000000000e+02 1.754770120616741451e+02 6.724528146648894733e+01
2.550000000000000000e+02 1.755288624508400517e+02 6.720544338582547539e+01
2.550000000000000000e+02 1.755909315298415265e+02 6.707720787875796020e+01
2.550000000000000000e+02 1.755529775715390599e+02 6.709352322653897716e+01
2.550000000000000000e+02 1.755491188231228818e+02 6.717241776505241546e+01
2.550000000000000000e+02 1.755869493672969099e+02 6.708311530170639969e+01
2.550000000000000000e+02 1.756093860558490007e+02 6.704099817347089640e+01
2.550000000000000000e+02 1.755271428806503025e+02 6.713081897615639093e+01
2.550000000000000000e+02 1.755745914992348276e+02 6.706248868703822552e+01
2.550000000000000000e+02 1.755700334040907649e+02 6.713431570979578566e+01
2.549999835447828787e+02 1.755903473696335482e+02 6.710709878066840872e+01
2.550000000000000000e+02 1.755328281581675469e+02 6.700937947376215220e+01
2.550000000000000000e+02 1.754569696072139777e+02 6.692846094354214870e+01
2.550000000000000000e+02 1.753065113294169919e+02 6.682132102483092240e+01
2.550000000000000000e+02 1.751446166757170317e+02 6.689696565796185723e+01
2.550000000000000000e+02 1.751287209359727512e+02 6.697918415033485928e+01
2.550000000000000000e+02 1.751251254710306000e+02 6.682392917674548016e+01
2.550000000000000000e+02 1.750928321074196674e+02 6.679178391008869653e+01
2.550000000000000000e+02 1.750489213605173404e+02 6.671991574928831881e+01
2.550000000000000000e+02 1.750501390465847180e+02 6.668884007174474959e+01
2.550000000000000000e+02 1.750759325994306437e+02 6.674939527077059154e+01
2.549999670895657573e+02 1.750709960342926763e+02 6.674210560958351834e+01
2.550000000000000000e+02 1.750942061180497262e+02 6.667726382649618699e+01
2.550000000000000000e+02 1.751192345032992819e+02 6.667260700004936780e+01
2.549998601306544117e+02 1.751494133715094392e+02 6.675670138717480029e+01
2.550000000000000000e+02 1.751444274407200794e+02 6.667172664593309150e+01
2.549999341791314862e+02 1.751723190337496590e+02 6.667222853005544891e+01
2.550000000000000000e+02 1.751946652186075539e+02 6.677879251616725753e+01
2.550000000000000000e+02 1.751785555610406391e+02 6.678027348570864774e+01
2.549999588619571966e+02 1.751971088183508698e+02 6.676464102943837986e+01
2.550000000000000000e+02 1.752080350825229118e+02 6.670239094304849914e+01
2.550000000000000000e+02 1.752039541886755103e+02 6.668556548353654989e+01
2.549999341791314862e+02 1.752248934524691037e+02 6.665926181895970615e+01
2.550000000000000000e+02 1.752551134587220929e+02 6.668080169817841352e+01
2.549999835447828787e+02 1.752937009428839303e+02 6.662301097562982477e+01
2.550000000000000000e+02 1.752919566898685275e+02 6.675907916604960235e+01
2.549999588619571966e+02 1.753152325944940912e+02 6.662393246778891864e+01
2.550000000000000000e+02 1.752156291652268294e+02 6.658891576574352200e+01
2.549999094963058042e+02 1.749701749189580653e+02 6.659258527916276194e+01
2.550000000000000000e+02 1.748462918168205249e+02 6.649192871599940702e+01
2.550000000000000000e+02 1.748557124286255089e+02 6.639541886755195321e+01
2.549999917723914393e+02 1.749164815454739994e+02 6.636364384328051358e+01
2.550000000000000000e+02 1.749252357209853415e+02 6.646534531273140090e+01
2.550000000000000000e+02 1.749414523374636019e+02 6.649150088035410988e+01
2.550000000000000000e+02 1.750227657928946314e+02 6.648513271132613056e+01
2.550000000000000000e+02 1.750436474634282717e+02 6.650586628490563612e+01
2.550000000000000000e+02 1.750968800908327978e+02 6.640051998486120510e+01
2.550000000000000000e+02 1.750898619407282979e+02 6.652400816178769105e+01
2.550000000000000000e+02 1.750978838590775126e+02 6.640807292952230512e+01
2.550000000000000000e+02 1.750577660397229067e+02 6.649469319247667443e+01
2.550000000000000000e+02 1.751324315874348088e+02 6.650675486663045888e+01
2.550000000000000000e+02 1.752097711079297824e+02 6.656978657583387360e+01
2.550000000000000000e+02 1.753058942587747424e+02 6.653054088298695490e+01
2.550000000000000000e+02 1.753689012851524467e+02 6.649174770861101536e+01
2.550000000000000000e+02 1.753682513040759545e+02 6.648416185351565844e+01
2.550000000000000000e+02 1.754055717365190503e+02 6.658965625051422421e+01
2.550000000000000000e+02 1.754742311299797564e+02 6.662213062151354848e+01
2.550000000000000000e+02 1.755376495367856364e+02 6.657082325451284532e+01
2.550000000000000000e+02 1.755563344358328948e+02 6.661355745339059808e+01
2.550000000000000000e+02 1.755996034292672618e+02 6.671455957611360077e+01
2.549999835447828787e+02 1.756412844942489073e+02 6.665484359316121754e+01
2.550000000000000000e+02 1.756521449375524639e+02 6.664710964111171165e+01
2.550000000000000000e+02 1.756595333300422794e+02 6.663182274440110575e+01
2.550000000000000000e+02 1.756554771190205884e+02 6.644396175807540317e+01
2.550000000000000000e+02 1.756337973704563069e+02 6.646430040644386850e+01
2.549997943097859263e+02 1.756177123957150741e+02 6.657729838245215603e+01
2.549997120337002912e+02 1.756797567918908669e+02 6.652084876009938341e+01
2.550000000000000000e+02 1.757152671504500461e+02 6.648052525053067541e+01
2.550000000000000000e+02 1.757976748778200147e+02 6.652144114791595086e+01
2.549999506343486075e+02 1.758235342515344541e+02 6.652780931694393018e+01
2.550000000000000000e+02 1.758322884270457962e+02 6.647256915304997449e+01
2.550000000000000000e+02 1.758510226917444186e+02 6.650104490628753240e+01
2.550000000000000000e+02 1.758956656958088445e+02 6.656669299501406556e+01
2.550000000000000000e+02 1.759733507758634801e+02 6.653616033963568555e+01
2.550000000000000000e+02 1.759677724572575812e+02 6.647454377910516143e+01
2.549999835447828787e+02 1.760079231870464582e+02 6.648219545506903216e+01
2.550000000000000000e+02 1.760648664659130134e+02 6.641811883957808504e+01
2.549999835447828787e+02 1.761313949087558228e+02 6.640911783580983752e+01
2.550000000000000000e+02 1.761142979381612861e+02 6.647737407645094265e+01
2.549998272202201690e+02 1.761562916522683508e+02 6.648974839973013218e+01
2.550000000000000000e+02 1.761174162018067761e+02 6.653773181287127159e+01
2.549999424067400469e+02 1.761330651132941796e+02 6.659860788863109349e+01
2.550000000000000000e+02 1.754376511823073486e+02 6.614731533132579955e+01
2.550000000000000000e+02 1.753937815734478534e+02 6.601755771667407657e+01
2.550000000000000000e+02 1.753278455184216114e+02 6.591540372875219589e+01
2.549999835447828787e+02 1.752520610159451167e+02 6.594536867913971889e+01
2.550000000000000000e+02 1.751670533642691510e+02 6.586622731236938932e+01
2.550000000000000000e+02 1.748019614618814899e+02 6.560093630185450309e+01
2.550000000000000000e+02 1.746275032499053737e+02 6.562928041335504759e+01
2.550000000000000000e+02 1.745525003702423987e+02 6.557998058284378828e+01
2.550000000000000000e+02 1.746031659837751420e+02 6.545824488654128004e+01
2.550000000000000000e+02 1.746353852989090285e+02 6.549433940530845177e+01
2.550000000000000000e+02 1.748337282585443688e+02 6.569102038801402443e+01
2.550000000000000000e+02 1.748941600434417865e+02 6.573828799921014365e+01
2.550000000000000000e+02 1.749138075726909278e+02 6.582298300176070427e+01
2.549999917723914393e+02 1.749468661038982304e+02 6.581951095094699156e+01
2.549999835447828787e+02 1.749294400289611815e+02 6.580878214938046256e+01
2.550000000000000000e+02 1.749330108110776507e+02 6.576670615918777685e+01
2.550000000000000000e+02 1.750182076977505687e+02 6.573187046453078608e+01
2.549999670895657573e+02 1.750366128581066505e+02 6.574407200803014462e+01
2.550000000000000000e+02 1.750942472560925580e+02 6.576371130967072531e+01
2.549999835447828787e+02 1.748889519672212032e+02 6.562673808230898942e+01
2.549997202613088518e+02 1.748474848200621921e+02 6.547366342498889935e+01
2.549999835447828787e+02 1.749120139540241325e+02 6.558026032153493645e+01
2.549999917723914393e+02 1.749094469401523781e+02 6.559343272284478132e+01
2.550000000000000000e+02 1.749099405966661607e+02 6.550653272119924964e+01
2.549999588619571966e+02 1.749507413075315583e+02 6.553364269141530940e+01
2.550000000000000000e+02 1.749766500468973618e+02 6.556797650194994276e+01
2.550000000000000000e+02 1.749165144559082421e+02 6.557673890506984549e+01
2.549999670895657573e+02 1.747436359447762868e+02 6.546051570650475071e+01
2.550000000000000000e+02 1.744383176186009905e+02 6.536807852429612353e+01
2.550000000000000000e+02 1.743355794704711172e+02 6.519126721627091570e+01
2.550000000000000000e+02 1.743380724358657972e+02 6.528117029504204538e+01
2.550000000000000000e+02 1.743253196425926888e+02 6.527452238732290368e+01
2.549998683582630008e+02 1.755626696944266314e+02 6.587193727271231580e+01
2.549999917723914393e+02 1.756670369090520012e+02 6.595247733293841463e+01
2.550000000000000000e+02 1.757166658439058153e+02 6.606461141004756144e+01
2.550000000000000000e+02 1.757170196310740380e+02 6.617969097102236731e+01
2.550000000000000000e+02 1.757521103815964807e+02 6.613402774349607682e+01
2.549994569778348250e+02 1.757493047670764099e+02 6.606933405736288023e+01
2.550000000000000000e+02 1.757927465402906080e+02 6.607745470701486568e+01
2.549998189926116083e+02 1.759080482466966089e+02 6.607440226423787522e+01
2.549999341791314862e+02 1.759042717743660660e+02 6.613206134504945055e+01
2.550000000000000000e+02 1.758911322834904922e+02 6.618752365437461549e+01
2.550000000000000000e+02 1.759363841305886069e+02 6.604202662454130746e+01
2.550000000000000000e+02 1.759582284313241587e+02 6.608361718582877131e+01
2.550000000000000000e+02 1.759758108308239173e+02 6.617510819305260839e+01
2.550000000000000000e+02 1.759887034934425856e+02 6.615864474831745667e+01
2.550000000000000000e+02 1.759637327014529831e+02 6.612872916358131192e+01
2.549999341791314862e+02 1.759586727221865772e+02 6.618013526188478579e+01
2.550000000000000000e+02 1.759553323131098637e+02 6.608594559905218091e+01
2.550000000000000000e+02 1.759075134521399946e+02 6.605310921327607332e+01
2.550000000000000000e+02 1.755489707261687329e+02 6.591901564891148269e+01
2.549996873508745807e+02 1.751182060522288566e+02 6.580792647808988249e+01
2.550000000000000000e+02 1.749173372167645653e+02 6.563248095308617280e+01
2.550000000000000000e+02 1.748861463527011324e+02 6.561496437445492802e+01
2.550000000000000000e+02 1.748885981800529805e+02 6.561105626038735750e+01
2.550000000000000000e+02 1.751347188626153866e+02 6.575901334518108854e+01
2.550000000000000000e+02 1.760992496420990392e+02 6.643463164996461501e+01
2.550000000000000000e+02 1.762198910664626226e+02 6.650563591186585199e+01
2.550000000000000000e+02 1.762875220088529034e+02 6.644155106876635841e+01
2.549999588619571966e+02 1.763198565105066677e+02 6.639686692665910073e+01
2.550000000000000000e+02 1.763524707508515519e+02 6.641583156439749303e+01
2.549999259515229255e+02 1.763871501209458472e+02 6.645996445673100084e+01
2.549999753171743180e+02 1.764044034161030652e+02 6.649454509552253967e+01
2.550000000000000000e+02 1.764145974231130083e+02 6.646947557223018066e+01
2.550000000000000000e+02 1.764700515048295983e+02 6.645128432969673327e+01
2.550000000000000000e+02 1.764723881456615686e+02 6.650747889618403974e+01
2.549999753171743180e+02 1.765390482302414057e+02 6.654944792746540827e+01
2.549999753171743180e+02 1.765573052936433385e+02 6.657645093877013664e+01
