2.550000000000000000e+02 1.593050008843296723e+02 1.159485673859214785e+02
2.550000000000000000e+02 1.563556685532366544e+02 1.149289441103643412e+02
2.550000000000000000e+02 6.489206756278740329e+01 7.244588786699681293e+01
2.550000000000000000e+02 6.483284400424477667e+01 7.244014414573753413e+01
2.550000000000000000e+02 6.459798372833392932e+01 7.243905199858507160e+01
2.550000000000000000e+02 6.425894057304563489e+01 7.207300141492748935e+01
2.550000000000000000e+02 6.372568093385213928e+01 7.143133180049522934e+01
2.550000000000000000e+02 6.383524053767244766e+01 7.126367173682348266e+01
2.550000000000000000e+02 6.402833834453484485e+01 7.140260877255040839e+01
2.550000000000000000e+02 6.375386452069331256e+01 7.117986823487795789e+01
2.550000000000000000e+02 6.435778652281570089e+01 7.164818270251149102e+01
2.550000000000000000e+02 6.460750353731870632e+01 7.158150424478245100e+01
2.550000000000000000e+02 6.423899893880438583e+01 7.143493986558189590e+01
2.550000000000000000e+02 6.734345596038203041e+01 7.232871418464803526e+01
2.550000000000000000e+02 6.715150778210116300e+01 7.210984258931729585e+01
2.550000000000000000e+02 6.707371772196674442e+01 7.221040856031127930e+01
2.549999823134064343e+02 6.720611956137247489e+01 7.219314202334629726e+01
2.550000000000000000e+02 6.723329501238060857e+01 7.216359656880085538e+01
2.550000000000000000e+02 6.727931110718076013e+01 7.224198797311638032e+01
2.550000000000000000e+02 6.727789617969578728e+01 7.216842943049168468e+01
2.550000000000000000e+02 6.738494428723028307e+01 7.238115051291121915e+01
2.550000000000000000e+02 6.752659179342059304e+01 7.228529359745313343e+01
2.550000000000000000e+02 6.426200477538026234e+01 7.129301379554297569e+01
2.550000000000000000e+02 6.446867262115316066e+01 7.124995578351609993e+01
2.550000000000000000e+02 6.429039617969579012e+01 7.124190396179696450e+01
2.550000000000000000e+02 6.455093738945879522e+01 7.118115051291121631e+01
2.550000000000000000e+02 6.457272285107887910e+01 7.124568889281924555e+01
2.550000000000000000e+02 6.440663247258578394e+01 7.086596215068978211e+01
2.550000000000000000e+02 6.460103024407499106e+01 7.096327378846834222e+01
2.550000000000000000e+02 6.428978599221790091e+01 7.083383445348425766e+01
2.550000000000000000e+02 6.432178988326847957e+01 7.083920233463034322e+01
2.550000000000000000e+02 6.419380969225326794e+01 7.075629642730810076e+01
2.549999778917580500e+02 6.406699681641315181e+01 7.057144499469401921e+01
2.550000000000000000e+02 6.422892200212238834e+01 7.050850282985497586e+01
2.550000000000000000e+02 6.428084984082066455e+01 7.050887866996816911e+01
2.550000000000000000e+02 6.425184382737884903e+01 7.058468783162362570e+01
2.550000000000000000e+02 6.122971789883268201e+01 6.942893526706755836e+01
2.550000000000000000e+02 6.142373983020870298e+01 6.953636363636363171e+01
2.550000000000000000e+02 6.134854085603112850e+01 6.947099398655818447e+01
2.550000000000000000e+02 6.091463123452422934e+01 6.925532366466218548e+01
2.550000000000000000e+02 6.088014679872656387e+01 6.906207552175450815e+01
2.550000000000000000e+02 6.075320127343473331e+01 6.915860010611956454e+01
2.550000000000000000e+02 6.065335603112840346e+01 6.915116289352670265e+01
2.550000000000000000e+02 6.393151308807923527e+01 7.020751680226388203e+01
2.550000000000000000e+02 6.380269720551821422e+01 7.008232224973470181e+01
2.550000000000000000e+02 6.340882118853908622e+01 6.993950300672091203e+01
2.550000000000000000e+02 6.329193491333569455e+01 6.966826582950123736e+01
2.550000000000000000e+02 6.329219136894234055e+01 6.974598072161302298e+01
2.550000000000000000e+02 6.344220021223912198e+01 6.996943756632472855e+01
2.550000000000000000e+02 6.034978333922886407e+01 6.869072338167669045e+01
2.550000000000000000e+02 6.020962150689776848e+01 6.847597276264590960e+01
2.550000000000000000e+02 6.034969490626105681e+01 6.844444640962150572e+01
2.550000000000000000e+02 6.015527944817828399e+01 6.825958613371064132e+01
2.550000000000000000e+02 6.050925451008135525e+01 6.843326406084187852e+01
2.550000000000000000e+02 6.060526618323311254e+01 6.830134418111072137e+01
2.550000000000000000e+02 6.007591085956844523e+01 6.818993190661478820e+01
2.550000000000000000e+02 5.998000088432967658e+01 6.800045542978422475e+01
2.550000000000000000e+02 5.732243544393350021e+01 6.716816413158825583e+01
2.550000000000000000e+02 5.746342412451361525e+01 6.714265564202334247e+01
2.550000000000000000e+02 5.751480367881146094e+01 6.702149363282632066e+01
2.550000000000000000e+02 6.055291828793774300e+01 6.830630084895649645e+01
2.549999955783516157e+02 6.062273169437566622e+01 6.835221524584365227e+01
2.550000000000000000e+02 5.756932702511496558e+01 6.716337106473292806e+01
2.549999734701096656e+02 5.991512203749557841e+01 6.783103555005305907e+01
2.550000000000000000e+02 5.996973381676689030e+01 6.804420764060841975e+01
2.550000000000000000e+02 5.996400336045277868e+01 6.793414839051997944e+01
2.550000000000000000e+02 5.987467279801909825e+01 6.829014856738592698e+01
2.550000000000000000e+02 6.293958259639193642e+01 6.924991598868058418e+01
2.550000000000000000e+02 6.259397771489211237e+01 6.906814644499469580e+01
2.550000000000000000e+02 6.258508577997877609e+01 6.926728864520693207e+01
2.550000000000000000e+02 6.276097010965688128e+01 6.912684824902723335e+01
2.550000000000000000e+02 6.278585514679872404e+01 6.921303059780686340e+01
2.550000000000000000e+02 6.282203307392995839e+01 6.924213830916166046e+01
2.550000000000000000e+02 6.281663866289352427e+01 6.915853820304209876e+01
2.550000000000000000e+02 6.339089582596391637e+01 6.946953042094092723e+01
2.550000000000000000e+02 6.349044039617969304e+01 6.951901308807923385e+01
2.550000000000000000e+02 6.328757516802264149e+01 6.938124778917580215e+01
2.550000000000000000e+02 6.385454103289706751e+01 6.950240979837283817e+01
2.550000000000000000e+02 6.394623717721966472e+01 6.934692253272019968e+01
2.550000000000000000e+02 6.381461354793066931e+01 6.932457994340289531e+01
2.550000000000000000e+02 6.347422621153165778e+01 6.918678369296073072e+01
2.550000000000000000e+02 6.324606031128404737e+01 6.905116731517509265e+01
2.550000000000000000e+02 6.012163954722320369e+01 6.798233109303147614e+01
2.550000000000000000e+02 6.023534665723381920e+01 6.789054209409268026e+01
2.550000000000000000e+02 6.310352405376724505e+01 6.882693668199505055e+01
2.550000000000000000e+02 6.303222497347010744e+01 6.889935001768658651e+01
2.549999823134064343e+02 6.294573310930314847e+01 6.897824548991863480e+01
2.550000000000000000e+02 6.278238415281217044e+01 6.890833038556773715e+01
2.550000000000000000e+02 6.253068181818181870e+01 6.864411920764061392e+01
2.550000000000000000e+02 6.233525380261761484e+01 6.861972939511849745e+01
2.550000000000000000e+02 6.217668464803679029e+01 6.865516006367174384e+01
2.550000000000000000e+02 6.200112752033957975e+01 6.839122744959320244e+01
2.550000000000000000e+02 6.236120445702157866e+01 6.869215599575521480e+01
2.550000000000000000e+02 6.252316501591793241e+01 6.871966749204102598e+01
2.550000000000000000e+02 6.244759020162716467e+01 6.878310488149982405e+01
2.550000000000000000e+02 6.254637866996816342e+01 6.892829854969933479e+01
2.550000000000000000e+02 6.269169614432260573e+01 6.903359126282278169e+01
2.550000000000000000e+02 6.247799345596038023e+01 6.882776795189246855e+01
2.550000000000000000e+02 6.552646798726564725e+01 6.995675185709232835e+01
2.550000000000000000e+02 6.565194552529182204e+01 7.001666961443226000e+01
2.550000000000000000e+02 6.541163335691545910e+01 6.990544304916872420e+01
2.550000000000000000e+02 6.243053590378492856e+01 6.880951096568800551e+01
2.550000000000000000e+02 6.237423063318004779e+01 6.868401131941988069e+01
2.550000000000000000e+02 6.543046515741067992e+01 6.972879819596745676e+01
2.550000000000000000e+02 6.538717279801910820e+01 6.969074991156703902e+01
2.550000000000000000e+02 6.513109303148213769e+01 6.968793332154227471e+01
2.550000000000000000e+02 6.479633445348426335e+01 6.937343031482136269e+01
2.550000000000000000e+02 6.419720993986558710e+01 6.923252564556067057e+01
2.550000000000000000e+02 6.398870268836222408e+01 6.904865139724088863e+01
2.550000000000000000e+02 6.380146798726565294e+01 6.896180580120268644e+01
2.550000000000000000e+02 6.373453749557835124e+01 6.917422621153166062e+01
2.550000000000000000e+02 6.365812698974177408e+01 6.914501680226388203e+01
2.550000000000000000e+02 6.353583746020516543e+01 6.905237000353731958e+01
2.550000000000000000e+02 6.381545366112487017e+01 6.940137955429784711e+01
2.550000000000000000e+02 6.365136628935267282e+01 6.950507163070392380e+01
2.549999955783516157e+02 6.326066943756632810e+01 6.924174478245490150e+01
2.550000000000000000e+02 6.301830120268836311e+01 6.925721170852493458e+01
2.550000000000000000e+02 6.299960205164485672e+01 6.936697912981959746e+01
2.550000000000000000e+02 6.307062698974177550e+01 6.929373010258224497e+01
2.550000000000000000e+02 6.295540767598160414e+01 6.931603731871241791e+01
2.549999115670321999e+02 6.570881234524230763e+01 7.040732224973470466e+01
2.550000000000000000e+02 6.571225680933852686e+01 7.030073399363283215e+01
2.550000000000000000e+02 6.546340643792005665e+01 7.033941015210470482e+01
2.550000000000000000e+02 6.524348249027237046e+01 7.019462327555713443e+01
2.550000000000000000e+02 6.542250176865935885e+01 7.029244782454898655e+01
2.550000000000000000e+02 6.562659179342058735e+01 7.028219844357977308e+01
2.550000000000000000e+02 6.561428634594976472e+01 7.035562875840113861e+01
2.550000000000000000e+02 6.560239653342766530e+01 7.031924301379554265e+01
2.550000000000000000e+02 6.575402370003537555e+01 7.041945967456668143e+01
2.550000000000000000e+02 6.602854174036080792e+01 7.046088167668906976e+01
2.550000000000000000e+02 6.632802440749911455e+01 7.052133445348425766e+01
2.550000000000000000e+02 6.656980898478953179e+01 7.058358241952599599e+01
2.550000000000000000e+02 6.629914220021224480e+01 7.051891139016625232e+01
2.550000000000000000e+02 6.589126282278033386e+01 7.045190573045631766e+01
2.550000000000000000e+02 6.578532897064025065e+01 7.020943579766536402e+01
2.550000000000000000e+02 6.579132030420940680e+01 7.014610010611956170e+01
2.550000000000000000e+02 6.572408914043155903e+01 7.016163777856384343e+01
2.550000000000000000e+02 6.552592412451362236e+01 7.025844534842589439e+01
2.550000000000000000e+02 6.568735408560311839e+01 7.007142288645206918e+01
2.550000000000000000e+02 6.563700035373187802e+01 7.018533781393703919e+01
2.550000000000000000e+02 6.523377255040679756e+01 6.999151927838698839e+01
2.550000000000000000e+02 6.470556685532366714e+01 6.963436505129112675e+01
2.550000000000000000e+02 6.486650159179342268e+01 6.974888574460558743e+01
2.550000000000000000e+02 6.471127520339582873e+01 6.968593473646976122e+01
2.550000000000000000e+02 6.501288910505836327e+01 6.995951980898479405e+01
2.550000000000000000e+02 6.468882649451715849e+01 6.988250795896709633e+01
2.550000000000000000e+02 6.765768482490273072e+01 7.104071453837990191e+01
2.550000000000000000e+02 6.787433675274142786e+01 7.096888486027590659e+01
2.550000000000000000e+02 6.775506278740714095e+01 7.088329501238061425e+01
2.550000000000000000e+02 6.762242660063671451e+01 7.092248850371419167e+01
2.550000000000000000e+02 6.768658029713476765e+01 7.083039883268482129e+01
2.550000000000000000e+02 6.733077467279801454e+01 7.088269366819950790e+01
2.550000000000000000e+02 6.673334365051290717e+01 7.069850990449239703e+01
2.549999778917580500e+02 6.678367085249381319e+01 7.068238415281216191e+01
2.549999955783516157e+02 6.686066501591793099e+01 7.067114432260346746e+01
2.550000000000000000e+02 6.697886009904492255e+01 7.063761496285815156e+01
2.550000000000000000e+02 6.738702246197382806e+01 7.082210382030420703e+01
2.550000000000000000e+02 6.698404227095861074e+01 7.069053325079589456e+01
2.550000000000000000e+02 6.640348425893172646e+01 7.056504244782455260e+01
2.550000000000000000e+02 6.622347895295365561e+01 7.034885921471524739e+01
2.550000000000000000e+02 6.612262557481429326e+01 7.027307216130172662e+01
2.550000000000000000e+02 6.614760346657233470e+01 7.022442518570923653e+01
2.550000000000000000e+02 6.590896268128759061e+01 7.000944021931375971e+01
2.550000000000000000e+02 6.602684382737884050e+01 7.039307127697205146e+01
2.550000000000000000e+02 6.664170498761939143e+01 7.063383887513265336e+01
2.550000000000000000e+02 6.664519808984789506e+01 7.074681199151044098e+01
2.550000000000000000e+02 7.000002652989034857e+01 7.187278475415635626e+01
2.550000000000000000e+02 6.982671117792713744e+01 7.174928369296073072e+01
2.550000000000000000e+02 6.978636805801203025e+01 7.155679165192783842e+01
2.550000000000000000e+02 6.994603378139370875e+01 7.161718252564556053e+01
2.550000000000000000e+02 7.032763530244075412e+01 7.181427750265298471e+01
2.550000000000000000e+02 7.040155642023346161e+01 7.176814644499469864e+01
2.550000000000000000e+02 7.044762999646268042e+01 7.180732667138309466e+01
2.550000000000000000e+02 7.009970374955783257e+01 7.180470463388751057e+01
2.550000000000000000e+02 7.031787230279448409e+01 7.196590466926069496e+01
2.550000000000000000e+02 7.077170145030066806e+01 7.228941015210470766e+01
2.550000000000000000e+02 7.103211885390874158e+01 7.241646621860630262e+01
2.550000000000000000e+02 7.464194817828085604e+01 7.369189511850017027e+01
2.550000000000000000e+02 7.513053590378493141e+01 7.398432525645560531e+01
2.550000000000000000e+02 7.531807127697204862e+01 7.408398921117792213e+01
2.550000000000000000e+02 7.530593827378847038e+01 7.380432879377431732e+01
2.550000000000000000e+02 7.594294304916873273e+01 7.411092589317297552e+01
2.550000000000000000e+02 7.611448532012734347e+01 7.419816943756632099e+01
2.550000000000000000e+02 7.583604969932791562e+01 7.421034223558542919e+01
2.550000000000000000e+02 7.239581269897418281e+01 7.300654403961796390e+01
2.550000000000000000e+02 7.263081888928192598e+01 7.303678811460912357e+01
2.550000000000000000e+02 7.269380527060488362e+01 7.294300937389458284e+01
2.550000000000000000e+02 7.307816147859922751e+01 7.295825521754510135e+01
2.550000000000000000e+02 7.340882561018747765e+01 7.312473912274495547e+01
2.550000000000000000e+02 7.393719932790943972e+01 7.340912186062963940e+01
2.550000000000000000e+02 7.412686593562079906e+01 7.321400778210116300e+01
2.550000000000000000e+02 7.394978776087725691e+01 7.317684382737884619e+01
2.550000000000000000e+02 7.402169702865228373e+01 7.317397859922178327e+01
2.550000000000000000e+02 7.439725415634949002e+01 7.320579678103997878e+01
2.549999911567032314e+02 7.147312964273081093e+01 7.228648302087017896e+01
2.550000000000000000e+02 7.159652900601344072e+01 7.241471524584365227e+01
2.550000000000000000e+02 7.194717456667845568e+01 7.252766183233109132e+01
2.550000000000000000e+02 7.244637424831977057e+01 7.261303501945525340e+01
2.550000000000000000e+02 7.274466749204103166e+01 7.263584188185355117e+01
2.550000000000000000e+02 7.306133710647328883e+01 7.267893526706755836e+01
2.550000000000000000e+02 7.292147152458436210e+01 7.247702953661125491e+01
2.550000000000000000e+02 6.958383003183587334e+01 7.144900070746373899e+01
2.550000000000000000e+02 6.965451008135832467e+01 7.117284223558542067e+01
2.550000000000000000e+02 6.978150866643085237e+01 7.104826229218252820e+01
2.549999867350548186e+02 7.024690042447824112e+01 7.122840466926069780e+01
2.550000000000000000e+02 6.697893968871595405e+01 7.022106031128404879e+01
2.550000000000000000e+02 6.625631853555005080e+01 6.972473912274496399e+01
2.550000000000000000e+02 6.627712681287583507e+01 6.965329412805093057e+01
2.550000000000000000e+02 6.629978333922886691e+01 6.963729660417403977e+01
2.550000000000000000e+02 6.648650955076053037e+01 6.954606473293243596e+01
2.549999602051644843e+02 6.645147240891404294e+01 6.959014856738592414e+01
2.550000000000000000e+02 6.664973470109656262e+01 6.955834807216130855e+01
2.550000000000000000e+02 6.378978599221790091e+01 6.852026441457375938e+01
2.550000000000000000e+02 6.383779182879377601e+01 6.834120976299963957e+01
2.550000000000000000e+02 6.347687920056596766e+01 6.837260788822072755e+01
2.550000000000000000e+02 6.338038998938804269e+01 6.827673328616909032e+01
2.550000000000000000e+02 6.346340201627166522e+01 6.829430491687301696e+01
2.550000000000000000e+02 6.330737088786699474e+01 6.806202246197382522e+01
2.550000000000000000e+02 6.362806862398301888e+01 6.826441457375310051e+01
2.549999557835160999e+02 6.360106119561372395e+01 6.819536169083833954e+01
2.550000000000000000e+02 6.347856827025115223e+01 6.810884329678104621e+01
2.550000000000000000e+02 6.063952069331446637e+01 6.721341970286522383e+01
2.550000000000000000e+02 6.086480367881146236e+01 6.731296869472939193e+01
2.550000000000000000e+02 6.076306154934559345e+01 6.728293243721259387e+01
2.550000000000000000e+02 6.108404669260700359e+01 6.743453307392995555e+01
2.550000000000000000e+02 6.488332596391934715e+01 6.893620887866997293e+01
2.550000000000000000e+02 6.515010169791298722e+01 6.888734966395472270e+01
2.550000000000000000e+02 6.558287937743190810e+01 6.921911478599221823e+01
2.550000000000000000e+02 6.536333126989741515e+01 6.920967456667845852e+01
2.550000000000000000e+02 6.493486469755924873e+01 6.895979395118500577e+01
2.550000000000000000e+02 6.483971966749204796e+01 6.895747258577998196e+01
2.550000000000000000e+02 6.494529094446409090e+01 6.904315086664308865e+01
2.550000000000000000e+02 6.532565440396179213e+01 6.924191280509373314e+01
2.550000000000000000e+02 6.561748319773612081e+01 6.945777767951892656e+01
2.550000000000000000e+02 6.578659356207994335e+01 6.953142023346303802e+01
2.550000000000000000e+02 6.618303413512558109e+01 6.959140873717721831e+01
2.550000000000000000e+02 6.633233993632826753e+01 6.949843473646976122e+01
2.550000000000000000e+02 6.616753625751680090e+01 6.937387247966042025e+01
2.550000000000000000e+02 6.609147948355146696e+01 6.934056862398301746e+01
2.550000000000000000e+02 6.615061460912627922e+01 6.917095419172267157e+01
2.550000000000000000e+02 6.641442783869827338e+01 6.917883799080297536e+01
2.550000000000000000e+02 6.657042801556420386e+01 6.921476388397594803e+01
2.550000000000000000e+02 6.689067032189599615e+01 6.932520781747435024e+01
2.550000000000000000e+02 6.403142023346303802e+01 6.851243367527413852e+01
2.550000000000000000e+02 6.422769278386982705e+01 6.868608065086664283e+01
2.550000000000000000e+02 6.426472408914042944e+01 6.885497877608771944e+01
2.550000000000000000e+02 6.407175451008136235e+01 6.864255394411036093e+01
2.550000000000000000e+02 6.416925185709231982e+01 6.884534842589317805e+01
2.550000000000000000e+02 6.425719844357976740e+01 6.875444817828086741e+01
2.550000000000000000e+02 6.393003183586841232e+01 6.853572249734700961e+01
2.550000000000000000e+02 6.385310399717014462e+01 6.849948266713830947e+01
2.550000000000000000e+02 6.093584188185355544e+01 6.755583657587548885e+01
2.550000000000000000e+02 6.102510611956137154e+01 6.772458436505128532e+01
2.550000000000000000e+02 6.098738503714184844e+01 6.747194021931376540e+01
2.550000000000000000e+02 6.089048019101520737e+01 6.755207375309515783e+01
2.550000000000000000e+02 6.008506809338521748e+01 6.718405995755217930e+01
2.550000000000000000e+02 5.981454722320481210e+01 6.693120799434028356e+01
2.550000000000000000e+02 5.954937654757693366e+01 6.670240537672444248e+01
2.550000000000000000e+02 5.978342324018394294e+01 6.684158118146444849e+01
2.550000000000000000e+02 6.032733463035019383e+01 6.724712150689776990e+01
2.550000000000000000e+02 5.994078528475415624e+01 6.700209143968871217e+01
2.550000000000000000e+02 5.952671559957552461e+01 6.674717456667845283e+01
2.550000000000000000e+02 5.975129112133003417e+01 6.674066147859922182e+01
2.550000000000000000e+02 5.982919614432260147e+01 6.681479483551467524e+01
2.550000000000000000e+02 5.991758047400070808e+01 6.674112575168022943e+01
2.550000000000000000e+02 5.995467810399716768e+01 6.667888220728687543e+01
2.550000000000000000e+02 6.005427131234524296e+01 6.680376724442872671e+01
2.550000000000000000e+02 5.723753979483551291e+01 6.583187566324725992e+01
2.550000000000000000e+02 5.693187566324726134e+01 6.566962327555712875e+01
2.549999955783516157e+02 5.697914750619030855e+01 6.560988680580119592e+01
2.550000000000000000e+02 5.657920498761938433e+01 6.565617704280155920e+01
2.550000000000000000e+02 5.667220551821718999e+01 6.564384506544040221e+01
2.550000000000000000e+02 5.988959143968871501e+01 6.684091793420587635e+01
2.550000000000000000e+02 5.997205076052352268e+01 6.697098956490980015e+01
2.550000000000000000e+02 6.019959320834806960e+01 6.721599752387690785e+01
2.550000000000000000e+02 6.079761673151750756e+01 6.759494163424125190e+01
2.550000000000000000e+02 6.128686328263176364e+01 6.755695083126990141e+01
2.550000000000000000e+02 6.139905818889281619e+01 6.768496197382384594e+01
2.550000000000000000e+02 6.139873098691192155e+01 6.768319331446762988e+01
2.550000000000000000e+02 6.185263972408913702e+01 6.794894322603467174e+01
2.550000000000000000e+02 6.185189688715953338e+01 6.774962415988680675e+01
2.550000000000000000e+02 6.246650601344180842e+01 6.799231517509727496e+01
2.550000000000000000e+02 6.344806331800495514e+01 6.838833569154580516e+01
2.550000000000000000e+02 6.329055093738946169e+01 6.816254421648390860e+01
2.550000000000000000e+02 6.299366377785638349e+01 6.831597541563495213e+01
2.550000000000000000e+02 6.255824637424831991e+01 6.800005305978068293e+01
2.550000000000000000e+02 6.297991687301026076e+01 6.810694198797311572e+01
2.550000000000000000e+02 6.394466749204103451e+01 6.861938892819243563e+01
2.550000000000000000e+02 6.371804916873010427e+01 6.852000795896709917e+01
2.550000000000000000e+02 6.422498673505482714e+01 6.884802352316943086e+01
2.549999955783516157e+02 6.501272992571630027e+01 6.907840909090909065e+01
2.549999911567032314e+02 6.501406526353024162e+01 6.901177927131234924e+01
