2.550000000000000000e+02 2.851929783883527136e+01 5.169682829512409228e+01
2.550000000000000000e+02 2.872013544715918343e+01 5.158079490672308509e+01
2.550000000000000000e+02 1.484202001758301321e+02 9.533138181220957108e+01
2.550000000000000000e+02 1.485897603106976135e+02 9.486201199895661773e+01
2.550000000000000000e+02 1.488270343641615625e+02 9.428294641045705760e+01
2.550000000000000000e+02 1.489155967113970860e+02 9.381503057705127446e+01
2.550000000000000000e+02 1.488666396158788245e+02 9.337217053589543525e+01
2.550000000000000000e+02 1.489025543672530887e+02 9.322308205083615462e+01
2.550000000000000000e+02 1.491290950545363216e+02 9.325649460433392335e+01
2.550000000000000000e+02 1.492289269532118112e+02 9.318564569264508179e+01
2.550000000000000000e+02 1.491521268681950403e+02 9.318144799002985224e+01
2.550000000000000000e+02 1.491137920374073644e+02 9.307336077056100976e+01
2.550000000000000000e+02 1.489360925136944616e+02 9.300296109517046261e+01
2.550000000000000000e+02 1.486281144634766065e+02 9.279390681003583552e+01
2.550000000000000000e+02 1.483662724980436565e+02 9.260795196552956554e+01
2.550000000000000000e+02 1.483076254238761749e+02 9.253722381628651306e+01
2.550000000000000000e+02 1.485922142035958302e+02 9.280158247108947478e+01
2.550000000000000000e+02 1.500033427044991186e+02 9.328131370219014684e+01
2.550000000000000000e+02 1.498167019293008480e+02 9.328987817484470213e+01
2.550000000000000000e+02 1.498502690587291966e+02 9.330271280758195473e+01
2.550000000000000000e+02 1.498490662647692488e+02 9.329838468152527753e+01
2.550000000000000000e+02 1.498982503936855721e+02 9.320163947096388313e+01
2.550000000000000000e+02 1.502023447236472293e+02 9.343997623395067365e+01
2.550000000000000000e+02 1.506055222251205237e+02 9.366322735221092444e+01
2.550000000000000000e+02 1.507908056304282809e+02 9.359618004231515442e+01
2.550000000000000000e+02 1.510023041474654519e+02 9.371837714594866497e+01
2.550000000000000000e+02 1.511591793950284455e+02 9.372563738418881485e+01
2.550000000000000000e+02 1.512975200224135222e+02 9.382643055193268822e+01
2.550000000000000000e+02 1.512051512428870979e+02 9.371823223101372946e+01
2.550000000000000000e+02 1.509478982503936777e+02 9.367782028615869194e+01
2.550000000000000000e+02 1.490756649180264617e+02 9.281864378942893268e+01
2.550000000000000000e+02 1.483986803079925494e+02 9.249710653179916164e+01
2.550000000000000000e+02 1.483550464210841540e+02 9.237800577727540485e+01
2.550000000000000000e+02 1.486735114820933461e+02 9.261786414707900406e+01
2.550000000000000000e+02 1.502307866948767696e+02 9.322669526321382705e+01
2.550000000000000000e+02 1.507830430204136860e+02 9.348088572008231267e+01
2.550000000000000000e+02 1.512709667758359160e+02 9.361583533798993528e+01
2.550000000000000000e+02 1.517032673487329646e+02 9.385999285086320754e+01
2.550000000000000000e+02 1.517595812924479901e+02 9.386369301220183559e+01
2.550000000000000000e+02 1.497905206310562392e+02 9.295356925484740884e+01
2.550000000000000000e+02 1.494954931455235680e+02 9.245865093856572514e+01
2.550000000000000000e+02 1.480194282622767048e+02 9.192604507820576032e+01
2.550000000000000000e+02 1.477789515887507434e+02 9.163260199596170708e+01
2.550000000000000000e+02 1.476938092339796640e+02 9.160492324338946446e+01
2.550000000000000000e+02 1.475302244249292301e+02 9.142481330125882266e+01
2.550000000000000000e+02 1.476970408370286520e+02 9.134326966737191356e+01
2.550000000000000000e+02 1.474984542406940591e+02 9.126944999951695081e+01
2.550000000000000000e+02 1.475371658503125332e+02 9.105479233689824525e+01
2.550000000000000000e+02 1.475451410022317020e+02 9.097490556376740756e+01
2.550000000000000000e+02 1.473165232008810790e+02 9.097033108232133713e+01
2.550000000000000000e+02 1.472721309258132010e+02 9.091474171328097498e+01
2.550000000000000000e+02 1.472435778531335302e+02 9.096871286554792846e+01
2.550000000000000000e+02 1.472046633626061407e+02 9.087505917359843011e+01
2.550000000000000000e+02 1.472278980571737748e+02 9.100494159928122428e+01
2.550000000000000000e+02 1.473453950864175965e+02 9.077487947907911803e+01
2.550000000000000000e+02 1.474445458848989006e+02 9.091431179897399772e+01
2.550000000000000000e+02 1.474695823551575131e+02 9.091804577379744501e+01
2.550000000000000000e+02 1.471185549082688340e+02 9.058672675805968311e+01
2.550000000000000000e+02 1.469229922035765128e+02 9.058553362509540818e+01
2.550000000000000000e+02 1.469287839704759904e+02 9.051931716082658852e+01
2.550000000000000000e+02 1.469674955800944929e+02 9.054868175714189249e+01
2.550000000000000000e+02 1.474904162923030810e+02 9.092421431952776345e+01
2.550000000000000000e+02 1.476475717087403154e+02 9.102338927049821393e+01
2.550000000000000000e+02 1.476988426127196590e+02 9.114562984861220230e+01
2.550000000000000000e+02 1.478807446695456349e+02 9.110188969075153409e+01
2.550000000000000000e+02 1.479329865035890634e+02 9.099896627346414846e+01
2.550000000000000000e+02 1.477562868929271929e+02 9.093335362142421729e+01
2.550000000000000000e+02 1.475789110125689660e+02 9.083552637934865004e+01
2.550000000000000000e+02 1.475614777458964966e+02 9.084947685708489473e+01
2.550000000000000000e+02 1.477522534272382018e+02 9.086776029137563171e+01
2.550000000000000000e+02 1.480448898163444653e+02 9.099024239438116979e+01
2.550000000000000000e+02 1.481587204977344925e+02 9.107060255629944834e+01
2.550000000000000000e+02 1.477881681786124943e+02 9.087008376083238659e+01
2.550000000000000000e+02 1.476313750495125987e+02 9.070626708788607573e+01
2.550000000000000000e+02 1.476350124143794176e+02 9.079325469282863992e+01
2.550000000000000000e+02 1.476212696480499176e+02 9.069431643625192407e+01
2.550000000000000000e+02 1.474701909978842309e+02 9.059801563149098058e+01
2.550000000000000000e+02 1.472374769343728644e+02 9.052155368132240199e+01
2.550000000000000000e+02 1.470287124791080942e+02 9.016984513423953729e+01
2.550000000000000000e+02 1.468088088958448054e+02 9.007143823242422798e+01
2.550000000000000000e+02 1.466296167483020838e+02 9.009958071278825287e+01
2.550000000000000000e+02 1.462723048237351406e+02 8.975011834719686021e+01
2.550000000000000000e+02 1.459337545527442046e+02 8.974155387454230492e+01
2.550000000000000000e+02 1.452763237979306155e+02 8.934274314310832210e+01
2.550000000000000000e+02 1.446993256625027868e+02 8.905542030161628020e+01
2.550000000000000000e+02 1.444244268614323516e+02 8.884732245505222181e+01
2.550000000000000000e+02 1.460339197557700288e+02 8.968310002028809436e+01
2.550000000000000000e+02 1.458478248268266668e+02 8.950664676501560280e+01
2.550000000000000000e+02 1.459968360239206220e+02 8.973957337043155746e+01
2.550000000000000000e+02 1.460692838303915551e+02 8.974202726332975999e+01
2.550000000000000000e+02 1.460623037610256176e+02 8.962066100532321400e+01
2.550000000000000000e+02 1.473345651102802663e+02 9.025452376121883447e+01
2.550000000000000000e+02 1.473843385599319902e+02 9.036371716469099624e+01
2.550000000000000000e+02 1.473987044604816958e+02 9.039925996773227723e+01
2.550000000000000000e+02 1.475440251572327099e+02 9.047868301307133265e+01
2.549999951695021707e+02 1.479544773884396420e+02 9.063482402496401846e+01
2.550000000000000000e+02 1.486202359215140802e+02 9.095881034499414852e+01
2.550000000000000000e+02 1.489206783951154023e+02 9.121355147861538626e+01
2.550000000000000000e+02 1.491240471843028104e+02 9.128901351573293255e+01
2.550000000000000000e+02 1.491735211430890047e+02 9.128239090320649041e+01
2.550000000000000000e+02 1.489320107430271776e+02 9.104691379493570480e+01
2.550000000000000000e+02 1.488117506690239509e+02 9.096308533557468934e+01
2.550000000000000000e+02 1.489176641644687891e+02 9.096064593416997468e+01
2.550000000000000000e+02 1.490706363697842676e+02 9.115224280014298586e+01
2.550000000000000000e+02 1.492652329749103899e+02 9.118903187162469237e+01
2.550000000000000000e+02 1.494847887623298561e+02 9.125626274043803221e+01
2.550000000000000000e+02 1.497335110956535118e+02 9.140289733259909610e+01
2.550000000000000000e+02 1.493944487918925006e+02 9.120281328193684089e+01
2.550000000000000000e+02 1.492903563941299865e+02 9.119262093151320414e+01
2.550000000000000000e+02 1.494628824546657881e+02 9.119279965993295889e+01
2.550000000000000000e+02 1.496566337226714722e+02 9.119525838332899070e+01
2.550000000000000000e+02 1.499077713049106819e+02 9.145300891709899815e+01
2.550000000000000000e+02 1.501270517539537650e+02 9.155033378740013461e+01
2.550000000000000000e+02 1.504493135862581994e+02 9.167750630379967447e+01
2.550000000000000000e+02 1.505602459689495731e+02 9.168791602662570028e+01
2.550000000000000000e+02 1.503480615212203872e+02 9.159652300766117605e+01
2.550000000000000000e+02 1.488277058033600895e+02 9.090646707049629072e+01
2.550000000000000000e+02 1.486670965809736344e+02 9.061264720942139661e+01
2.550000000000000000e+02 1.487457998821358558e+02 9.063291597832072455e+01
2.550000000000000000e+02 1.489338366712073309e+02 9.071840129843781142e+01
2.550000000000000000e+02 1.490758243244548851e+02 9.094180216213082701e+01
2.550000000000000000e+02 1.491476924711860761e+02 9.081474074718140344e+01
2.550000000000000000e+02 1.492555913012395195e+02 9.079963094996570305e+01
2.550000000000000000e+02 1.486567979595977249e+02 9.054270160082698737e+01
2.550000000000000000e+02 1.485379918654416542e+02 9.032171598604952578e+01
2.550000000000000000e+02 1.482517413944681266e+02 9.032991334086891300e+01
2.550000000000000000e+02 1.483554521829019563e+02 9.053061086475571528e+01
2.550000000000000000e+02 1.486607782898105370e+02 9.065421847375590403e+01
2.550000000000000000e+02 1.488694944400969860e+02 9.088845897458192269e+01
2.550000000000000000e+02 1.490182786037929077e+02 9.094234317788790634e+01
2.550000000000000000e+02 1.488145813407529658e+02 9.083215952236037083e+01
2.550000000000000000e+02 1.485185829251562666e+02 9.072403365890889404e+01
2.550000000000000000e+02 1.483098522833763298e+02 9.060564298756629853e+01
2.550000000000000000e+02 1.481627636244191422e+02 9.068861161831338791e+01
2.550000000000000000e+02 1.482216329014868279e+02 9.058231651353987957e+01
2.550000000000000000e+02 1.484681621887951906e+02 9.068750060381222511e+01
2.550000000000000000e+02 1.484987150875769260e+02 9.061978185471794234e+01
2.550000000000000000e+02 1.484923195084485315e+02 9.073690693562878096e+01
2.549999613560173373e+02 1.487548570655691833e+02 9.075832053251407672e+01
2.550000000000000000e+02 1.487922934237602419e+02 9.071256605705784182e+01
2.550000000000000000e+02 1.488163106589765050e+02 9.073314880831618723e+01
2.550000000000000000e+02 1.488150064245621138e+02 9.063779478113013965e+01
2.550000000000000000e+02 1.488534910007825545e+02 9.069244703359127868e+01
2.550000000000000000e+02 1.491203470229641823e+02 9.078008192524320918e+01
2.550000000000000000e+02 1.491736129225477896e+02 9.087293858505057642e+01
2.550000000000000000e+02 1.492281975480393044e+02 9.075143707310475349e+01
2.550000000000000000e+02 1.494995845771865390e+02 9.086519529702731290e+01
2.550000000000000000e+02 1.494248277927523247e+02 9.083541044740070447e+01
2.550000000000000000e+02 1.494288564279434581e+02 9.075289588344975300e+01
2.550000000000000000e+02 1.494797795360789792e+02 9.085074727801446670e+01
2.550000000000000000e+02 1.496679709010810768e+02 9.080136992918490080e+01
2.550000000000000000e+02 1.497137253765372975e+02 9.089689302379503033e+01
2.550000000000000000e+02 1.498100358422938996e+02 9.103436416157049393e+01
2.550000000000000000e+02 1.496856118791602626e+02 9.086165937261493752e+01
2.550000000000000000e+02 1.494985750031398197e+02 9.080435517684452407e+01
2.550000000000000000e+02 1.494492073153059266e+02 9.066313074225429602e+01
2.550000000000000000e+02 1.479079017283521296e+02 9.012871827570549499e+01
2.550000000000000000e+02 1.477553787593349455e+02 8.991807958728226424e+01
2.550000000000000000e+02 1.491245495560772554e+02 9.055534301365098315e+01
2.550000000000000000e+02 1.491673670888521883e+02 9.057783864205045177e+01
2.550000000000000000e+02 1.475903061569525221e+02 8.996858727260431010e+01
2.550000000000000000e+02 1.475518988686974069e+02 8.993571573486363491e+01
2.550000000000000000e+02 1.487543788462838847e+02 9.047212319701668548e+01
2.550000000000000000e+02 1.487140007149136807e+02 9.036232115081780591e+01
2.550000000000000000e+02 1.487292022915881660e+02 9.038577321778782903e+01
2.550000000000000000e+02 1.486840757808499802e+02 9.035871276893796278e+01
2.550000000000000000e+02 1.488089489802819116e+02 9.041450501888724034e+01
2.550000000000000000e+02 1.490441652416698162e+02 9.052214783255561770e+01
2.550000000000000000e+02 1.491263706537595795e+02 9.058603599686983898e+01
2.550000000000000000e+02 1.492363610893738723e+02 9.071881189075345731e+01
2.550000000000000000e+02 1.491741635993005559e+02 9.064198282274971064e+01
2.550000000000000000e+02 1.490732061946304157e+02 9.065195780077094412e+01
2.550000000000000000e+02 1.489865567245360296e+02 9.069869769778473767e+01
2.550000000000000000e+02 1.486426059569699305e+02 9.049932856080147303e+01
2.550000000000000000e+02 1.482958824836487679e+02 9.030765440686316481e+01
2.550000000000000000e+02 1.483213053937338657e+02 9.049481687582722600e+01
2.550000000000000000e+02 1.485022220290022972e+02 9.055255581640243179e+01
2.550000000000000000e+02 1.482988387483214012e+02 9.049469611338145114e+01
2.550000000000000000e+02 1.480288332415538832e+02 9.039449226637297841e+01
2.550000000000000000e+02 1.475438850727956037e+02 9.015100136220038962e+01
2.550000000000000000e+02 1.467240239979132355e+02 8.981764387637790037e+01
2.550000000000000000e+02 1.465157136094445889e+02 8.965040721096715970e+01
2.550000000000000000e+02 1.465639751132751769e+02 8.967963172284535744e+01
2.550000000000000000e+02 1.465099266730429122e+02 8.972145900356490245e+01
2.550000000000000000e+02 1.470013815223796882e+02 9.011129950052652759e+01
2.550000000000000000e+02 1.472083925069317729e+02 9.010141147146624974e+01
2.550000000000000000e+02 1.471045319730651499e+02 8.995887797196378699e+01
2.550000000000000000e+02 1.473359611241534424e+02 9.005402911824091916e+01
2.550000000000000000e+02 1.473703301162217656e+02 9.016550251668937221e+01
2.550000000000000000e+02 1.474776058120550033e+02 9.015976871576384610e+01
2.550000000000000000e+02 1.477563013844206807e+02 9.026230569322474651e+01
2.550000000000000000e+02 1.477642861973355082e+02 9.015867219275618538e+01
2.550000000000000000e+02 1.478961877711116983e+02 9.020727666193278083e+01
2.550000000000000000e+02 1.481834429856340876e+02 9.041264527722226774e+01
2.550000000000000000e+02 1.483156971857519579e+02 9.047083345409578214e+01
2.550000000000000000e+02 1.483409027234346809e+02 9.051476200137186368e+01
2.550000000000000000e+02 1.482546686761537558e+02 9.051024548589977314e+01
2.550000000000000000e+02 1.480504835328328852e+02 9.024123989218328745e+01
2.550000000000000000e+02 1.477079191181443036e+02 9.011735211430890047e+01
2.550000000000000000e+02 1.475105932817436099e+02 9.004432464809823955e+01
2.550000000000000000e+02 1.475280700228965713e+02 8.990219207991574990e+01
2.550000000000000000e+02 1.478121516003439240e+02 9.006109130606999713e+01
2.550000000000000000e+02 1.478779767942884291e+02 9.007742321923697659e+01
2.550000000000000000e+02 1.479315904897158589e+02 9.021833850196601645e+01
2.550000000000000000e+02 1.479639789776734347e+02 9.006871866214531508e+01
2.550000000000000000e+02 1.477099334357398845e+02 8.994662782946410573e+01
2.550000000000000000e+02 1.471853317102860501e+02 8.963112869412321970e+01
2.550000000000000000e+02 1.467917234250161869e+02 8.954403964872619781e+01
2.550000000000000000e+02 1.462825358181414117e+02 8.916240133708180338e+01
2.550000000000000000e+02 1.465834758330193495e+02 8.925975035987208628e+01
2.550000000000000000e+02 1.464827358007516125e+02 8.925441749026654747e+01
2.550000000000000000e+02 1.482084456424078951e+02 9.012148702045232085e+01
2.550000000000000000e+02 1.481491609425267484e+02 9.021940121148885794e+01
2.550000000000000000e+02 1.483226482721309196e+02 9.030498314156257322e+01
2.550000000000000000e+02 1.482094358944632972e+02 9.013402216232404385e+01
2.550000000000000000e+02 1.481060052749036231e+02 9.006090291665458381e+01
2.550000000000000000e+02 1.482034026026722415e+02 9.015844032886029424e+01
2.550000000000000000e+02 1.484079500333304225e+02 9.029409519945124885e+01
2.550000000000000000e+02 1.485106898917002525e+02 9.032388487957568657e+01
2.550000000000000000e+02 1.487756620197277471e+02 9.041330705542513613e+01
2.550000000000000000e+02 1.489961790762155829e+02 9.056640002318638949e+01
2.550000000000000000e+02 1.489954883150257388e+02 9.059409809774994926e+01
2.550000000000000000e+02 1.488971925146605599e+02 9.050459863393521687e+01
2.550000000000000000e+02 1.488251794529944334e+02 9.038374440869876025e+01
2.550000000000000000e+02 1.490530195441942283e+02 9.035884802287723971e+01
2.550000000000000000e+02 1.491532813571766667e+02 9.055386005081683720e+01
2.550000000000000000e+02 1.493522060883594804e+02 9.059364403095382556e+01
2.550000000000000000e+02 1.494724806538561950e+02 9.052744688867635148e+01
2.550000000000000000e+02 1.495873112482972545e+02 9.054198668714798259e+01
2.550000000000000000e+02 1.479554628099971865e+02 8.994159445072409653e+01
2.550000000000000000e+02 1.482176815542609916e+02 8.997855742012771429e+01
2.550000000000000000e+02 1.480077722710102535e+02 8.989698963375165874e+01
2.550000000000000000e+02 1.479182583157020190e+02 8.965128636157241715e+01
2.550000000000000000e+02 1.473586499724661678e+02 8.946114347544657619e+01
2.550000000000000000e+02 1.470114289578683895e+02 8.922548280825822076e+01
2.550000000000000000e+02 1.466666231921861936e+02 8.897384768474239536e+01
2.550000000000000000e+02 1.468970669217169416e+02 8.905372962737540377e+01
2.550000000000000000e+02 1.473125766841530719e+02 8.944075394410147339e+01
2.550000000000000000e+02 1.475446289694615984e+02 8.966616912539005568e+01
2.550000000000000000e+02 1.478649054671574561e+02 8.970267802799756396e+01
2.550000000000000000e+02 1.482579292621897480e+02 8.982048903960041741e+01
2.550000000000000000e+02 1.482989305277801861e+02 8.992860041155842055e+01
2.550000000000000000e+02 1.480560579273299879e+02 8.986742698702528287e+01
2.550000000000000000e+02 1.478605290361224718e+02 8.962026973499888527e+01
2.550000000000000000e+02 1.477756571892299178e+02 8.949124713793003139e+01
2.550000000000000000e+02 1.479436039378218197e+02 8.961696084398458595e+01
2.550000000000000000e+02 1.480588982600546899e+02 8.976149416958911331e+01
2.550000000000000000e+02 1.481317469978455961e+02 8.979210503434484281e+01
2.550000000000000000e+02 1.481751828343429054e+02 8.977725608401202351e+01
2.550000000000000000e+02 1.481033001961181981e+02 8.978078234742872610e+01
2.550000000000000000e+02 1.481555516911572852e+02 8.976102078080167246e+01
2.550000000000000000e+02 1.481292447999690864e+02 8.963451970360065957e+01
2.550000000000000000e+02 1.479715000627964798e+02 8.943696200330406043e+01
2.550000000000000000e+02 1.478450376295781155e+02 8.960098155715928669e+01
2.550000000000000000e+02 1.478974292090542804e+02 8.963330241814720978e+01
2.550000000000000000e+02 1.481101643335362041e+02 8.965308813726342407e+01
2.550000000000000000e+02 1.483534765092890382e+02 8.973844303393907751e+01
2.550000000000000000e+02 1.484277115999574903e+02 8.990696944227072152e+01
2.550000000000000000e+02 1.481122511085992528e+02 8.970388565245534096e+01
2.550000000000000000e+02 1.477205508699726693e+02 8.954402998773053923e+01
2.550000000000000000e+02 1.476005951173328015e+02 8.946597397327768419e+01
2.550000000000000000e+02 1.478266575853307359e+02 8.962603734940923061e+01
2.550000000000000000e+02 1.479655585504642090e+02 8.958930141340366049e+01
2.550000000000000000e+02 1.483852611850177254e+02 8.993060506815832866e+01
2.550000000000000000e+02 1.482498091953356720e+02 8.973908549015061453e+01
2.550000000000000000e+02 1.483082002531180876e+02 8.986118598382749667e+01
2.550000000000000000e+02 1.483778512013448108e+02 8.978586403114705661e+01
2.550000000000000000e+02 1.482660928035243444e+02 8.984817745316831861e+01
2.550000000000000000e+02 1.482752755799012618e+02 8.979668434628872831e+01
2.550000000000000000e+02 1.483458250007245738e+02 8.977208745133273737e+01
2.550000000000000000e+02 1.483677892743626217e+02 8.984667999884068479e+01
2.550000000000000000e+02 1.484279965993295320e+02 8.991725840265097247e+01
2.550000000000000000e+02 1.485768870339777266e+02 8.999875856205740376e+01
2.550000000000000000e+02 1.490233651180090533e+02 9.026295297993411282e+01
2.550000000000000000e+02 1.488619202194978186e+02 9.015616999487967576e+01
2.550000000000000000e+02 1.489262093151320130e+02 9.005997063057318996e+01
2.550000000000000000e+02 1.488889275328715485e+02 9.012969403626738085e+01
2.550000000000000000e+02 1.488653015679795999e+02 9.014413722478238356e+01
2.550000000000000000e+02 1.489624815233457866e+02 9.035689167125563870e+01
2.550000000000000000e+02 1.490235245244374767e+02 9.035266498565341919e+01
2.550000000000000000e+02 1.492802268401781589e+02 9.031469244220309633e+01
2.550000000000000000e+02 1.494753499695678727e+02 9.044268614323392796e+01
2.550000000000000000e+02 1.495244809630080454e+02 9.049067230868813283e+01
2.550000000000000000e+02 1.492813475156749519e+02 9.043138760880695770e+01
2.550000000000000000e+02 1.487916509675487191e+02 9.008303142721888435e+01
2.550000000000000000e+02 1.483719290110038855e+02 8.990344800935184821e+01
2.550000000000000000e+02 1.483093788945888889e+02 8.982591851916258463e+01
2.550000000000000000e+02 1.483466123718710321e+02 8.985777082186089615e+01
2.550000000000000000e+02 1.485048594808180837e+02 8.991419586702605216e+01
2.550000000000000000e+02 1.486152122037697154e+02 9.008753345119748701e+01
2.550000000000000000e+02 1.487097208938353106e+02 9.014383773391685395e+01
2.550000000000000000e+02 1.489055830893931898e+02 9.020340260267222732e+01
