2.550000000000000000e+02 1.881321938131313232e+02 3.460888888888889170e+01
2.550000000000000000e+02 1.881415845959595856e+02 3.456380366161616280e+01
2.550000000000000000e+02 1.940005650252525129e+02 3.904449179292929273e+01
2.550000000000000000e+02 1.943164330808080820e+02 3.923272411616161293e+01
2.550000000000000000e+02 1.946563857323232298e+02 3.902987689393939519e+01
2.550000000000000000e+02 1.949647032828282818e+02 3.886171085858585883e+01
2.550000000000000000e+02 1.954754640151515162e+02 3.861275568181817874e+01
2.550000000000000000e+02 1.957348768939394006e+02 3.854934027777778027e+01
2.550000000000000000e+02 1.960660858585858648e+02 3.849057133838383749e+01
2.550000000000000000e+02 1.960504545454545564e+02 3.825425189393939718e+01
2.550000000000000000e+02 1.960908080808080740e+02 3.820016729797979593e+01
2.550000000000000000e+02 1.961001041666666538e+02 3.818545770202020151e+01
2.550000000000000000e+02 1.960942487373737322e+02 3.819286931818182040e+01
2.550000000000000000e+02 1.959731439393939354e+02 3.808303345959595987e+01
2.550000000000000000e+02 1.959386616161616246e+02 3.792797348484848641e+01
2.550000000000000000e+02 1.960305555555555657e+02 3.792979797979798207e+01
2.550000000000000000e+02 1.960514930555555679e+02 3.790752840909090793e+01
2.550000000000000000e+02 1.960716003787878776e+02 3.787358585858585514e+01
2.550000000000000000e+02 1.960901736111111120e+02 3.779102904040404098e+01
2.550000000000000000e+02 1.962115277777777749e+02 3.782267045454545240e+01
2.549999589646464528e+02 1.961663352272727252e+02 3.772182449494949452e+01
2.550000000000000000e+02 1.960982512626262633e+02 3.761590909090909207e+01
2.550000000000000000e+02 1.961548611111111029e+02 3.760972537878787847e+01
2.550000000000000000e+02 1.962533964646464710e+02 3.753326704545454362e+01
2.550000000000000000e+02 1.964807449494949481e+02 3.756792613636363853e+01
2.550000000000000000e+02 1.963903756313131339e+02 3.747953598484848214e+01
2.549999842171717148e+02 1.964014204545454447e+02 3.744419823232323097e+01
2.549999968434343316e+02 1.963175252525252574e+02 3.744162563131312993e+01
2.550000000000000000e+02 1.957393434343434251e+02 3.703879419191919453e+01
2.550000000000000000e+02 1.956443655303030198e+02 3.686824494949495090e+01
2.550000000000000000e+02 1.955898863636363672e+02 3.680796085858585798e+01
2.550000000000000000e+02 1.956240530303030312e+02 3.675019570707070926e+01
2.549999968434343316e+02 1.955083648989898961e+02 3.664214646464646563e+01
2.550000000000000000e+02 1.954374305555555509e+02 3.658630681818181785e+01
2.550000000000000000e+02 1.953941382575757473e+02 3.659187184343434041e+01
2.550000000000000000e+02 1.953375505050505012e+02 3.648644886363636175e+01
2.550000000000000000e+02 1.953741666666666674e+02 3.641523989898989555e+01
2.550000000000000000e+02 1.953706597222222285e+02 3.639897411616161804e+01
2.550000000000000000e+02 1.954179040404040393e+02 3.643327020202020350e+01
2.550000000000000000e+02 1.952379135101010093e+02 3.628111111111110887e+01
2.550000000000000000e+02 1.952386616161616075e+02 3.621993371212121104e+01
2.550000000000000000e+02 1.954003030303030357e+02 3.624409722222222285e+01
2.549999558080808129e+02 1.956311994949494988e+02 3.633578598484848499e+01
2.550000000000000000e+02 1.959510763888888789e+02 3.648290719696969830e+01
2.550000000000000000e+02 1.962195612373737390e+02 3.655055239898990038e+01
2.550000000000000000e+02 1.964469286616161696e+02 3.671892676767676988e+01
2.550000000000000000e+02 1.966709595959596015e+02 3.670973484848484958e+01
2.550000000000000000e+02 1.964659753787878742e+02 3.650330176767676704e+01
2.549999968434343316e+02 1.962952588383838304e+02 3.639586805555555316e+01
2.549999905303030232e+02 1.959196338383838452e+02 3.600806818181818159e+01
2.550000000000000000e+02 1.957182165404040290e+02 3.589070707070707300e+01
2.550000000000000000e+02 1.951179387626262667e+02 3.558229797979797837e+01
2.550000000000000000e+02 1.950576010101010240e+02 3.550905618686868337e+01
2.550000000000000000e+02 1.947887784090908951e+02 3.541446338383838111e+01
2.550000000000000000e+02 1.947310479797979781e+02 3.539507260101009933e+01
2.549999463383838361e+02 1.946508522727272634e+02 3.535826073232323097e+01
2.549999968434343316e+02 1.948528882575757564e+02 3.548505997474747176e+01
2.549999179292929341e+02 1.949514804292929284e+02 3.551648674242424164e+01
2.550000000000000000e+02 1.946963762626262735e+02 3.542455492424242181e+01
2.550000000000000000e+02 1.946012531565656616e+02 3.534485479797979934e+01
2.550000000000000000e+02 1.946546559343434240e+02 3.537773674242423994e+01
2.550000000000000000e+02 1.946639867424242425e+02 3.537762626262626497e+01
2.550000000000000000e+02 1.950156123737373832e+02 3.557854166666666629e+01
2.550000000000000000e+02 1.951679198232323245e+02 3.557220959595959897e+01
2.550000000000000000e+02 1.950656313131313198e+02 3.553182449494949680e+01
2.550000000000000000e+02 1.950999558080808072e+02 3.553619002525252313e+01
2.550000000000000000e+02 1.949075094696969757e+02 3.539582070707070471e+01
2.550000000000000000e+02 1.947708933080808151e+02 3.533367424242424448e+01
2.550000000000000000e+02 1.945098768939394063e+02 3.519096906565656724e+01
2.550000000000000000e+02 1.945907007575757461e+02 3.525117424242424136e+01
2.550000000000000000e+02 1.946074779040403939e+02 3.523826073232323353e+01
2.550000000000000000e+02 1.947553535353535494e+02 3.539522411616161435e+01
2.550000000000000000e+02 1.947804324494949526e+02 3.532259785353535619e+01
2.550000000000000000e+02 1.949022632575757541e+02 3.540658143939393909e+01
2.550000000000000000e+02 1.949988320707070670e+02 3.539847537878787875e+01
2.550000000000000000e+02 1.948628472222222285e+02 3.525858270202019895e+01
2.550000000000000000e+02 1.949978314393939343e+02 3.530270517676767383e+01
2.550000000000000000e+02 1.946044002525252665e+02 3.506202020202020009e+01
2.550000000000000000e+02 1.944958838383838327e+02 3.506267361111110858e+01
2.550000000000000000e+02 1.945973327020201964e+02 3.498604482323232645e+01
2.550000000000000000e+02 1.948838131313131328e+02 3.516380050505050292e+01
2.550000000000000000e+02 1.951075694444444366e+02 3.536899305555555628e+01
2.550000000000000000e+02 1.951656092171717205e+02 3.534928345959595930e+01
2.550000000000000000e+02 1.952291540404040404e+02 3.532378156565656724e+01
2.550000000000000000e+02 1.952343371212121212e+02 3.529662247474747261e+01
2.550000000000000000e+02 1.951182481060606051e+02 3.525629103535353437e+01
2.550000000000000000e+02 1.953869160353535221e+02 3.534345328282828547e+01
2.550000000000000000e+02 1.954796622474747494e+02 3.522622474747474541e+01
2.550000000000000000e+02 1.956973895202020230e+02 3.534439709595959300e+01
2.549999936868686916e+02 1.958374084595959630e+02 3.532974431818181671e+01
2.550000000000000000e+02 1.956783301767676733e+02 3.519904671717171851e+01
2.550000000000000000e+02 1.957640119949494988e+02 3.517958333333333343e+01
2.550000000000000000e+02 1.956752556818181858e+02 3.515725063131313277e+01
2.550000000000000000e+02 1.953710669191919180e+02 3.488222853535353352e+01
2.549999842171717148e+02 1.952594728535353568e+02 3.472193181818181529e+01
2.550000000000000000e+02 1.950851893939394017e+02 3.453399305555555543e+01
2.550000000000000000e+02 1.948683143939393858e+02 3.442537247474747630e+01
2.550000000000000000e+02 1.947068150252525243e+02 3.433567550505050292e+01
2.550000000000000000e+02 1.944576388888888800e+02 3.405926452020202078e+01
2.549999905303030232e+02 1.943542424242424147e+02 3.408757575757575609e+01
2.550000000000000000e+02 1.945045833333333292e+02 3.416577967171717489e+01
2.550000000000000000e+02 1.945789457070707158e+02 3.419216540404040217e+01
2.550000000000000000e+02 1.950885669191919192e+02 3.445666351010100925e+01
2.550000000000000000e+02 1.954478251262626145e+02 3.468379419191919055e+01
2.550000000000000000e+02 1.955914330808080877e+02 3.469468750000000057e+01
2.550000000000000000e+02 1.956595044191919328e+02 3.467584595959596072e+01
2.550000000000000000e+02 1.958261900252525152e+02 3.464786300505050320e+01
2.550000000000000000e+02 1.955111805555555691e+02 3.446690025252524947e+01
2.550000000000000000e+02 1.952671306818181733e+02 3.422387941919191690e+01
2.550000000000000000e+02 1.951931218434343407e+02 3.422364583333333599e+01
2.550000000000000000e+02 1.951389141414141477e+02 3.417723484848485072e+01
2.550000000000000000e+02 1.949399621212121190e+02 3.405526199494949680e+01
2.550000000000000000e+02 1.947982070707070648e+02 3.396903724747474485e+01
2.550000000000000000e+02 1.945313415404040427e+02 3.374938762626262445e+01
2.550000000000000000e+02 1.943722790404040381e+02 3.367976641414141170e+01
2.550000000000000000e+02 1.943603724747474644e+02 3.372746527777777459e+01
2.550000000000000000e+02 1.942927556818181927e+02 3.363166666666666771e+01
2.549999810606060464e+02 1.941867013888888778e+02 3.367954545454545467e+01
2.549999873737373832e+02 1.943961994949494851e+02 3.385744318181818358e+01
2.550000000000000000e+02 1.945007007575757711e+02 3.387835227272726968e+01
2.550000000000000000e+02 1.945348232323232196e+02 3.393850694444444116e+01
2.550000000000000000e+02 1.946111426767676846e+02 3.383753472222222314e+01
2.550000000000000000e+02 1.947116193181818176e+02 3.393722222222222484e+01
2.550000000000000000e+02 1.947419886363636294e+02 3.396666035353535307e+01
2.550000000000000000e+02 1.947494223484848419e+02 3.389681818181818329e+01
2.550000000000000000e+02 1.946817676767676630e+02 3.393494002525252284e+01
2.550000000000000000e+02 1.944790751262626145e+02 3.374507260101010075e+01
2.550000000000000000e+02 1.946876483585858466e+02 3.384993686868686780e+01
2.550000000000000000e+02 1.946535069444444446e+02 3.378169823232322955e+01
2.550000000000000000e+02 1.948575915404040302e+02 3.386116477272727110e+01
2.549998863636363637e+02 1.950817329545454584e+02 3.395486111111111427e+01
2.550000000000000000e+02 1.954058080808080717e+02 3.405820391414141568e+01
2.550000000000000000e+02 1.953501893939393881e+02 3.400367739898990038e+01
2.550000000000000000e+02 1.952464898989898927e+02 3.394596275252525430e+01
2.550000000000000000e+02 1.947604703282828211e+02 3.359678030303030027e+01
2.550000000000000000e+02 1.944712342171717125e+02 3.339786931818181870e+01
2.550000000000000000e+02 1.944783996212121338e+02 3.336388573232323296e+01
2.550000000000000000e+02 1.944926136363636431e+02 3.339809027777777573e+01
2.550000000000000000e+02 1.946237752525252631e+02 3.344885101010100925e+01
2.550000000000000000e+02 1.948138194444444480e+02 3.360916982323232105e+01
2.549999968434343316e+02 1.948745864898990021e+02 3.360837121212121303e+01
2.550000000000000000e+02 1.947056944444444468e+02 3.333620896464646677e+01
2.550000000000000000e+02 1.944759027777777760e+02 3.325642361111111001e+01
2.550000000000000000e+02 1.948533017676767543e+02 3.353098484848484873e+01
2.550000000000000000e+02 1.950090814393939525e+02 3.358458964646464295e+01
2.550000000000000000e+02 1.947993402777777874e+02 3.337769570707070699e+01
2.550000000000000000e+02 1.948407196969696997e+02 3.339158143939393852e+01
2.550000000000000000e+02 1.948479545454545416e+02 3.336889835858585940e+01
2.550000000000000000e+02 1.945556186868686837e+02 3.321467487373737271e+01
2.550000000000000000e+02 1.942278377525252608e+02 3.298928977272727536e+01
2.550000000000000000e+02 1.943439898989898893e+02 3.302734217171717290e+01
2.550000000000000000e+02 1.944000031565656457e+02 3.302346906565656326e+01
2.550000000000000000e+02 1.944202304292929284e+02 3.300871843434343589e+01
2.550000000000000000e+02 1.945523137626262553e+02 3.301105113636363342e+01
2.550000000000000000e+02 1.945412941919191780e+02 3.309227272727272862e+01
2.550000000000000000e+02 1.946281660353535301e+02 3.305536931818181756e+01
2.550000000000000000e+02 1.947653093434343532e+02 3.305992739898989896e+01
2.550000000000000000e+02 1.947617171717171800e+02 3.315634154040404269e+01
2.550000000000000000e+02 1.947205776515151570e+02 3.307663510101009763e+01
2.550000000000000000e+02 1.946126199494949560e+02 3.296088068181818187e+01
2.550000000000000000e+02 1.945353977272727377e+02 3.296681818181818358e+01
2.550000000000000000e+02 1.945015404040404121e+02 3.295110164141414089e+01
2.550000000000000000e+02 1.944886710858585843e+02 3.285757260101009791e+01
2.550000000000000000e+02 1.944268055555555463e+02 3.283573547979798235e+01
2.550000000000000000e+02 1.943823074494949594e+02 3.280489898989898734e+01
2.550000000000000000e+02 1.944536174242424238e+02 3.281477904040404070e+01
2.550000000000000000e+02 1.945288604797979701e+02 3.285426136363636118e+01
2.550000000000000000e+02 1.945889015151515196e+02 3.286250315656565846e+01
2.550000000000000000e+02 1.943366445707070795e+02 3.258186553030302690e+01
2.550000000000000000e+02 1.941386521464646364e+02 3.247976957070707016e+01
2.549999968434343316e+02 1.942891477272727343e+02 3.259853535353535392e+01
2.550000000000000000e+02 1.942618560606060498e+02 3.256462436868687149e+01
2.550000000000000000e+02 1.943164551767676755e+02 3.252193497474747375e+01
2.550000000000000000e+02 1.941392045454545325e+02 3.244862373737373673e+01
2.550000000000000000e+02 1.938373895202020094e+02 3.226416351010100669e+01
2.550000000000000000e+02 1.935433522727272759e+02 3.209341856060606091e+01
2.550000000000000000e+02 1.932552114898989828e+02 3.201675505050504711e+01
2.550000000000000000e+02 1.931736805555555634e+02 3.195015782828282980e+01
2.550000000000000000e+02 1.919742866161616064e+02 3.156775568181818059e+01
2.550000000000000000e+02 1.918757796717171686e+02 3.145636047979797922e+01
2.550000000000000000e+02 1.917601262626262724e+02 3.146630366161616266e+01
2.550000000000000000e+02 1.917451641414141363e+02 3.141824494949494806e+01
2.550000000000000000e+02 1.917219286616161753e+02 3.143543876262626213e+01
2.549999368686868593e+02 1.921544412878787966e+02 3.152440972222222371e+01
2.549999526515151445e+02 1.924575694444444309e+02 3.180479482323232432e+01
2.550000000000000000e+02 1.930924021464646501e+02 3.217831755050504938e+01
2.549999968434343316e+02 1.936489678030303025e+02 3.234809343434343276e+01
2.550000000000000000e+02 1.936894476010101016e+02 3.226306818181818414e+01
2.550000000000000000e+02 1.937517676767676846e+02 3.231760416666666913e+01
2.550000000000000000e+02 1.934608333333333405e+02 3.210213068181818130e+01
2.550000000000000000e+02 1.931823232323232276e+02 3.195732007575757549e+01
2.550000000000000000e+02 1.932481944444444366e+02 3.192475063131313107e+01
2.550000000000000000e+02 1.932422948232323279e+02 3.192602588383838480e+01
2.550000000000000000e+02 1.934072064393939456e+02 3.200809659090909065e+01
2.550000000000000000e+02 1.933879419191919169e+02 3.198344381313131279e+01
2.550000000000000000e+02 1.935971811868686814e+02 3.210417613636363399e+01
2.549999873737373832e+02 1.947175441919191883e+02 3.256407828282828376e+01
2.550000000000000000e+02 1.949658964646464767e+02 3.265196338383838537e+01
2.549999905303030232e+02 1.950774116161616121e+02 3.266937500000000227e+01
2.550000000000000000e+02 1.949350189393939274e+02 3.258688131313131464e+01
2.550000000000000000e+02 1.945793529040404053e+02 3.228949810606060566e+01
2.550000000000000000e+02 1.941951325757575830e+02 3.199207702020202149e+01
2.550000000000000000e+02 1.940124589646464699e+02 3.185698547979798079e+01
2.550000000000000000e+02 1.943285637626262599e+02 3.197685921717171809e+01
2.550000000000000000e+02 1.942448327020202044e+02 3.191444128787878753e+01
2.550000000000000000e+02 1.942012026515151604e+02 3.189261994949495005e+01
2.550000000000000000e+02 1.941856155303030391e+02 3.184141414141414117e+01
2.550000000000000000e+02 1.942455239898989987e+02 3.193585858585858617e+01
2.550000000000000000e+02 1.944689299242424170e+02 3.206382891414141767e+01
2.550000000000000000e+02 1.945127872474747335e+02 3.198428661616161506e+01
2.550000000000000000e+02 1.945613541666666606e+02 3.199490845959595831e+01
2.550000000000000000e+02 1.947015119949494988e+02 3.195818181818181714e+01
2.550000000000000000e+02 1.945082323232323347e+02 3.182097537878787818e+01
2.550000000000000000e+02 1.942631344696969791e+02 3.167515151515151572e+01
2.550000000000000000e+02 1.942403251262626327e+02 3.162087436868687007e+01
2.550000000000000000e+02 1.942587058080808049e+02 3.161674242424242465e+01
2.550000000000000000e+02 1.940803188131312993e+02 3.148593434343434438e+01
2.549998958333333405e+02 1.940447727272727150e+02 3.149362058080808069e+01
2.549999842171717148e+02 1.939126862373737481e+02 3.137875631313131208e+01
2.550000000000000000e+02 1.937987026515151570e+02 3.130766098484848570e+01
2.550000000000000000e+02 1.938368939393939456e+02 3.122524305555555557e+01
2.550000000000000000e+02 1.937900505050505160e+02 3.122348169191919354e+01
2.550000000000000000e+02 1.937244539141414066e+02 3.116427083333333314e+01
2.550000000000000000e+02 1.934183270202020140e+02 3.091764204545454575e+01
2.550000000000000000e+02 1.935498705808080899e+02 3.094688131313131407e+01
2.550000000000000000e+02 1.934858333333333462e+02 3.093741161616161506e+01
2.550000000000000000e+02 1.932723768939393949e+02 3.084263257575757677e+01
2.550000000000000000e+02 1.931667834595959619e+02 3.078360479797979821e+01
2.550000000000000000e+02 1.931071559343434387e+02 3.072943497474747332e+01
2.550000000000000000e+02 1.929985227272727286e+02 3.070966856060606176e+01
2.550000000000000000e+02 1.929985511363636306e+02 3.070917929292929216e+01
2.550000000000000000e+02 1.929038510101010218e+02 3.060539457070706959e+01
2.550000000000000000e+02 1.927707449494949401e+02 3.043559659090909264e+01
2.550000000000000000e+02 1.928052904040403916e+02 3.050970328282828348e+01
2.550000000000000000e+02 1.929983554292929284e+02 3.062300820707070770e+01
2.550000000000000000e+02 1.930694128787878867e+02 3.067125631313131251e+01
2.550000000000000000e+02 1.931248484848484850e+02 3.071107323232323338e+01
2.550000000000000000e+02 1.932792297979798093e+02 3.077470643939393824e+01
2.550000000000000000e+02 1.932616287878787773e+02 3.067438762626262516e+01
2.550000000000000000e+02 1.933396054292929307e+02 3.062306818181818358e+01
2.550000000000000000e+02 1.931290688131313118e+02 3.062365845959595845e+01
2.550000000000000000e+02 1.932220833333333303e+02 3.058184027777777914e+01
2.550000000000000000e+02 1.931041130050504933e+02 3.044893623737373645e+01
2.549999936868686916e+02 1.930798011363636419e+02 3.042611742424242394e+01
2.550000000000000000e+02 1.932739678030303025e+02 3.050620265151515298e+01
2.550000000000000000e+02 1.933567203282828189e+02 3.056933396464646435e+01
2.550000000000000000e+02 1.934258964646464563e+02 3.052592487373737384e+01
2.550000000000000000e+02 1.934756881313131203e+02 3.051540404040403942e+01
2.550000000000000000e+02 1.934813257575757461e+02 3.056200757575757621e+01
2.550000000000000000e+02 1.935989520202020060e+02 3.062925189393939363e+01
2.550000000000000000e+02 1.936002146464646501e+02 3.066798926767676647e+01
2.550000000000000000e+02 1.938166414141414009e+02 3.072360164141414174e+01
2.550000000000000000e+02 1.941585479797979872e+02 3.085030934343434339e+01
2.550000000000000000e+02 1.941345928030303014e+02 3.077264520202020037e+01
2.550000000000000000e+02 1.941564898989898893e+02 3.079244949494949424e+01
2.550000000000000000e+02 1.936022095959596072e+02 3.036187500000000128e+01
2.550000000000000000e+02 1.935069412878787887e+02 3.027234848484848584e+01
2.550000000000000000e+02 1.934271433080808151e+02 3.028339015151515312e+01
2.550000000000000000e+02 1.935579640151515264e+02 3.028883207070706973e+01
2.550000000000000000e+02 1.934942992424242334e+02 3.028384154040404042e+01
2.550000000000000000e+02 1.935181881313131385e+02 3.023399936868687021e+01
2.550000000000000000e+02 1.935450568181818198e+02 3.027384785353535435e+01
2.549999810606060464e+02 1.935300726010100902e+02 3.021856060606060623e+01
2.550000000000000000e+02 1.938033933080808140e+02 3.028285669191919283e+01
2.550000000000000000e+02 1.938773737373737447e+02 3.035521148989899132e+01
2.549999905303030232e+02 1.939395801767676630e+02 3.038451704545454390e+01
2.550000000000000000e+02 1.939501799242424340e+02 3.025315656565656397e+01
2.550000000000000000e+02 1.942756376262626361e+02 3.053736426767676804e+01
2.550000000000000000e+02 1.944479766414141295e+02 3.058771464646464722e+01
2.550000000000000000e+02 1.943022032828282875e+02 3.034261363636363740e+01
2.550000000000000000e+02 1.942704450757575785e+02 3.024390151515151359e+01
2.550000000000000000e+02 1.942117550505050474e+02 3.026925820707070613e+01
2.550000000000000000e+02 1.938027714646464688e+02 3.000859532828282994e+01
2.550000000000000000e+02 1.934794381313131453e+02 2.971837436868687021e+01
2.550000000000000000e+02 1.932592203282828223e+02 2.962458017676767597e+01
2.550000000000000000e+02 1.932822380050505160e+02 2.960512310606060637e+01
2.549999936868686916e+02 1.933152146464646535e+02 2.965245896464646336e+01
2.550000000000000000e+02 1.932580681818181745e+02 2.971090593434343319e+01
2.550000000000000000e+02 1.931988731060606028e+02 2.959195707070707115e+01
2.550000000000000000e+02 1.928588257575757439e+02 2.933591540404040288e+01
2.550000000000000000e+02 1.927373832070707067e+02 2.929246527777777942e+01
2.549999968434343316e+02 1.927451483585858512e+02 2.926714330808080788e+01
2.550000000000000000e+02 1.927238794191919169e+02 2.919518623737373630e+01
2.550000000000000000e+02 1.930165719696969688e+02 2.935683396464646577e+01
2.550000000000000000e+02 1.930487279040403905e+02 2.947650883838383962e+01
2.550000000000000000e+02 1.930353882575757609e+02 2.941602904040404098e+01
2.550000000000000000e+02 1.931106723484848544e+02 2.945362373737373574e+01
2.550000000000000000e+02 1.931531723484848442e+02 2.939330176767676761e+01
2.550000000000000000e+02 1.931771590909091003e+02 2.945134785353535278e+01
2.550000000000000000e+02 1.932761742424242470e+02 2.943997159090909221e+01
2.550000000000000000e+02 1.932347127525252404e+02 2.951763888888888943e+01
2.550000000000000000e+02 1.931736679292929182e+02 2.943042297979798150e+01
