2.550000000000000000e+02 1.725737618398518123e+02 2.139204152249135049e+01
2.550000000000000000e+02 1.725672923001642687e+02 2.137500961168781188e+01
2.550000000000000000e+02 1.837690573555625519e+02 3.063874733494110814e+01
2.550000000000000000e+02 1.838060046835133221e+02 3.058953898850092656e+01
2.550000000000000000e+02 1.841195589109083812e+02 3.045950508545664093e+01
2.550000000000000000e+02 1.846214183356051990e+02 3.030759847611058788e+01
2.550000000000000000e+02 1.850397504456327908e+02 2.982416553073992560e+01
2.550000000000000000e+02 1.852600573206109402e+02 2.967829855649925008e+01
2.550000000000000000e+02 1.852607773234070692e+02 2.946903987976652317e+01
2.550000000000000000e+02 1.854574534270035997e+02 2.944696445423089060e+01
2.550000000000000000e+02 1.854684072559504955e+02 2.933552829331376088e+01
2.550000000000000000e+02 1.854402083114885897e+02 2.932982419349201209e+01
2.549999895145223832e+02 1.854362238299954697e+02 2.932238649470483338e+01
2.549998811645870376e+02 1.853876550976897022e+02 2.916871133480130140e+01
2.550000000000000000e+02 1.854035091398413329e+02 2.917644262696165924e+01
2.550000000000000000e+02 1.853137254901960773e+02 2.912906923910384194e+01
2.549999300968159162e+02 1.854504875747090296e+02 2.911997133969452278e+01
2.550000000000000000e+02 1.854528013701024065e+02 2.902645486001887321e+01
2.550000000000000000e+02 1.853743105798469060e+02 2.890368739296074807e+01
2.550000000000000000e+02 1.856421830764391245e+02 2.906399986019363268e+01
2.549999965048407944e+02 1.857230995071825532e+02 2.905843207158086017e+01
2.550000000000000000e+02 1.856702457096920682e+02 2.889528153507392361e+01
2.550000000000000000e+02 1.857270595225612624e+02 2.887378281080703246e+01
2.550000000000000000e+02 1.857210653245255401e+02 2.889146831638181112e+01
2.550000000000000000e+02 1.857408164691901789e+02 2.883263779665163895e+01
2.550000000000000000e+02 1.859237600922722038e+02 2.886958512460242687e+01
2.549999965048407944e+02 1.859710076543986474e+02 2.884975359127608385e+01
2.549999790290447663e+02 1.861150326797385617e+02 2.893633567508999960e+01
2.550000000000000000e+02 1.862215127049037164e+02 2.882530495264059311e+01
2.550000000000000000e+02 1.861835657614204251e+02 2.872830030407885005e+01
2.550000000000000000e+02 1.863649225822236133e+02 2.877148299605046944e+01
2.550000000000000000e+02 1.863729160113243211e+02 2.874316521617559772e+01
2.550000000000000000e+02 1.865821257558281729e+02 2.880791653559819565e+01
2.550000000000000000e+02 1.866306665268602956e+02 2.882519310754604902e+01
2.549999196113382993e+02 1.866981790220544610e+02 2.876683443430848186e+01
2.550000000000000000e+02 1.866497605815944780e+02 2.872021600083883897e+01
2.550000000000000000e+02 1.864328125546118713e+02 2.863073992520359212e+01
2.550000000000000000e+02 1.860934500716507500e+02 2.817746670860857705e+01
2.550000000000000000e+02 1.859364090734332819e+02 2.813969102792632171e+01
2.550000000000000000e+02 1.863041837055677945e+02 2.812795777847680867e+01
2.550000000000000000e+02 1.864481003809723632e+02 2.840766138897626902e+01
2.550000000000000000e+02 1.858074307084687575e+02 2.787176260878683109e+01
2.550000000000000000e+02 1.857466953269721444e+02 2.785117262591311160e+01
2.550000000000000000e+02 1.856762503932054074e+02 2.779608542169095742e+01
2.550000000000000000e+02 1.857092796476879641e+02 2.781838803257488379e+01
2.550000000000000000e+02 1.856577120687847469e+02 2.769924155045262282e+01
2.550000000000000000e+02 1.855460382370416994e+02 2.768684422075425644e+01
2.549998566984726267e+02 1.855498165041417735e+02 2.767353465450351280e+01
2.550000000000000000e+02 1.855671140470448393e+02 2.762870923770577747e+01
2.549999720387263551e+02 1.855242738806752527e+02 2.759672853098458489e+01
2.550000000000000000e+02 1.854360665478312455e+02 2.750555730313515923e+01
2.550000000000000000e+02 1.855455978469819343e+02 2.752824088637237310e+01
2.550000000000000000e+02 1.855188389081122580e+02 2.751917793855509942e+01
2.550000000000000000e+02 1.854152214183356193e+02 2.739703610499458364e+01
2.550000000000000000e+02 1.854577749816504024e+02 2.745276991366956665e+01
2.550000000000000000e+02 1.855211457131872237e+02 2.747887525776799222e+01
2.549999930096815888e+02 1.855080004194190906e+02 2.745171437558980898e+01
2.549999825242039719e+02 1.852671664744329121e+02 2.716282199154171551e+01
2.550000000000000000e+02 1.855754569920659947e+02 2.736685540526370986e+01
2.550000000000000000e+02 1.856808220614448999e+02 2.744629687882283164e+01
2.550000000000000000e+02 1.856692950263884541e+02 2.742213833840131443e+01
2.549999650484079439e+02 1.857169235608681959e+02 2.732559505085456664e+01
2.550000000000000000e+02 1.855481947502708806e+02 2.724049141938415275e+01
2.550000000000000000e+02 1.856210653245255457e+02 2.724101918842403336e+01
2.550000000000000000e+02 1.855470832896438367e+02 2.717668728810597401e+01
2.550000000000000000e+02 1.855691447345426468e+02 2.716867987836845799e+01
2.550000000000000000e+02 1.854379714095977079e+02 2.705261263150536521e+01
2.550000000000000000e+02 1.854133724791164184e+02 2.702590961518297163e+01
2.549999860193631775e+02 1.853174023976792171e+02 2.690374681066722573e+01
2.550000000000000000e+02 1.852860193631819925e+02 2.686716297927370434e+01
2.550000000000000000e+02 1.852413512285484671e+02 2.682822690573555491e+01
2.550000000000000000e+02 1.852364719862989659e+02 2.674885533536052407e+01
2.550000000000000000e+02 1.850990283457411465e+02 2.660651148159798751e+01
2.550000000000000000e+02 1.848735381496627213e+02 2.652064241026178593e+01
2.550000000000000000e+02 1.846918143371430574e+02 2.643305721575617895e+01
2.550000000000000000e+02 1.847228338750830119e+02 2.649752193212400897e+01
2.550000000000000000e+02 1.843066023557373114e+02 2.621650064660445167e+01
2.550000000000000000e+02 1.832618643179196738e+02 2.569351298451644539e+01
2.549999895145223832e+02 1.830873929607493551e+02 2.563953025060291324e+01
2.550000000000000000e+02 1.827358847995526219e+02 2.551712278494285258e+01
2.550000000000000000e+02 1.796551361364510058e+02 2.405304253608751708e+01
2.550000000000000000e+02 1.794325783789451521e+02 2.395164796756492365e+01
2.550000000000000000e+02 1.767630736430044465e+02 2.279840620740274559e+01
2.550000000000000000e+02 1.767319807067212025e+02 2.299142287931215378e+01
2.550000000000000000e+02 1.767108664499668009e+02 2.312883506343714046e+01
2.550000000000000000e+02 1.767903568557547658e+02 2.334461570724546675e+01
2.550000000000000000e+02 1.757343154730697847e+02 2.304320715808605158e+01
2.550000000000000000e+02 1.761204047394358838e+02 2.329888154905455977e+01
2.550000000000000000e+02 1.767401139421900780e+02 2.379531648666596766e+01
2.550000000000000000e+02 1.769493726189227800e+02 2.394819475027087563e+01
2.550000000000000000e+02 1.776330991576666349e+02 2.438787529271958476e+01
2.550000000000000000e+02 1.766014260249554297e+02 2.400263535004019388e+01
2.550000000000000000e+02 1.738278494285414695e+02 2.282280241865016990e+01
2.550000000000000000e+02 1.737255845653769484e+02 2.285742546572996403e+01
2.550000000000000000e+02 1.737857327601272175e+02 2.297002551466219344e+01
2.550000000000000000e+02 1.750648456887211353e+02 2.388894830659536694e+01
2.550000000000000000e+02 1.751882317989584408e+02 2.392470378525741737e+01
2.550000000000000000e+02 1.766680612351892705e+02 2.486311208975568832e+01
2.550000000000000000e+02 1.773390164621998508e+02 2.515663555974974486e+01
2.550000000000000000e+02 1.776838069274055556e+02 2.538995141728705818e+01
2.550000000000000000e+02 1.778192897836496513e+02 2.556642200552235167e+01
2.550000000000000000e+02 1.778781272936982418e+02 2.574252909720037863e+01
2.550000000000000000e+02 1.768750340778022405e+02 2.534245569885708349e+01
2.549999685435671495e+02 1.760324700290098292e+02 2.485987557233232081e+01
2.550000000000000000e+02 1.756440914333647925e+02 2.493538149662717274e+01
2.549999405822935330e+02 1.756036629268463116e+02 2.506109538289469185e+01
2.550000000000000000e+02 1.766409038481702964e+02 2.588551256509733989e+01
2.550000000000000000e+02 1.767554122540281583e+02 2.605596099402327681e+01
2.550000000000000000e+02 1.769071231344587716e+02 2.624631784977805893e+01
2.550000000000000000e+02 1.773378071371151066e+02 2.652824438153157871e+01
2.550000000000000000e+02 1.777176190975498855e+02 2.675559050714760190e+01
2.550000000000000000e+02 1.777724721261053560e+02 2.681941910454021283e+01
2.550000000000000000e+02 1.793790884624794728e+02 2.778628499528153384e+01
2.550000000000000000e+02 1.795048547761350619e+02 2.764569920659885938e+01
2.550000000000000000e+02 1.790461011499073720e+02 2.736351403306420593e+01
2.550000000000000000e+02 1.790734158190905703e+02 2.715589458599839290e+01
2.550000000000000000e+02 1.798146517073852806e+02 2.766519869980077573e+01
2.550000000000000000e+02 1.793310265282583487e+02 2.737636573345915991e+01
2.550000000000000000e+02 1.806637132571388520e+02 2.810666526860298475e+01
2.550000000000000000e+02 1.800101569326482718e+02 2.766977036804026469e+01
2.549999790290447663e+02 1.797856034392366666e+02 2.748559644891824760e+01
2.550000000000000000e+02 1.795955926042431372e+02 2.730009436929852029e+01
2.550000000000000000e+02 1.797757820418720200e+02 2.741622452902729634e+01
2.550000000000000000e+02 1.797864422774457296e+02 2.752404669532697312e+01
2.550000000000000000e+02 1.799512984516444760e+02 2.753324245919401747e+01
2.550000000000000000e+02 1.803660480234874797e+02 2.771777987487330108e+01
2.550000000000000000e+02 1.804280486526161269e+02 2.786370277166124865e+01
2.550000000000000000e+02 1.804526370976197995e+02 2.767650204466813335e+01
2.550000000000000000e+02 1.803930201670686131e+02 2.774374890776274682e+01
2.550000000000000000e+02 1.799673936597812087e+02 2.735545419593862349e+01
2.550000000000000000e+02 1.796440564817727363e+02 2.713904791863269494e+01
2.550000000000000000e+02 1.797122400475341522e+02 2.711030372933486987e+01
2.549999685435671495e+02 1.794937261892279139e+02 2.696800531264199208e+01
2.550000000000000000e+02 1.796813358498479545e+02 2.710875187864807145e+01
2.550000000000000000e+02 1.797289049666212293e+02 2.700308972073677793e+01
2.550000000000000000e+02 1.797466848414945275e+02 2.694675474467862131e+01
2.549999965048407944e+02 1.797573765335010876e+02 2.698077312921603621e+01
2.550000000000000000e+02 1.796687392960749321e+02 2.693164866659676449e+01
2.550000000000000000e+02 1.797996819405123858e+02 2.697982943623081908e+01
2.550000000000000000e+02 1.796856698472615506e+02 2.689580231379539299e+01
2.550000000000000000e+02 1.799666666666666686e+02 2.699874174268638072e+01
2.549999790290447663e+02 1.798741358218866822e+02 2.699067491524239060e+01
2.550000000000000000e+02 1.800035440914333549e+02 2.697273076788647828e+01
2.550000000000000000e+02 1.798958127992730169e+02 2.681523539897242259e+01
2.550000000000000000e+02 1.788880850022718505e+02 2.640882527699136872e+01
2.550000000000000000e+02 1.790150746216490063e+02 2.627539407920030712e+01
2.550000000000000000e+02 1.789792841913949246e+02 2.617558631295655402e+01
2.550000000000000000e+02 1.791106182936632649e+02 2.626271364160637489e+01
2.549999685435671495e+02 1.793449267764146668e+02 2.637709272657369652e+01
2.550000000000000000e+02 1.795784733144594725e+02 2.645408758868966359e+01
2.550000000000000000e+02 1.798752402921953149e+02 2.662701408549159510e+01
2.550000000000000000e+02 1.798425325923595892e+02 2.666514277725350368e+01
2.550000000000000000e+02 1.799249239802873035e+02 2.662507427213309441e+01
2.549998322323581874e+02 1.799983363042186681e+02 2.657314669183181266e+01
2.550000000000000000e+02 1.800074761455384191e+02 2.657567718709587368e+01
2.550000000000000000e+02 1.791299465240641666e+02 2.599651882143231774e+01
2.549999685435671495e+02 1.787182691971619306e+02 2.582053056516724254e+01
2.550000000000000000e+02 1.789244870853867440e+02 2.589137394708328799e+01
2.550000000000000000e+02 1.792163293838034406e+02 2.597548145818042187e+01
2.549999720387263551e+02 1.792506693229876760e+02 2.604755863129565441e+01
2.550000000000000000e+02 1.790795672992904883e+02 2.595801964279472784e+01
2.550000000000000000e+02 1.791572052707000751e+02 2.594246268917549259e+01
2.549999965048407944e+02 1.792890217049386479e+02 2.599595959595959727e+01
2.550000000000000000e+02 1.790732899933591966e+02 2.593128167488029234e+01
2.550000000000000000e+02 1.790495578623606434e+02 2.582078571178917059e+01
2.550000000000000000e+02 1.788355981964978412e+02 2.563314808989549576e+01
2.550000000000000000e+02 1.788154346230470821e+02 2.551856279053511045e+01
2.550000000000000000e+02 1.785523155429729911e+02 2.541895075320680775e+01
2.549999930096815888e+02 1.785805878857781863e+02 2.543140400545244972e+01
2.550000000000000000e+02 1.783885498584460549e+02 2.527948691062877984e+01
2.550000000000000000e+02 1.782566775016601923e+02 2.520962916360840111e+01
2.550000000000000000e+02 1.781807137115095543e+02 2.512921254063122589e+01
2.550000000000000000e+02 1.783257663136555777e+02 2.519763727237775797e+01
2.550000000000000000e+02 1.785633043235119430e+02 2.533363042186571690e+01
2.549999930096815888e+02 1.785559190521128130e+02 2.526753346614938422e+01
2.550000000000000000e+02 1.785988745587361564e+02 2.534408444304638053e+01
2.550000000000000000e+02 1.789685470623186916e+02 2.539295375904372420e+01
2.550000000000000000e+02 1.792002306805075023e+02 2.557933661878298537e+01
2.549999440774527386e+02 1.793911153053021508e+02 2.562441019188424107e+01
2.550000000000000000e+02 1.793777498165041493e+02 2.554346929502638730e+01
2.550000000000000000e+02 1.796631610219845641e+02 2.573905840411030610e+01
2.550000000000000000e+02 1.797534200132816125e+02 2.577053930306525587e+01
2.550000000000000000e+02 1.798836321694453204e+02 2.574699940582293678e+01
2.549999860193631775e+02 1.794014749571842913e+02 2.534634231589248898e+01
2.549999405822935330e+02 1.791589982873719862e+02 2.516815560448778299e+01
2.550000000000000000e+02 1.790216839677047176e+02 2.506008178672538378e+01
2.550000000000000000e+02 1.791070462409562651e+02 2.510631924784173918e+01
2.549999965048407944e+02 1.790394323861451937e+02 2.508295410855964391e+01
2.550000000000000000e+02 1.788132676243402841e+02 2.479497046590472209e+01
2.550000000000000000e+02 1.789567578903219101e+02 2.492182726923211433e+01
2.550000000000000000e+02 1.790067701233791126e+02 2.494274579707105488e+01
2.550000000000000000e+02 1.791046101149907486e+02 2.499888853937296673e+01
2.549999965048407944e+02 1.792078501275733231e+02 2.494117297542902989e+01
2.549999475726119442e+02 1.790630177204571680e+02 2.494773688441508597e+01
2.550000000000000000e+02 1.791384467512495178e+02 2.499141239383454050e+01
2.550000000000000000e+02 1.791738527139911241e+02 2.486056062353640073e+01
2.550000000000000000e+02 1.790190556079829491e+02 2.483226730977596119e+01
2.550000000000000000e+02 1.793456013421411228e+02 2.499364929572541882e+01
2.550000000000000000e+02 1.793530285554506918e+02 2.501633287896263624e+01
2.550000000000000000e+02 1.797684142462689181e+02 2.526899793785607073e+01
2.550000000000000000e+02 1.798329908077312780e+02 2.537412533640907242e+01
2.550000000000000000e+02 1.796576107091678125e+02 2.516076334277026305e+01
2.550000000000000000e+02 1.792239418405508502e+02 2.478914753067002152e+01
2.550000000000000000e+02 1.786296808919646253e+02 2.460944042501136053e+01
2.549999650484079439e+02 1.788942924050190584e+02 2.461391422879312074e+01
2.549999965048407944e+02 1.787351438258012593e+02 2.456606549928349281e+01
2.550000000000000000e+02 1.788436160917129882e+02 2.460763692286183613e+01
2.550000000000000000e+02 1.788736430044388612e+02 2.459875572332319749e+01
2.550000000000000000e+02 1.787453601761560265e+02 2.458797315717730925e+01
2.549999965048407944e+02 1.785636852958652128e+02 2.444428716228024356e+01
2.550000000000000000e+02 1.785441578413896764e+02 2.429641396665618203e+01
2.550000000000000000e+02 1.787818880850022651e+02 2.446746705812449818e+01
2.550000000000000000e+02 1.786300618643179234e+02 2.443142148124847068e+01
2.550000000000000000e+02 1.782629583027506897e+02 2.407342979972737851e+01
2.549999615532487383e+02 1.783127188843451734e+02 2.407110551885638472e+01
2.550000000000000000e+02 1.784596379015064258e+02 2.416092761525287358e+01
2.550000000000000000e+02 1.782744364055782853e+02 2.397586592569291497e+01
2.549998322323581874e+02 1.783570864352871297e+02 2.403685994897067602e+01
2.550000000000000000e+02 1.782574254657299662e+02 2.401461326063402169e+01
2.550000000000000000e+02 1.782538534130229664e+02 2.395743245604837313e+01
2.550000000000000000e+02 1.778692251232043589e+02 2.374144559784698316e+01
2.550000000000000000e+02 1.714450316311908011e+02 2.105038971025130223e+01
2.550000000000000000e+02 1.714181503617489852e+02 2.102278843801335029e+01
2.550000000000000000e+02 1.713036873929607395e+02 2.094424172521058480e+01
2.550000000000000000e+02 1.719125406312257383e+02 2.136211946454161037e+01
2.549999895145223832e+02 1.727806438083254648e+02 2.191019887455873771e+01
2.550000000000000000e+02 1.669429345356680869e+02 1.948492188319178098e+01
2.550000000000000000e+02 1.609575163398692723e+02 1.755538778791374099e+01
2.550000000000000000e+02 1.510281465170738500e+02 1.423207857117891706e+01
2.550000000000000000e+02 1.464436824997378608e+02 1.312216629967494974e+01
2.550000000000000000e+02 1.498946104645066555e+02 1.426667365698507517e+01
2.549999860193631775e+02 1.546375554856523706e+02 1.615315088602285698e+01
2.550000000000000000e+02 1.582201880395652154e+02 1.778785082660515116e+01
2.550000000000000000e+02 1.596974170773478647e+02 1.839363181992939644e+01
2.549999790290447663e+02 1.621223340673167570e+02 1.951595889692775643e+01
2.549999930096815888e+02 1.617194575512914696e+02 1.929621474258152602e+01
2.550000000000000000e+02 1.613436370626681935e+02 1.922397679214288146e+01
2.550000000000000000e+02 1.617459858096536323e+02 1.932531893327741201e+01
2.550000000000000000e+02 1.618747579602250823e+02 1.950991227150396767e+01
2.550000000000000000e+02 1.614664289958407721e+02 1.937291251616511190e+01
2.550000000000000000e+02 1.594958617315018614e+02 1.876884764601027555e+01
2.549999965048407944e+02 1.578995001922337451e+02 1.824707629932543540e+01
2.550000000000000000e+02 1.566670336583831329e+02 1.796975988256265211e+01
2.550000000000000000e+02 1.551041033169060768e+02 1.732379504386424784e+01
2.550000000000000000e+02 1.605615986858201438e+02 1.949465590157631567e+01
2.550000000000000000e+02 1.728738771801055520e+02 2.458704693998811663e+01
2.549999510677711498e+02 1.827861277131173381e+02 2.901976512530145769e+01
2.550000000000000000e+02 1.833502009716542602e+02 2.970519380657788844e+01
2.550000000000000000e+02 1.822951347383873326e+02 2.914909650134563535e+01
2.550000000000000000e+02 1.811665058893432558e+02 2.851737094124637295e+01
2.550000000000000000e+02 1.800569396386005394e+02 2.794018035021495194e+01
2.549999825242039719e+02 1.824553633217992967e+02 2.900669322987662113e+01
2.550000000000000000e+02 1.816192058998287280e+02 2.847805040019573042e+01
2.550000000000000000e+02 1.810845479011568955e+02 2.821209674600677886e+01
2.550000000000000000e+02 1.802562091503268107e+02 2.779744853378071312e+01
2.550000000000000000e+02 1.795121841249869021e+02 2.734796756492258396e+01
2.550000000000000000e+02 1.796919611338296363e+02 2.741404704484289212e+01
2.550000000000000000e+02 1.799326937191989089e+02 2.747389116074237236e+01
2.550000000000000000e+02 1.803678305546817739e+02 2.767660689944426977e+01
2.550000000000000000e+02 1.805728985355282816e+02 2.778766907832651611e+01
2.550000000000000000e+02 1.805199468735800963e+02 2.768724616406277406e+01
2.550000000000000000e+02 1.805954493027157355e+02 2.762514068015797974e+01
2.550000000000000000e+02 1.799422949215336871e+02 2.726959910523924435e+01
2.550000000000000000e+02 1.795970920275418621e+02 2.707681311383733558e+01
2.549999161161790937e+02 1.791699346405228823e+02 2.674784173919121955e+01
2.550000000000000000e+02 1.787900772430184304e+02 2.647562126454860021e+01
2.550000000000000000e+02 1.783690573555625463e+02 2.622763622382999671e+01
2.550000000000000000e+02 1.785321659501590261e+02 2.621536471986298977e+01
2.550000000000000000e+02 1.783639998601936441e+02 2.611600083883820744e+01
2.550000000000000000e+02 1.783794030268078643e+02 2.598665897731641650e+01
2.549999825242039719e+02 1.780303904092831431e+02 2.581168082206144376e+01
2.550000000000000000e+02 1.778091328510013511e+02 2.560681206528957432e+01
2.550000000000000000e+02 1.777215616371325666e+02 2.546168955995945637e+01
2.550000000000000000e+02 1.779063611897522037e+02 2.559424696794939180e+01
2.550000000000000000e+02 1.782811645870469306e+02 2.579046520569011847e+01
2.550000000000000000e+02 1.781107126629617881e+02 2.569234210618293801e+01
2.549999580580895326e+02 1.783345846003285544e+02 2.573513683548285513e+01
2.549999860193631775e+02 1.784633986928104434e+02 2.569969242599000481e+01
2.549999790290447663e+02 1.782718534829261614e+02 2.564227744573765477e+01
2.550000000000000000e+02 1.780397853972248470e+02 2.541610569361434457e+01
2.550000000000000000e+02 1.777913215196952308e+02 2.523760092272203082e+01
2.550000000000000000e+02 1.778966341616860518e+02 2.524913844325608991e+01
2.549999266016567105e+02 1.775447485232952261e+02 2.506901191849288679e+01
2.550000000000000000e+02 1.774745657264688532e+02 2.489339414910349291e+01
2.550000000000000000e+02 1.774556394393764549e+02 2.487188843451819054e+01
2.550000000000000000e+02 1.773635419943378508e+02 2.477991332005172964e+01
2.550000000000000000e+02 1.772098947957079531e+02 2.469409318094439243e+01
2.550000000000000000e+02 1.770991192198804640e+02 2.462526650588934274e+01
2.550000000000000000e+02 1.772129076229422253e+02 2.463260284505959419e+01
2.550000000000000000e+02 1.772624619901436631e+02 2.464196288140924906e+01
2.550000000000000000e+02 1.771493481528083578e+02 2.461996085421690950e+01
2.550000000000000000e+02 1.770830554681765818e+02 2.453603509139841421e+01
