2.550000000000000000e+02 1.891443366634885024e+02 3.074857328414099911e+01
2.550000000000000000e+02 1.892798677610579148e+02 3.081077533197916196e+01
2.550000000000000000e+02 1.943584718594978540e+02 3.423930481283422722e+01
2.550000000000000000e+02 1.945503565062388702e+02 3.444075156489657275e+01
2.550000000000000000e+02 1.948154389310340093e+02 3.451156572565601266e+01
2.550000000000000000e+02 1.950672490983708371e+02 3.451369025411433000e+01
2.550000000000000000e+02 1.950584815321477379e+02 3.426734858848401899e+01
2.550000000000000000e+02 1.949806788818416692e+02 3.406100333015517378e+01
2.549999827274108952e+02 1.949658935455789219e+02 3.380517210407771245e+01
2.550000000000000000e+02 1.950509990465530734e+02 3.373097942489187062e+01
2.550000000000000000e+02 1.947507807210269561e+02 3.347233967582804581e+01
2.550000000000000000e+02 1.939332345341237271e+02 3.304801779767579717e+01
2.550000000000000000e+02 1.934983487404828111e+02 3.279455291630394242e+01
2.549999930909643524e+02 1.935856409512360301e+02 3.275078417554477994e+01
2.550000000000000000e+02 1.942432982354322917e+02 3.319652060965330520e+01
2.550000000000000000e+02 1.942293454379637581e+02 3.317802166673575925e+01
2.550000000000000000e+02 1.948067300916138151e+02 3.360141427959485583e+01
2.549999240006079901e+02 1.949364990534621143e+02 3.367044590916000146e+01
2.550000000000000000e+02 1.948705350357197119e+02 3.354166493940775950e+01
2.550000000000000000e+02 1.947816675648412854e+02 3.351131009133744953e+01
2.550000000000000000e+02 1.949241353341900549e+02 3.353961986485926161e+01
2.550000000000000000e+02 1.949963658472550492e+02 3.348133869474498425e+01
2.550000000000000000e+02 1.949718525888156648e+02 3.335987784824994407e+01
2.550000000000000000e+02 1.951136087274938120e+02 3.340807528085230160e+01
2.550000000000000000e+02 1.952700983846674774e+02 3.339939753209247186e+01
2.550000000000000000e+02 1.951748987826279347e+02 3.336119401953875041e+01
2.550000000000000000e+02 1.949549116334341932e+02 3.318630214594647043e+01
2.550000000000000000e+02 1.947385828186101833e+02 3.291928864569083402e+01
2.549999965454821904e+02 1.945387700534759290e+02 3.282020962014122034e+01
2.550000000000000000e+02 1.946038497146568318e+02 3.276827094474153057e+01
2.550000000000000000e+02 1.945827978830714926e+02 3.273792646022468489e+01
2.549999827274108952e+02 1.945343171800080029e+02 3.263823943953902784e+01
2.550000000000000000e+02 1.942210856858599755e+02 3.235291699484585592e+01
2.550000000000000000e+02 1.938248732191960642e+02 3.196805607373322999e+01
2.550000000000000000e+02 1.936415419585734128e+02 3.168673050615594988e+01
2.550000000000000000e+02 1.930026703422736318e+02 3.130476792549296050e+01
2.550000000000000000e+02 1.930134415288314074e+02 3.123681756000497600e+01
2.550000000000000000e+02 1.925035270626925978e+02 3.083936492144426467e+01
2.550000000000000000e+02 1.923755648136633170e+02 3.071507482485594664e+01
2.550000000000000000e+02 1.921614537992786893e+02 3.067081899708438542e+01
2.550000000000000000e+02 1.919511496635299750e+02 3.060849258660476124e+01
2.550000000000000000e+02 1.923336166037944395e+02 3.087034849175752171e+01
2.550000000000000000e+02 1.923178018212217921e+02 3.092619422680982311e+01
2.550000000000000000e+02 1.925278986859014196e+02 3.110879658417278293e+01
2.550000000000000000e+02 1.925279401401152484e+02 3.111420290455858151e+01
2.550000000000000000e+02 1.924827481380148981e+02 3.105196631154223397e+01
2.549998721828407326e+02 1.925754224875291811e+02 3.113336511489726277e+01
2.550000000000000000e+02 1.928512484627395622e+02 3.130456065442385594e+01
2.550000000000000000e+02 1.922973441667012082e+02 3.087659425997319218e+01
2.550000000000000000e+02 1.935904738216639771e+02 3.174069352899722318e+01
2.550000000000000000e+02 1.930199049316696289e+02 3.129932015089333674e+01
2.550000000000000000e+02 1.924564523483812195e+02 3.096266702593651843e+01
2.550000000000000000e+02 1.925721337865660701e+02 3.085985712114302970e+01
2.550000000000000000e+02 1.928056626456079243e+02 3.096831861708742650e+01
2.550000000000000000e+02 1.924064136577816555e+02 3.065500421451173807e+01
2.550000000000000000e+02 1.924065242023518465e+02 3.064507247578383087e+01
2.550000000000000000e+02 1.924459506142132739e+02 3.054546836352582062e+01
2.550000000000000000e+02 1.922129917506114509e+02 3.044022647818817617e+01
2.550000000000000000e+02 1.924655100941010630e+02 3.051184899611712353e+01
2.550000000000000000e+02 1.924806408821456785e+02 3.039296521991460409e+01
2.550000000000000000e+02 1.928788051513769801e+02 3.059296107449322122e+01
2.550000000000000000e+02 1.928792162389973726e+02 3.048884190744655953e+01
2.550000000000000000e+02 1.930045945086984887e+02 3.054238002459616652e+01
2.550000000000000000e+02 1.931370234492669624e+02 3.054473255123049924e+01
2.550000000000000000e+02 1.920181534911357062e+02 2.993065746383119929e+01
2.550000000000000000e+02 1.919172021169285074e+02 2.988128894968840399e+01
2.550000000000000000e+02 1.916615988890270614e+02 2.976356934599068538e+01
2.550000000000000000e+02 1.905805524464895200e+02 2.944178792024209201e+01
2.550000000000000000e+02 1.910225096381047081e+02 2.963201094391244794e+01
2.550000000000000000e+02 1.912352043001837671e+02 2.968965993726595798e+01
2.550000000000000000e+02 1.905609653304591689e+02 2.948571556882090405e+01
2.550000000000000000e+02 1.907527083419696226e+02 2.962549226878912378e+01
2.550000000000000000e+02 1.903220094239246123e+02 2.942880238776271540e+01
2.549999896364465428e+02 1.902169022647818792e+02 2.936271055286103149e+01
2.550000000000000000e+02 1.901562063867125403e+02 2.939948734955574849e+01
2.550000000000000000e+02 1.899523587447663999e+02 2.917633240752255830e+01
2.550000000000000000e+02 1.897777086874214092e+02 2.902939449211678991e+01
2.550000000000000000e+02 1.897066872555928683e+02 2.898318340726001452e+01
2.550000000000000000e+02 1.888066264560792717e+02 2.850653249319460159e+01
2.549999965454821904e+02 1.880394816841465229e+02 2.811316309469524199e+01
2.550000000000000000e+02 1.871018910030537938e+02 2.761794414735591374e+01
2.550000000000000000e+02 1.867040065497657793e+02 2.735035028810678526e+01
2.550000000000000000e+02 1.873209799776147122e+02 2.771992842239080446e+01
2.550000000000000000e+02 1.867993063328220558e+02 2.740052370490127132e+01
2.550000000000000000e+02 1.872956687255592954e+02 2.769161864886899238e+01
2.550000000000000000e+02 1.871780320302892164e+02 2.753276955602537157e+01
2.550000000000000000e+02 1.872484903757133452e+02 2.750469814423302850e+01
2.550000000000000000e+02 1.876477289999861853e+02 2.781513147894816740e+01
2.550000000000000000e+02 1.871808889165250207e+02 2.758997982561594142e+01
2.550000000000000000e+02 1.852949467313352443e+02 2.662362682916718626e+01
2.550000000000000000e+02 1.835834162417609718e+02 2.592397642637040889e+01
2.550000000000000000e+02 1.835868880321684742e+02 2.588940361204383223e+01
2.550000000000000000e+02 1.839577788832234830e+02 2.607280050850502207e+01
2.550000000000000000e+02 1.853721862952369008e+02 2.688624272823999206e+01
2.550000000000000000e+02 1.850462801752131554e+02 2.667513714435738947e+01
2.550000000000000000e+02 1.852855262612444562e+02 2.695665271041468003e+01
2.550000000000000000e+02 1.854002611615470641e+02 2.693289253685970408e+01
2.550000000000000000e+02 1.853045192002100237e+02 2.685455789080960187e+01
2.550000000000000000e+02 1.853844221973496929e+02 2.684230126158990615e+01
2.550000000000000000e+02 1.863290566402741604e+02 2.741125343724522878e+01
2.550000000000000000e+02 1.865602467907529558e+02 2.756778109411488487e+01
2.550000000000000000e+02 1.862327688651218125e+02 2.731504857052052770e+01
2.550000000000000000e+02 1.859837741298069602e+02 2.709703395100111933e+01
2.549999861819287332e+02 1.873263690254114238e+02 2.782483176498224253e+01
2.550000000000000000e+02 1.867156275477069016e+02 2.761360872749381556e+01
2.550000000000000000e+02 1.855223818209454407e+02 2.695634525832884165e+01
2.550000000000000000e+02 1.851968073346322399e+02 2.675743757686302260e+01
2.550000000000000000e+02 1.853666556122096551e+02 2.683579295002003562e+01
2.550000000000000000e+02 1.858383182025452811e+02 2.714518992938965525e+01
2.550000000000000000e+02 1.851359594577788812e+02 2.687209647777363131e+01
2.550000000000000000e+02 1.844981725600740674e+02 2.664626773894899614e+01
2.550000000000000000e+02 1.843599365750528420e+02 2.658436277964321803e+01
2.549999481822327141e+02 1.843514142795948487e+02 2.657467631168041677e+01
2.550000000000000000e+02 1.848863878179883784e+02 2.689763918252290509e+01
2.550000000000000000e+02 1.845641883955837557e+02 2.674015116969973249e+01
2.550000000000000000e+02 1.836150354433528094e+02 2.643366634885102684e+01
2.550000000000000000e+02 1.841253402700051254e+02 2.663646381738037050e+01
2.550000000000000000e+02 1.836250535450261907e+02 2.646859152399508019e+01
2.550000000000000000e+02 1.835314292031118271e+02 2.636946758971382820e+01
2.550000000000000000e+02 1.836484199035498648e+02 2.655474374386822944e+01
2.550000000000000000e+02 1.836605038068786371e+02 2.672096823225414042e+01
2.550000000000000000e+02 1.837875506086860469e+02 2.676917257389213489e+01
2.550000000000000000e+02 1.827874158824911319e+02 2.634572814326576307e+01
2.550000000000000000e+02 1.809856775691249027e+02 2.547998452376017298e+01
2.550000000000000000e+02 1.808548964335558082e+02 2.542584186599234641e+01
2.550000000000000000e+02 1.806335412953060029e+02 2.536931213641199889e+01
2.550000000000000000e+02 1.796174605148613352e+02 2.484840884909284497e+01
2.549999896364465428e+02 1.787925872956652711e+02 2.447259531014660894e+01
2.550000000000000000e+02 1.789734278489408439e+02 2.452509707195069666e+01
2.550000000000000000e+02 1.786375450814575174e+02 2.449445895341928292e+01
2.550000000000000000e+02 1.787340953999640760e+02 2.445252456162168997e+01
2.550000000000000000e+02 1.801574189224668032e+02 2.523440630656772754e+01
2.550000000000000000e+02 1.813311604416255705e+02 2.579912324337768936e+01
2.550000000000000000e+02 1.819918438834307608e+02 2.605390429603835756e+01
2.550000000000000000e+02 1.821946275338888199e+02 2.616157125288452079e+01
2.550000000000000000e+02 1.820639085796404402e+02 2.610014301703768069e+01
2.550000000000000000e+02 1.807625882629302509e+02 2.560277190509748735e+01
2.550000000000000000e+02 1.795108264588428710e+02 2.504757216487722715e+01
2.550000000000000000e+02 1.791294338736199165e+02 2.491535740441349134e+01
2.550000000000000000e+02 1.786511247910016777e+02 2.473944644806477910e+01
2.550000000000000000e+02 1.795389773245450442e+02 2.520316364741809423e+01
2.550000000000000000e+02 1.797344235791568110e+02 2.525621122303748933e+01
2.550000000000000000e+02 1.805472647127913888e+02 2.575558940983017564e+01
2.550000000000000000e+02 1.807983183407260128e+02 2.576202172200804341e+01
2.550000000000000000e+02 1.815931165277950470e+02 2.612303265210242031e+01
2.550000000000000000e+02 1.821689431939090014e+02 2.640078624825546783e+01
2.550000000000000000e+02 1.812501623623374769e+02 2.591876010446461720e+01
2.550000000000000000e+02 1.814793696195885104e+02 2.595962014122068950e+01
2.550000000000000000e+02 1.807765445149165942e+02 2.578166065580566269e+01
2.550000000000000000e+02 1.802449702220563950e+02 2.536856596056322388e+01
2.550000000000000000e+02 1.802639735245754480e+02 2.534686467962801615e+01
2.550000000000000000e+02 1.803148343904157969e+02 2.536253437245229136e+01
2.550000000000000000e+02 1.802075163398692723e+02 2.536377799886691875e+01
2.550000000000000000e+02 1.796928830023905164e+02 2.518040528403045641e+01
2.550000000000000000e+02 1.796594985421934894e+02 2.524003717061172480e+01
2.550000000000000000e+02 1.796481988144094828e+02 2.515445494617861399e+01
2.549999689093396285e+02 1.795021348920117816e+02 2.515081388439801557e+01
2.550000000000000000e+02 1.794018986029929863e+02 2.509726885821277165e+01
2.550000000000000000e+02 1.792992959692685986e+02 2.511190565020934429e+01
2.550000000000000000e+02 1.791428823114869715e+02 2.507574375768630048e+01
2.550000000000000000e+02 1.790811397145186561e+02 2.506193259544832586e+01
2.549999481822327141e+02 1.788159674722602119e+02 2.494228191629012414e+01
2.550000000000000000e+02 1.785085982948500032e+02 2.481335240227168981e+01
2.550000000000000000e+02 1.785250452541834250e+02 2.490022661636888657e+01
2.550000000000000000e+02 1.786325083944782932e+02 2.490071024886346507e+01
2.550000000000000000e+02 1.782690378476972057e+02 2.475172725890920233e+01
2.550000000000000000e+02 1.778548238886816080e+02 2.458218988793544213e+01
2.550000000000000000e+02 1.771702006383949026e+02 2.438906506929762585e+01
2.550000000000000000e+02 1.770797751799803734e+02 2.438880598046124604e+01
2.550000000000000000e+02 1.759448728046539259e+02 2.382162942696458430e+01
2.550000000000000000e+02 1.739686433417623448e+02 2.304430419102101624e+01
2.550000000000000000e+02 1.744965005734499641e+02 2.317781785018447138e+01
2.550000000000000000e+02 1.744260975003109024e+02 2.325140253423426984e+01
2.550000000000000000e+02 1.744054705744172225e+02 2.332591993809504061e+01
2.550000000000000000e+02 1.744555058104989769e+02 2.340423731155605225e+01
2.550000000000000000e+02 1.742683538531691738e+02 2.334901684422888124e+01
2.550000000000000000e+02 1.744598101397006928e+02 2.346757244123865149e+01
2.549999792728930856e+02 1.746102129364783195e+02 2.349229987978278089e+01
2.550000000000000000e+02 1.744242286061711411e+02 2.347508256297586016e+01
2.550000000000000000e+02 1.748454725089472106e+02 2.371584863684726940e+01
2.550000000000000000e+02 1.734671337174757184e+02 2.313696817698185626e+01
2.550000000000000000e+02 1.736572911053075075e+02 2.321539264049523865e+01
2.550000000000000000e+02 1.736924373695919428e+02 2.329184802885213301e+01
2.550000000000000000e+02 1.735114068178363596e+02 2.323711119401954051e+01
2.550000000000000000e+02 1.740199187497409241e+02 2.336499398913899483e+01
2.550000000000000000e+02 1.739464895189929337e+02 2.339799154334038178e+01
2.550000000000000000e+02 1.741879603144992927e+02 2.357398886263455395e+01
2.550000000000000000e+02 1.742893504124694175e+02 2.354140239605355944e+01
2.550000000000000000e+02 1.740804177202946050e+02 2.358197225331288394e+01
2.549999620003040093e+02 1.737761921540991352e+02 2.349281460293772028e+01
2.550000000000000000e+02 1.733855103704624980e+02 2.331520056930453677e+01
2.550000000000000000e+02 1.732544563279857357e+02 2.331664801227044848e+01
2.550000000000000000e+02 1.732504698144232975e+02 2.334725158562367753e+01
2.550000000000000000e+02 1.734592194171537471e+02 2.346283975182743831e+01
2.550000000000000000e+02 1.728899908800729577e+02 2.322932125633904121e+01
2.550000000000000000e+02 1.729334452597106520e+02 2.329666362669098589e+01
2.550000000000000000e+02 1.729850350288106711e+02 2.330409084000055131e+01
2.549998756373585422e+02 1.728408227279636264e+02 2.339547665436858281e+01
2.550000000000000000e+02 1.728573042324752294e+02 2.343600851193190593e+01
2.549999723638574665e+02 1.725676912766516011e+02 2.340856236786469324e+01
2.550000000000000000e+02 1.724909698904226900e+02 2.335296535809531804e+01
2.550000000000000000e+02 1.719954434909975305e+02 2.318377343890339759e+01
2.550000000000000000e+02 1.718968204617999334e+02 2.314107214415011882e+01
2.550000000000000000e+02 1.712425451505478975e+02 2.292494369135955878e+01
2.550000000000000000e+02 1.714959582141524663e+02 2.307780610482388894e+01
2.550000000000000000e+02 1.714367615968163250e+02 2.305966297724163638e+01
2.550000000000000000e+02 1.714185321062886089e+02 2.308296715444458158e+01
2.550000000000000000e+02 1.712897822271967243e+02 2.308250770357473414e+01
2.550000000000000000e+02 1.712977172546256099e+02 2.316321214884826318e+01
2.550000000000000000e+02 1.696754135057828705e+02 2.259140999599275901e+01
2.550000000000000000e+02 1.693144198482775664e+02 2.245785142809766555e+01
2.550000000000000000e+02 1.689986976467824604e+02 2.235320717434260374e+01
2.550000000000000000e+02 1.695456376348989238e+02 2.259678177120037645e+01
2.550000000000000000e+02 1.705228689079578146e+02 2.304948251323080299e+01
2.550000000000000000e+02 1.718004394146664993e+02 2.359589396012104601e+01
2.550000000000000000e+02 1.733060011883541165e+02 2.436557089361467021e+01
2.550000000000000000e+02 1.729498749464549689e+02 2.410271663281239185e+01
2.550000000000000000e+02 1.730809255344138933e+02 2.412893642305407127e+01
2.550000000000000000e+02 1.725318851994638578e+02 2.385817477096546924e+01
2.550000000000000000e+02 1.725478554353383345e+02 2.389690682474540040e+01
2.550000000000000000e+02 1.713545060730423302e+02 2.347561455871989367e+01
2.550000000000000000e+02 1.719587012394810017e+02 2.367500587268029122e+01
2.550000000000000000e+02 1.718090169824095881e+02 2.363801835039865296e+01
2.550000000000000000e+02 1.721208528513590181e+02 2.391366469068247369e+01
2.550000000000000000e+02 1.736240033716094047e+02 2.449048280341029837e+01
2.549998860009119994e+02 1.737422411529798580e+02 2.469312481863781628e+01
2.549999930909643524e+02 1.738020595835233451e+02 2.468661650706794219e+01
2.550000000000000000e+02 1.730822209785958137e+02 2.452333181334549295e+01
2.550000000000000000e+02 1.726696479155439476e+02 2.436096602136273859e+01
2.550000000000000000e+02 1.729378186792687586e+02 2.442122663018695761e+01
2.550000000000000000e+02 1.733554802470671063e+02 2.468596360320026406e+01
2.550000000000000000e+02 1.738503675606958723e+02 2.493935939421575654e+01
2.550000000000000000e+02 1.736877461343945583e+02 2.477596070140529960e+01
2.550000000000000000e+02 1.740855580428083726e+02 2.494901477151818980e+01
2.550000000000000000e+02 1.743941052107946632e+02 2.514410175627685717e+01
2.550000000000000000e+02 1.748010508643203593e+02 2.522037405518937803e+01
2.550000000000000000e+02 1.748723072033605490e+02 2.523365667620113584e+01
2.550000000000000000e+02 1.737479721980405998e+02 2.465398513175530937e+01
2.550000000000000000e+02 1.736430343102709628e+02 2.463041150216252717e+01
2.550000000000000000e+02 1.736678032030289103e+02 2.464872735563569961e+01
2.550000000000000000e+02 1.739877122801199505e+02 2.480147922452983877e+01
2.550000000000000000e+02 1.733907681465821042e+02 2.455307175724412261e+01
2.549999930909643524e+02 1.731024402713869108e+02 2.437350937556135833e+01
2.550000000000000000e+02 1.727902624051734790e+02 2.415637565808564347e+01
2.550000000000000000e+02 1.717085250590722580e+02 2.376194226809822041e+01
2.550000000000000000e+02 1.718544197100968631e+02 2.375970719506971207e+01
2.550000000000000000e+02 1.711309469524243809e+02 2.345607235142118796e+01
2.550000000000000000e+02 1.704410037446973263e+02 2.323994044411281124e+01
2.550000000000000000e+02 1.715522219458607935e+02 2.371994569497989502e+01
2.550000000000000000e+02 1.713073933590349327e+02 2.361203001285080560e+01
2.550000000000000000e+02 1.704338425292597776e+02 2.326495806215368489e+01
2.550000000000000000e+02 1.702722678218574117e+02 2.315824455222540124e+01
2.550000000000000000e+02 1.706132874573366962e+02 2.321997333112244277e+01
2.550000000000000000e+02 1.718091689811936078e+02 2.370789633682930386e+01
2.550000000000000000e+02 1.720452783650458173e+02 2.390390913236330306e+01
2.550000000000000000e+02 1.726772651273335271e+02 2.414554574472495219e+01
2.550000000000000000e+02 1.729729131257859081e+02 2.433905401484060960e+01
2.550000000000000000e+02 1.730833609694758763e+02 2.444552225400378731e+01
2.550000000000000000e+02 1.723968791886028669e+02 2.418579087730934418e+01
2.550000000000000000e+02 1.724030385938730774e+02 2.411218546615263492e+01
2.550000000000000000e+02 1.725088573836863759e+02 2.427079619726678672e+01
2.550000000000000000e+02 1.721047409802539789e+02 2.417190026116154655e+01
2.550000000000000000e+02 1.718902499689093304e+02 2.416751647804999337e+01
2.550000000000000000e+02 1.715740061352236410e+02 2.409237726098191246e+01
2.550000000000000000e+02 1.715821035249899751e+02 2.406522129641144758e+01
2.550000000000000000e+02 1.719790276223244803e+02 2.427912158520913621e+01
2.550000000000000000e+02 1.720301199408586683e+02 2.430134795285274052e+01
2.550000000000000000e+02 1.721648012270447339e+02 2.434757976481642672e+01
2.550000000000000000e+02 1.726164621592118067e+02 2.453775787975514433e+01
2.550000000000000000e+02 1.722678494935676952e+02 2.444260318644723640e+01
2.550000000000000000e+02 1.716669672097168586e+02 2.411172601528278747e+01
2.549999309096436377e+02 1.711415246859843364e+02 2.395248310740786835e+01
2.550000000000000000e+02 1.710003730879244017e+02 2.375061144965385651e+01
2.550000000000000000e+02 1.703778551589768995e+02 2.352161146347192755e+01
2.550000000000000000e+02 1.699105798062706469e+02 2.336206110351117360e+01
2.550000000000000000e+02 1.693207485249209014e+02 2.317510950821484172e+01
2.550000000000000000e+02 1.685127091710538991e+02 2.291782738465364844e+01
2.550000000000000000e+02 1.691149214442648088e+02 2.309515469330790793e+01
2.550000000000000000e+02 1.689024858710221224e+02 2.304339565283477853e+01
2.550000000000000000e+02 1.685064910389807835e+02 2.285564260940457970e+01
2.550000000000000000e+02 1.693831474802747152e+02 2.330643991211706734e+01
2.549999965454821904e+02 1.689239107905318633e+02 2.308840111097293146e+01
2.550000000000000000e+02 1.690340788182785445e+02 2.314953225828738681e+01
2.550000000000000000e+02 1.692343717613895535e+02 2.313604582072434468e+01
2.550000000000000000e+02 1.690297364893808094e+02 2.312425900592795358e+01
2.550000000000000000e+02 1.685117073608865610e+02 2.297315839655101044e+01
2.550000000000000000e+02 1.681615367077063468e+02 2.272771490555348350e+01
2.550000000000000000e+02 1.680477725269107054e+02 2.261003330155176982e+01
2.550000000000000000e+02 1.673658023463084987e+02 2.247347621219030245e+01
2.549999896364465428e+02 1.663332331523166090e+02 2.208471859497851142e+01
2.550000000000000000e+02 1.657816986555016570e+02 2.183412787243156572e+01
2.550000000000000000e+02 1.661233988309911638e+02 2.192457060343517128e+01
2.550000000000000000e+02 1.657958449059680390e+02 2.194248227832359177e+01
