2.550000000000000000e+02 2.032450094575423805e+02 1.151070053367560604e+02
2.550000000000000000e+02 2.032512159697358527e+02 1.151004737215429259e+02
2.550000000000000000e+02 2.090255775856245464e+02 1.192919720664730079e+02
2.550000000000000000e+02 2.100305301290279090e+02 1.200754914544349106e+02
2.550000000000000000e+02 2.110343089238667744e+02 1.203723527325542051e+02
2.550000000000000000e+02 2.112936355806255619e+02 1.202040633655340116e+02
2.550000000000000000e+02 2.114932952779842026e+02 1.193780061474025587e+02
2.550000000000000000e+02 2.108679870634330769e+02 1.186405416131865138e+02
2.550000000000000000e+02 2.104122770722150904e+02 1.179987164763899159e+02
2.550000000000000000e+02 2.102237088765790816e+02 1.174483972843342627e+02
2.550000000000000000e+02 2.101746436533135238e+02 1.173109842599473041e+02
2.550000000000000000e+02 2.102886957035736089e+02 1.173437774437613967e+02
2.550000000000000000e+02 2.108591501722623889e+02 1.178794669999324469e+02
2.550000000000000000e+02 2.110754745659663456e+02 1.180559346078497640e+02
2.550000000000000000e+02 2.114797296156184530e+02 1.183471593595892699e+02
2.550000000000000000e+02 2.108898618523272432e+02 1.177940071269337352e+02
2.550000000000000000e+02 2.096559903397959772e+02 1.169817604539620390e+02
2.550000000000000000e+02 2.093613963385800218e+02 1.166022512328582081e+02
2.550000000000000000e+02 2.093716687495777933e+02 1.166253419914882130e+02
2.550000000000000000e+02 2.096759440653921445e+02 1.169468308788759003e+02
2.550000000000000000e+02 2.108939319732486695e+02 1.179432378571911073e+02
2.550000000000000000e+02 2.115189277511315140e+02 1.184209830777545136e+02
2.550000000000000000e+02 2.116601786799973013e+02 1.183663193271634100e+02
2.550000000000000000e+02 2.117193263189894026e+02 1.183317866310882920e+02
2.550000000000000000e+02 2.115530973451327554e+02 1.180473468215902244e+02
2.550000000000000000e+02 2.112520730595149701e+02 1.179836688509086002e+02
2.550000000000000000e+02 2.112272174559211066e+02 1.178554895967033644e+02
2.550000000000000000e+02 2.112770004391001919e+02 1.177584273458082862e+02
2.550000000000000000e+02 2.113243768155103623e+02 1.177626832398838133e+02
2.550000000000000000e+02 2.112855966695940140e+02 1.176629230561372736e+02
2.550000000000000000e+02 2.111981608457745097e+02 1.175617991285550232e+02
2.550000000000000000e+02 2.110369139701411996e+02 1.174083842802134683e+02
2.550000000000000000e+02 2.104839306221711865e+02 1.170305005742079345e+02
2.550000000000000000e+02 2.098700179017766629e+02 1.166175901844220704e+02
2.550000000000000000e+02 2.097473189556171178e+02 1.164980240491792216e+02
2.550000000000000000e+02 2.099602909883131758e+02 1.167722885563737094e+02
2.550000000000000000e+02 2.108531294332229891e+02 1.176160026683780302e+02
2.550000000000000000e+02 2.115327298520570025e+02 1.181421713504019522e+02
2.550000000000000000e+02 2.124627482604877287e+02 1.187891770249273833e+02
2.550000000000000000e+02 2.125153093967439020e+02 1.186933096331824657e+02
2.550000000000000000e+02 2.119275611362561733e+02 1.181885724177531642e+02
2.550000000000000000e+02 2.118067325879889324e+02 1.181015334729446664e+02
2.550000000000000000e+02 2.117071412889279145e+02 1.178357047557927473e+02
2.550000000000000000e+02 2.117378571911099243e+02 1.177640680943052018e+02
2.550000000000000000e+02 2.117901818888063303e+02 1.177793943795176688e+02
2.550000000000000000e+02 2.118267032020536362e+02 1.177464576437208734e+02
2.550000000000000000e+02 2.118569588934675494e+02 1.177888688103762718e+02
2.550000000000000000e+02 2.118340285752887837e+02 1.177269050192528539e+02
2.550000000000000000e+02 2.113710312098898783e+02 1.175304499088022681e+02
2.550000000000000000e+02 2.101740356684455833e+02 1.167383047355265830e+02
2.550000000000000000e+02 2.096485847463351888e+02 1.163289198135513089e+02
2.550000000000000000e+02 2.095797346821590281e+02 1.162680579950010156e+02
2.550000000000000000e+02 2.096945678240897166e+02 1.163086409849354794e+02
2.550000000000000000e+02 2.111002119502803396e+02 1.175268442207660655e+02
2.550000000000000000e+02 2.115065696142673914e+02 1.178953928257785577e+02
2.550000000000000000e+02 2.126160871107207981e+02 1.187530019252854174e+02
2.550000000000000000e+02 2.126744114368709120e+02 1.187084543673579731e+02
2.550000000000000000e+02 2.120608660406674346e+02 1.182058028777950369e+02
2.550000000000000000e+02 2.119498032493413575e+02 1.180010850841045738e+02
2.550000000000000000e+02 2.116680233736404659e+02 1.176968984327501175e+02
2.550000000000000000e+02 2.119974709518340887e+02 1.180235214145781271e+02
2.550000000000000000e+02 2.121805799500101273e+02 1.180728568533405394e+02
2.550000000000000000e+02 2.123229286293318978e+02 1.180791013645882543e+02
2.550000000000000000e+02 2.120658861379450002e+02 1.178925808957643682e+02
2.550000000000000000e+02 2.113762370803215447e+02 1.174459864554482209e+02
2.550000000000000000e+02 2.105454426467607902e+02 1.168714914206579749e+02
2.550000000000000000e+02 2.103659773356752112e+02 1.167707137066810787e+02
2.550000000000000000e+02 2.103914662568398342e+02 1.167722294467337747e+02
2.550000000000000000e+02 2.104264549415659076e+02 1.166916587853813354e+02
2.550000000000000000e+02 2.108366589542660279e+02 1.171855156049449391e+02
2.550000000000000000e+02 2.115529242383300641e+02 1.178283793825575856e+02
2.550000000000000000e+02 2.116284072485306922e+02 1.177814083293926899e+02
2.550000000000000000e+02 2.117035102681888930e+02 1.178085607647098527e+02
2.550000000000000000e+02 2.116997188069985896e+02 1.178019447071539503e+02
2.550000000000000000e+02 2.117431010605958193e+02 1.178683459433898548e+02
2.550000000000000000e+02 2.117792550496521073e+02 1.178973603323650678e+02
2.550000000000000000e+02 2.119151227791663814e+02 1.178016829358913782e+02
2.550000000000000000e+02 2.120560570492467605e+02 1.179490770451935475e+02
2.550000000000000000e+02 2.121534275146929645e+02 1.180056196379112379e+02
2.550000000000000000e+02 2.115109352833885055e+02 1.176257304262649512e+02
2.550000000000000000e+02 2.106461950280348674e+02 1.170303654664595001e+02
2.550000000000000000e+02 2.104230054718638030e+02 1.166960835641423984e+02
2.550000000000000000e+02 2.103714660879551559e+02 1.166238262514355171e+02
2.550000000000000000e+02 2.103711663176383126e+02 1.166523677632912239e+02
2.550000000000000000e+02 2.105835472539350235e+02 1.170057674120110818e+02
2.550000000000000000e+02 2.115601736134567261e+02 1.179206453083834418e+02
2.550000000000000000e+02 2.118778668175369830e+02 1.179787965277308643e+02
2.550000000000000000e+02 2.119121081875295545e+02 1.179782814294399742e+02
2.550000000000000000e+02 2.118937588664459781e+02 1.179526447341755073e+02
2.550000000000000000e+02 2.119465902181990202e+02 1.180022250557319410e+02
2.550000000000000000e+02 2.120653457069512910e+02 1.180725739714922611e+02
2.550000000000000000e+02 2.124009237992298722e+02 1.183057108356414204e+02
2.550000000000000000e+02 2.126266508478011303e+02 1.184224945956900683e+02
2.550000000000000000e+02 2.128712085388096966e+02 1.184051881375396817e+02
2.550000000000000000e+02 2.127301771600351401e+02 1.183469778085523245e+02
2.550000000000000000e+02 2.109876967506586425e+02 1.171481583125042221e+02
2.550000000000000000e+02 2.100866420657974629e+02 1.163222024251840878e+02
2.550000000000000000e+02 2.099222581571303010e+02 1.161471534486252750e+02
2.550000000000000000e+02 2.097951006552725914e+02 1.160863929608863003e+02
2.550000000000000000e+02 2.098957685942038722e+02 1.161986252786597333e+02
2.550000000000000000e+02 2.104799491657096553e+02 1.168897225224616676e+02
2.550000000000000000e+02 2.110799120110788465e+02 1.174183146997230267e+02
2.550000000000000000e+02 2.118064243734378067e+02 1.179877051948929250e+02
2.550000000000000000e+02 2.118883883334459313e+02 1.179254163007498448e+02
2.550000000000000000e+02 2.119269278186854137e+02 1.179439260622846746e+02
2.550000000000000000e+02 2.115985188813078537e+02 1.175684067418766432e+02
2.550000000000000000e+02 2.120644928392893291e+02 1.180484023508748237e+02
2.550000000000000000e+02 2.123113938053097343e+02 1.181606431128825250e+02
2.550000000000000000e+02 2.124645046612173189e+02 1.182691810781598321e+02
2.550000000000000000e+02 2.124023973181111842e+02 1.180641550699182574e+02
2.550000000000000000e+02 2.124919188677970681e+02 1.181230071607106709e+02
2.550000000000000000e+02 2.124063365534013315e+02 1.180613726947240423e+02
2.550000000000000000e+02 2.115881620279673143e+02 1.174907197865297519e+02
2.550000000000000000e+02 2.103322848409106314e+02 1.166752854151185517e+02
2.550000000000000000e+02 2.101963495575221259e+02 1.164156716543943730e+02
2.550000000000000000e+02 2.101506831385530063e+02 1.163581664189691338e+02
2.550000000000000000e+02 2.101128656353441784e+02 1.163692916976288529e+02
2.550000000000000000e+02 2.108299711207187670e+02 1.172447814632169099e+02
2.550000000000000000e+02 2.110898128757684162e+02 1.173658000067553928e+02
2.550000000000000000e+02 2.115638173005471856e+02 1.178047904141052555e+02
2.550000000000000000e+02 2.118027849084645027e+02 1.179648382084712495e+02
2.550000000000000000e+02 2.118093165236776372e+02 1.179137928122677863e+02
2.550000000000000000e+02 2.117893712423157524e+02 1.179112215429304911e+02
2.550000000000000000e+02 2.117359783489833092e+02 1.177351001486185282e+02
2.550000000000000000e+02 2.117259634871309970e+02 1.176055402621090309e+02
2.550000000000000000e+02 2.117805512396136010e+02 1.176021583462811577e+02
2.550000000000000000e+02 2.117656767209349482e+02 1.176311347362021280e+02
2.550000000000000000e+02 2.118129011011281477e+02 1.176190763696548061e+02
2.550000000000000000e+02 2.118843519894616065e+02 1.176282679186651308e+02
2.550000000000000000e+02 2.119099929068432004e+02 1.176943609403499238e+02
2.550000000000000000e+02 2.119278102411673217e+02 1.177835193879619027e+02
2.550000000000000000e+02 2.111138831655745491e+02 1.171366952644734170e+02
2.550000000000000000e+02 2.102942942308991405e+02 1.165389574748361809e+02
2.550000000000000000e+02 2.098216324393704042e+02 1.163275222927784966e+02
2.550000000000000000e+02 2.097455118894818611e+02 1.162593139904073496e+02
2.550000000000000000e+02 2.096835143214213417e+02 1.160986328784705819e+02
2.550000000000000000e+02 2.102306711477403098e+02 1.168373556035938634e+02
2.550000000000000000e+02 2.109214052894683391e+02 1.174150594474093054e+02
2.550000000000000000e+02 2.117546232182665733e+02 1.182066346348713068e+02
2.550000000000000000e+02 2.119041621630750569e+02 1.181617155306356750e+02
2.550000000000000000e+02 2.118503935013173134e+02 1.180664139025873141e+02
2.550000000000000000e+02 2.118916351415253700e+02 1.180864605147605175e+02
2.550000000000000000e+02 2.119929912855502323e+02 1.182140275619806857e+02
2.550000000000000000e+02 2.121823827940282285e+02 1.183492619739242002e+02
2.550000000000000000e+02 2.123958825913666146e+02 1.184052472471796307e+02
2.550000000000000000e+02 2.124526911774640325e+02 1.184698371951631373e+02
2.550000000000000000e+02 2.124760563737080190e+02 1.183661799972978486e+02
2.550000000000000000e+02 2.122503842126595828e+02 1.181113541174086379e+02
2.550000000000000000e+02 2.121197645747483591e+02 1.180381341619941935e+02
2.550000000000000000e+02 2.120985146591906982e+02 1.180785398230088532e+02
2.550000000000000000e+02 2.121620406336553515e+02 1.180975773491859826e+02
2.550000000000000000e+02 2.119987882523812743e+02 1.178203362494089106e+02
2.550000000000000000e+02 2.115192781868540237e+02 1.174448000405323285e+02
2.550000000000000000e+02 2.100596880699858104e+02 1.165928992433966158e+02
2.550000000000000000e+02 2.091702146524353054e+02 1.157931964804431573e+02
2.550000000000000000e+02 2.083185249611565268e+02 1.151835692089441352e+02
2.550000000000000000e+02 2.076482427548469900e+02 1.146609048841451113e+02
2.550000000000000000e+02 2.080845310072282643e+02 1.151405458353036551e+02
2.550000000000000000e+02 2.088733575964331521e+02 1.158609065729919649e+02
2.550000000000000000e+02 2.101026185570492544e+02 1.170240238465175935e+02
2.550000000000000000e+02 2.115039814564615313e+02 1.181389076538539484e+02
2.550000000000000000e+02 2.120571168006485152e+02 1.185747272512328578e+02
2.550000000000000000e+02 2.122206056204823312e+02 1.185014355198270550e+02
2.550000000000000000e+02 2.123548942781868618e+02 1.186416182530568193e+02
2.550000000000000000e+02 2.124621318313855340e+02 1.186772486995879206e+02
2.550000000000000000e+02 2.128114782476525022e+02 1.187659553806660853e+02
2.550000000000000000e+02 2.132349312639329924e+02 1.191728028102411656e+02
2.550000000000000000e+02 2.136372652502871006e+02 1.194495499223130395e+02
2.550000000000000000e+02 2.136045100655272506e+02 1.192804794636222425e+02
2.550000000000000000e+02 2.135226178815105129e+02 1.189748741809092820e+02
2.550000000000000000e+02 2.135070973789096911e+02 1.189538395933256822e+02
2.550000000000000000e+02 2.127498902249544130e+02 1.181796595284739624e+02
2.550000000000000000e+02 2.126676096061609087e+02 1.181060891373370225e+02
2.550000000000000000e+02 2.127234175504965208e+02 1.181404825035465791e+02
2.550000000000000000e+02 2.123897816321016023e+02 1.178114909140039117e+02
2.550000000000000000e+02 2.116434633182462903e+02 1.174373944470715401e+02
2.550000000000000000e+02 2.104535271566574295e+02 1.167230417820712063e+02
2.550000000000000000e+02 2.099725055731946100e+02 1.163567857866648723e+02
2.550000000000000000e+02 2.096297161048436237e+02 1.159823895494156574e+02
2.550000000000000000e+02 2.094819673377018034e+02 1.158154259271769178e+02
2.550000000000000000e+02 2.104603458758359693e+02 1.168307395460379610e+02
2.550000000000000000e+02 2.106319664932783837e+02 1.169409452475849491e+02
2.550000000000000000e+02 2.114229505843410095e+02 1.176771853678308446e+02
2.550000000000000000e+02 2.114412239073160720e+02 1.176016939133959340e+02
2.550000000000000000e+02 2.112922633925555544e+02 1.174814184624738260e+02
2.550000000000000000e+02 2.111313965074647001e+02 1.172115365128690172e+02
2.550000000000000000e+02 2.111246580085118012e+02 1.172300547186381152e+02
2.550000000000000000e+02 2.112499746672971810e+02 1.174386568600959322e+02
2.550000000000000000e+02 2.114318803620887763e+02 1.175043656691211282e+02
2.550000000000000000e+02 2.117042871377423410e+02 1.177814801053840483e+02
2.550000000000000000e+02 2.118717785246233802e+02 1.179261256164291041e+02
2.550000000000000000e+02 2.120403127744376093e+02 1.178945019590623531e+02
2.550000000000000000e+02 2.121388316557454630e+02 1.179586528068634692e+02
2.550000000000000000e+02 2.122579206917516785e+02 1.180798529014388976e+02
2.550000000000000000e+02 2.124677810241167322e+02 1.182365567790312753e+02
2.550000000000000000e+02 2.126850427278254472e+02 1.183181956360197233e+02
2.550000000000000000e+02 2.128997711612510955e+02 1.184216206174424144e+02
2.550000000000000000e+02 2.118771870566777125e+02 1.177954553131122140e+02
2.550000000000000000e+02 2.110600849489968311e+02 1.171757118489495326e+02
2.550000000000000000e+02 2.100828632709585975e+02 1.163980569816929034e+02
2.550000000000000000e+02 2.099796451732756850e+02 1.161345673174356534e+02
2.550000000000000000e+02 2.099966265284064093e+02 1.162510808619874325e+02
2.550000000000000000e+02 2.103461756062960148e+02 1.166222007363372342e+02
2.550000000000000000e+02 2.111830794433560641e+02 1.174737510977504513e+02
2.550000000000000000e+02 2.117124949334594248e+02 1.179612705194892897e+02
2.550000000000000000e+02 2.119766305816388581e+02 1.180622382287374137e+02
2.550000000000000000e+02 2.120728568533405394e+02 1.180754281226778346e+02
2.550000000000000000e+02 2.120907164088360446e+02 1.179601812132675747e+02
2.550000000000000000e+02 2.119917668715800971e+02 1.178558526987772694e+02
2.550000000000000000e+02 2.122340108423967990e+02 1.179851128149699377e+02
2.550000000000000000e+02 2.125433273660744362e+02 1.182087076943862769e+02
2.550000000000000000e+02 2.129239723366885073e+02 1.185304034655137428e+02
2.550000000000000000e+02 2.131459501452408176e+02 1.186224836181854982e+02
2.550000000000000000e+02 2.133414721678038291e+02 1.186797397486995891e+02
2.550000000000000000e+02 2.130516449368371354e+02 1.183856481794230859e+02
2.550000000000000000e+02 2.127229657839627066e+02 1.180343975883266836e+02
2.550000000000000000e+02 2.127415768763088693e+02 1.180629011011281477e+02
2.550000000000000000e+02 2.123072561305140766e+02 1.176113878943457394e+02
2.550000000000000000e+02 2.119204299804093807e+02 1.173218224346416321e+02
2.550000000000000000e+02 2.118149614942917083e+02 1.170849489968249628e+02
2.550000000000000000e+02 2.116775484699047354e+02 1.169792271836789865e+02
2.550000000000000000e+02 2.102523179423089914e+02 1.160651768222657552e+02
2.550000000000000000e+02 2.094081942849422546e+02 1.154304828413159498e+02
2.550000000000000000e+02 2.091642319124501910e+02 1.152186338917786941e+02
2.550000000000000000e+02 2.091817916976288529e+02 1.152457609943930237e+02
2.550000000000000000e+02 2.099212659596027777e+02 1.160990888671215231e+02
2.550000000000000000e+02 2.099990880226980892e+02 1.161611413227048502e+02
2.550000000000000000e+02 2.107871884077551954e+02 1.167460607647098527e+02
2.550000000000000000e+02 2.109091484834155210e+02 1.168524961156522295e+02
2.550000000000000000e+02 2.110691033912044929e+02 1.171146093697223591e+02
2.550000000000000000e+02 2.111105308045666504e+02 1.171072966628386069e+02
2.550000000000000000e+02 2.111022427886239257e+02 1.170871867189083275e+02
2.550000000000000000e+02 2.111267732891981268e+02 1.170986919881105166e+02
2.550000000000000000e+02 2.113170978855637259e+02 1.171996934742957563e+02
2.550000000000000000e+02 2.118128673241910462e+02 1.175218156792542032e+02
2.550000000000000000e+02 2.122193220968722471e+02 1.178480206714855143e+02
2.550000000000000000e+02 2.126504678105789310e+02 1.181049618320610648e+02
2.550000000000000000e+02 2.132198709721002388e+02 1.185201606093359459e+02
2.550000000000000000e+02 2.134085827197189644e+02 1.185977462338715185e+02
2.550000000000000000e+02 2.137780770789704832e+02 1.187635825508342862e+02
2.550000000000000000e+02 2.144146330135783387e+02 1.193420505978517809e+02
2.550000000000000000e+02 2.141845614064716585e+02 1.190050665405661050e+02
2.550000000000000000e+02 2.139537255961629398e+02 1.185336376072417721e+02
2.550000000000000000e+02 2.119873505370532882e+02 1.172514904073498627e+02
2.550000000000000000e+02 2.115404141052489422e+02 1.168785634668648186e+02
2.550000000000000000e+02 2.105223561102479266e+02 1.161032349861514490e+02
2.550000000000000000e+02 2.101762733905289338e+02 1.157438948186178465e+02
2.550000000000000000e+02 2.104558493210835763e+02 1.160167026953995872e+02
2.550000000000000000e+02 2.112621385867729487e+02 1.167185916706073101e+02
2.550000000000000000e+02 2.114589863541173997e+02 1.167749949334594390e+02
2.550000000000000000e+02 2.117486447003985575e+02 1.170482376883064290e+02
2.550000000000000000e+02 2.118471720259406936e+02 1.172420624197797707e+02
2.550000000000000000e+02 2.119071303114233729e+02 1.172409900020266207e+02
2.550000000000000000e+02 2.117785837330270908e+02 1.169841966155508999e+02
2.550000000000000000e+02 2.117895992366412088e+02 1.170024361615888608e+02
2.550000000000000000e+02 2.118176172059717715e+02 1.169709856110247870e+02
2.550000000000000000e+02 2.118907864959805352e+02 1.170424027224211301e+02
2.550000000000000000e+02 2.119864301155171233e+02 1.172302193812065099e+02
2.550000000000000000e+02 2.121753740795784609e+02 1.172304811524690962e+02
2.550000000000000000e+02 2.122853813416199387e+02 1.172243801932040839e+02
2.550000000000000000e+02 2.124201090995068455e+02 1.172735509693981015e+02
2.550000000000000000e+02 2.125316321016010193e+02 1.173773094980747089e+02
2.550000000000000000e+02 2.125741319327163410e+02 1.175172937917989628e+02
2.550000000000000000e+02 2.117138755657636864e+02 1.168567013443220901e+02
2.550000000000000000e+02 2.110336840505302973e+02 1.163270578598932588e+02
2.550000000000000000e+02 2.105464221779369041e+02 1.160180917719381171e+02
2.550000000000000000e+02 2.104318634736202114e+02 1.158324495034790260e+02
2.550000000000000000e+02 2.104142276903330355e+02 1.159121461865837972e+02
2.550000000000000000e+02 2.109691869891238127e+02 1.164561617577518007e+02
2.550000000000000000e+02 2.112671080186448762e+02 1.166056627035060416e+02
2.550000000000000000e+02 2.117339432885225960e+02 1.170684025197595020e+02
2.550000000000000000e+02 2.120292001621292854e+02 1.172132929135985933e+02
2.550000000000000000e+02 2.120888628994122769e+02 1.173159072485307064e+02
2.550000000000000000e+02 2.121629906100114908e+02 1.173159790245220506e+02
2.550000000000000000e+02 2.121888806323042616e+02 1.171848696210227700e+02
2.550000000000000000e+02 2.122609606160913245e+02 1.171783084509896611e+02
2.550000000000000000e+02 2.123654917922042955e+02 1.172561727352563707e+02
2.550000000000000000e+02 2.124888113895831907e+02 1.172882692697426137e+02
2.550000000000000000e+02 2.125852783219617663e+02 1.173388460109437261e+02
2.550000000000000000e+02 2.127102529892589473e+02 1.174126908396946618e+02
2.550000000000000000e+02 2.129086164966560943e+02 1.175420396203472251e+02
2.550000000000000000e+02 2.126978526312234123e+02 1.171313965074647001e+02
2.550000000000000000e+02 2.126291630074984766e+02 1.171017488009187275e+02
2.550000000000000000e+02 2.118155441464568014e+02 1.167156361886104179e+02
2.550000000000000000e+02 2.103536403093967522e+02 1.156594440316152088e+02
2.550000000000000000e+02 2.100584974329527768e+02 1.154413210160102636e+02
2.550000000000000000e+02 2.100044205566439359e+02 1.152847480240491791e+02
2.550000000000000000e+02 2.098608770181720047e+02 1.152775746470310025e+02
2.550000000000000000e+02 2.105159553806660711e+02 1.159233770181719905e+02
2.550000000000000000e+02 2.107197696412889343e+02 1.159784714247112021e+02
2.550000000000000000e+02 2.109910660001351062e+02 1.163177058704316664e+02
2.550000000000000000e+02 2.119094271431466723e+02 1.170262235695467155e+02
2.550000000000000000e+02 2.119892378234141859e+02 1.170105848476660100e+02
2.550000000000000000e+02 2.120532957846382374e+02 1.172021971897588344e+02
2.550000000000000000e+02 2.118487088765790816e+02 1.168265807606566256e+02
2.550000000000000000e+02 2.122955861987435071e+02 1.172302320475579336e+02
2.550000000000000000e+02 2.124092455921096985e+02 1.172790270553266225e+02
2.550000000000000000e+02 2.124957483280416000e+02 1.173053941768560406e+02
2.550000000000000000e+02 2.123562115787340474e+02 1.171114174491657138e+02
2.550000000000000000e+02 2.123974954401134880e+02 1.170640917381611814e+02
2.550000000000000000e+02 2.125355671147740395e+02 1.172299998311153075e+02
2.550000000000000000e+02 2.126018205769100859e+02 1.172122880497196462e+02
2.550000000000000000e+02 2.121523213200026987e+02 1.167485222590015468e+02
2.550000000000000000e+02 2.116272757211376074e+02 1.164446016010268181e+02
2.550000000000000000e+02 2.110330422887252553e+02 1.161115145578598913e+02
2.550000000000000000e+02 2.108144843950550467e+02 1.159699047490373545e+02
2.550000000000000000e+02 2.107260521515908920e+02 1.158519472404242379e+02
2.550000000000000000e+02 2.107711992501519944e+02 1.158825660339120418e+02
2.550000000000000000e+02 2.109835168546916293e+02 1.161445990677565305e+02
2.550000000000000000e+02 2.111960835641424126e+02 1.162905027697088371e+02
2.550000000000000000e+02 2.120239182935891336e+02 1.169736413227048502e+02
2.550000000000000000e+02 2.120410516449368288e+02 1.169683130108761731e+02
2.550000000000000000e+02 2.121391778693508172e+02 1.170335658312504279e+02
2.550000000000000000e+02 2.118044273120313505e+02 1.167017032020536362e+02
2.550000000000000000e+02 2.125765554279537923e+02 1.173709087684928676e+02
2.550000000000000000e+02 2.132252668378031615e+02 1.178499501790177675e+02
2.550000000000000000e+02 2.136268281767209487e+02 1.180963360467472825e+02
2.550000000000000000e+02 2.134311288252381189e+02 1.177044855772478513e+02
2.550000000000000000e+02 2.132646338580017584e+02 1.176860222590015468e+02
2.550000000000000000e+02 2.132590691076133282e+02 1.175215496858744899e+02
2.550000000000000000e+02 2.131002457272174695e+02 1.172887843680335038e+02
2.550000000000000000e+02 2.128761737485644687e+02 1.170245051678713821e+02
2.550000000000000000e+02 2.119221188272647396e+02 1.164364613591839515e+02
2.550000000000000000e+02 2.110209628115922555e+02 1.158090589745321921e+02
2.550000000000000000e+02 2.107917820712017942e+02 1.156767251570627622e+02
2.550000000000000000e+02 2.106310334053908093e+02 1.155802075592785201e+02
2.550000000000000000e+02 2.101794019793285031e+02 1.152133773559413612e+02
2.550000000000000000e+02 2.098685359386610685e+02 1.150467303924880156e+02
2.550000000000000000e+02 2.095741234884820585e+02 1.148305157738296316e+02
2.550000000000000000e+02 2.097520477268121226e+02 1.150428544889549443e+02
2.550000000000000000e+02 2.098866150442477760e+02 1.151899952712288098e+02
2.550000000000000000e+02 2.103110813686414815e+02 1.156183121664527391e+02
2.550000000000000000e+02 2.102665675876511386e+02 1.156373581368641510e+02
2.550000000000000000e+02 2.104718975883266978e+02 1.159835801864486911e+02
2.550000000000000000e+02 2.112604370735661803e+02 1.167077619401472646e+02
2.550000000000000000e+02 2.111539806120381115e+02 1.164739959805444869e+02
2.550000000000000000e+02 2.110731650678916367e+02 1.162369663243937055e+02
2.550000000000000000e+02 2.110171164628791587e+02 1.162479944943592471e+02
2.550000000000000000e+02 2.108956757076268218e+02 1.161298089914206599e+02
2.550000000000000000e+02 2.108002558602985914e+02 1.159703142943997847e+02
2.550000000000000000e+02 2.108228948523947963e+02 1.160339584881442931e+02
2.550000000000000000e+02 2.107811043369587196e+02 1.160963529352158332e+02
2.550000000000000000e+02 2.104297777477538318e+02 1.158386222387353968e+02
2.550000000000000000e+02 2.101513586772951498e+02 1.157109369722353591e+02
2.550000000000000000e+02 2.095757954468688808e+02 1.153785296899277171e+02
2.550000000000000000e+02 2.092049626764844845e+02 1.151389076538539484e+02
2.550000000000000000e+02 2.094285026683780302e+02 1.153956165979869013e+02
2.550000000000000000e+02 2.107821936431804488e+02 1.167581106870229064e+02
2.550000000000000000e+02 2.114196868877930058e+02 1.173361058569208950e+02
2.550000000000000000e+02 2.128124493345943335e+02 1.185979446733770146e+02
2.550000000000000000e+02 2.128992265081402309e+02 1.184687141120043208e+02
2.550000000000000000e+02 2.128876832398838133e+02 1.184617265081402451e+02
2.550000000000000000e+02 2.124267209349456209e+02 1.179813720191853008e+02
2.550000000000000000e+02 2.123805014186313542e+02 1.178862350537053345e+02
2.550000000000000000e+02 2.121482216442612980e+02 1.176508266905357090e+02
2.550000000000000000e+02 2.121899488279402703e+02 1.176268703978923185e+02
2.550000000000000000e+02 2.123880632304262690e+02 1.177742898398973210e+02
2.550000000000000000e+02 2.126017276903330355e+02 1.179786487536310204e+02
2.550000000000000000e+02 2.126710506316287308e+02 1.179037695061811775e+02
2.550000000000000000e+02 2.128207795717084423e+02 1.180533548942781863e+02
2.550000000000000000e+02 2.130502854151185659e+02 1.181636534824022107e+02
2.550000000000000000e+02 2.121078117611295113e+02 1.172749991555765661e+02
2.550000000000000000e+02 2.118018729311625918e+02 1.170540515436060218e+02
2.550000000000000000e+02 2.106520131054516014e+02 1.163221939809498053e+02
2.550000000000000000e+02 2.105087904478821770e+02 1.161958513476997865e+02
2.550000000000000000e+02 2.107230164493683731e+02 1.163389008984665338e+02
2.550000000000000000e+02 2.108963259136661463e+02 1.165341569276498035e+02
2.550000000000000000e+02 2.117866310882929213e+02 1.173559540295886023e+02
2.550000000000000000e+02 2.132919551780044571e+02 1.184406665878538121e+02
2.550000000000000000e+02 2.133747720056745152e+02 1.184638882321151101e+02
2.550000000000000000e+02 2.127886408160507870e+02 1.179431280821455061e+02
2.550000000000000000e+02 2.127533861379450002e+02 1.178578159832466383e+02
2.550000000000000000e+02 2.127177641356481672e+02 1.176995921434844234e+02
2.550000000000000000e+02 2.128520950145240818e+02 1.176854733837735552e+02
2.550000000000000000e+02 2.129998522259001561e+02 1.178218942106329763e+02
2.550000000000000000e+02 2.131320382692697422e+02 1.178991420657974771e+02
2.550000000000000000e+02 2.129975933932311136e+02 1.177426535161791463e+02
2.550000000000000000e+02 2.129595310072282643e+02 1.176711519624400495e+02
2.550000000000000000e+02 2.129690265486725593e+02 1.175311212254272846e+02
2.550000000000000000e+02 2.131142378234141859e+02 1.176611919881105166e+02
2.550000000000000000e+02 2.131345462068499614e+02 1.176833623252043566e+02
2.550000000000000000e+02 2.130245178342227916e+02 1.175593629669661624e+02
2.550000000000000000e+02 2.109871689860163428e+02 1.163105282712963628e+02
2.550000000000000000e+02 2.102487206985070713e+02 1.156541874957778759e+02
2.550000000000000000e+02 2.100938449976356139e+02 1.154691743227724174e+02
2.550000000000000000e+02 2.100501798621901060e+02 1.153664291022090111e+02
2.550000000000000000e+02 2.101969448760386285e+02 1.155602876106194685e+02
2.550000000000000000e+02 2.108294349118421849e+02 1.161762818347632304e+02
2.550000000000000000e+02 2.114647706545970323e+02 1.167130818077416734e+02
2.550000000000000000e+02 2.122948811051813891e+02 1.174870338782679227e+02
2.550000000000000000e+02 2.125658903600621557e+02 1.176648187867324253e+02
2.550000000000000000e+02 2.125537855502263085e+02 1.174976609471053166e+02
2.550000000000000000e+02 2.126575778558400316e+02 1.175419931770586999e+02
2.550000000000000000e+02 2.127499788894143080e+02 1.175926374721340295e+02
2.550000000000000000e+02 2.128575035465783856e+02 1.175934058974532235e+02
2.550000000000000000e+02 2.128884052219144678e+02 1.175231794230899141e+02
2.550000000000000000e+02 2.129576690535702141e+02 1.174986151455785972e+02
2.550000000000000000e+02 2.131392496453421472e+02 1.176900374924001937e+02
2.550000000000000000e+02 2.129730882253597315e+02 1.174536791528744146e+02
2.550000000000000000e+02 2.129910617780179791e+02 1.174588470242518383e+02
2.550000000000000000e+02 2.126757498480037896e+02 1.170898466527055319e+02
2.550000000000000000e+02 2.117049711207187670e+02 1.165139963183138576e+02
2.550000000000000000e+02 2.109568415186110997e+02 1.160691498344930039e+02
2.550000000000000000e+02 2.103041233195973803e+02 1.155152291765182753e+02
2.550000000000000000e+02 2.102703843815442895e+02 1.154292035398230070e+02
2.550000000000000000e+02 2.109111159900020311e+02 1.159847666013645835e+02
2.550000000000000000e+02 2.115018197324866662e+02 1.164785178679997273e+02
2.550000000000000000e+02 2.126624290684320613e+02 1.173547338377355942e+02
2.550000000000000000e+02 2.127285094237654448e+02 1.174054287982165761e+02
2.550000000000000000e+02 2.122943786732419085e+02 1.169886678376004880e+02
2.550000000000000000e+02 2.121907679186651308e+02 1.168849641964466599e+02
2.550000000000000000e+02 2.121947873741809190e+02 1.168261289941228114e+02
2.550000000000000000e+02 2.121797650814024223e+02 1.167580389110315480e+02
2.550000000000000000e+02 2.122335337431601658e+02 1.167545514422752149e+02
2.550000000000000000e+02 2.122810156724988246e+02 1.168286453759373131e+02
2.550000000000000000e+02 2.123523863406066425e+02 1.168971070053367498e+02
2.550000000000000000e+02 2.123720825170573505e+02 1.169454924677430228e+02
2.550000000000000000e+02 2.123051155171249036e+02 1.168120693440518778e+02
2.550000000000000000e+02 2.116155593460784985e+02 1.163669568668513108e+02
2.550000000000000000e+02 2.107806863473620353e+02 1.158950930554617287e+02
2.550000000000000000e+02 2.100970453624265417e+02 1.155946218671890904e+02
2.550000000000000000e+02 2.101713588461798281e+02 1.155352293454029535e+02
2.550000000000000000e+02 2.103333952577180241e+02 1.155449571032898746e+02
2.550000000000000000e+02 2.107494173478349069e+02 1.160746301425386804e+02
2.550000000000000000e+02 2.116153946835100896e+02 1.167133942444099119e+02
2.550000000000000000e+02 2.117772410997770862e+02 1.168139186313585043e+02
2.550000000000000000e+02 2.118821438221982021e+02 1.167905492129973624e+02
2.550000000000000000e+02 2.119419881105181389e+02 1.168539569681821320e+02
2.550000000000000000e+02 2.120251891508478082e+02 1.169020553266229854e+02
2.550000000000000000e+02 2.119013586772951498e+02 1.168043513139228509e+02
2.550000000000000000e+02 2.117874164020806518e+02 1.166978230764034379e+02
2.550000000000000000e+02 2.119825584341012075e+02 1.168785676889819598e+02
2.550000000000000000e+02 2.121823067959197431e+02 1.169969811862460318e+02
2.550000000000000000e+02 2.123128504357224813e+02 1.170520924812537942e+02
2.550000000000000000e+02 2.121586038303046564e+02 1.169423258798892107e+02
2.550000000000000000e+02 2.109369806795919828e+02 1.162520139498750211e+02
2.550000000000000000e+02 2.097220495845436687e+02 1.154023128757684304e+02
2.550000000000000000e+02 2.093733280416131777e+02 1.150468443896507438e+02
2.550000000000000000e+02 2.091978864081605138e+02 1.148863870499223196e+02
2.550000000000000000e+02 2.093199942579206834e+02 1.149083209484563923e+02
2.550000000000000000e+02 2.105503825238127433e+02 1.161842025265148948e+02
2.550000000000000000e+02 2.127264659190704492e+02 1.179121715192866304e+02
2.550000000000000000e+02 2.129922017496453464e+02 1.180151320678240836e+02
2.550000000000000000e+02 2.131516964466662216e+02 1.182011712152941953e+02
2.550000000000000000e+02 2.131892901776666918e+02 1.181783548942781863e+02
2.550000000000000000e+02 2.132213191582787317e+02 1.181754120786327036e+02
2.550000000000000000e+02 2.124602403229075094e+02 1.173135766398702913e+02
2.550000000000000000e+02 2.126135200635006299e+02 1.174126232858204446e+02
2.550000000000000000e+02 2.126509364655813101e+02 1.173667204282915577e+02
2.550000000000000000e+02 2.125420269539958156e+02 1.171529377491049075e+02
2.550000000000000000e+02 2.123663826589204859e+02 1.170500574207930811e+02
2.550000000000000000e+02 2.109974456191312697e+02 1.160185350942376488e+02
2.550000000000000000e+02 2.103227470782949524e+02 1.154888831655745491e+02
2.550000000000000000e+02 2.096885513071674723e+02 1.151561845571843605e+02
2.550000000000000000e+02 2.098157341417280293e+02 1.152620203674930792e+02
2.550000000000000000e+02 2.098485695467134917e+02 1.153515714719989234e+02
2.550000000000000000e+02 2.102442410322231865e+02 1.158323566169019756e+02
2.550000000000000000e+02 2.122690670809971039e+02 1.175916748294264664e+02
2.550000000000000000e+02 2.127340361750996465e+02 1.179557142133351277e+02
2.550000000000000000e+02 2.136630750523542588e+02 1.188109082618388186e+02
2.550000000000000000e+02 2.134397757211376074e+02 1.183665304330203298e+02
2.550000000000000000e+02 2.119971162939944520e+02 1.172400104708505069e+02
2.550000000000000000e+02 2.118739698034182197e+02 1.170663927920016221e+02
2.550000000000000000e+02 2.111586882726474244e+02 1.164680512396135867e+02
2.550000000000000000e+02 2.110741657096534425e+02 1.161920134432209721e+02
2.550000000000000000e+02 2.115764118759710755e+02 1.166347024251840878e+02
2.550000000000000000e+02 2.128679152874417468e+02 1.176905061474025587e+02
2.550000000000000000e+02 2.129542660271566490e+02 1.176680107072890564e+02
2.550000000000000000e+02 2.128967945686685255e+02 1.175049356549348119e+02
2.550000000000000000e+02 2.113242754846990579e+02 1.162184945619131327e+02
2.550000000000000000e+02 2.110298503681686100e+02 1.160009119773018966e+02
2.550000000000000000e+02 2.100237325204350611e+02 1.153773348307775422e+02
2.550000000000000000e+02 2.100397132338039512e+02 1.153828826926974216e+02
2.550000000000000000e+02 2.100514422752144696e+02 1.155588563129095405e+02
2.550000000000000000e+02 2.111984099506856580e+02 1.167619359251503113e+02
2.550000000000000000e+02 2.113694183611430049e+02 1.167231853340539089e+02
2.550000000000000000e+02 2.112615137134364716e+02 1.164806584813889145e+02
2.550000000000000000e+02 2.115636779706816242e+02 1.167705828210497856e+02
2.550000000000000000e+02 2.116669931770587141e+02 1.168469524758494913e+02
2.550000000000000000e+02 2.119399108288860418e+02 1.170138147672768980e+02
2.550000000000000000e+02 2.123897267445788088e+02 1.172692021887455240e+02
2.550000000000000000e+02 2.131988237181652437e+02 1.179591172397486929e+02
2.550000000000000000e+02 2.131708141930689635e+02 1.177229953387826811e+02
2.550000000000000000e+02 2.134627524826048841e+02 1.179710109437276202e+02
2.550000000000000000e+02 2.136596382490035921e+02 1.178781496993852613e+02
2.550000000000000000e+02 2.140245980544484325e+02 1.181361590555968348e+02
2.550000000000000000e+02 2.136620701884752975e+02 1.176596424711207192e+02
2.550000000000000000e+02 2.134937808214551183e+02 1.173853104100520142e+02
2.550000000000000000e+02 2.130680816388569951e+02 1.169438289535904829e+02
2.550000000000000000e+02 2.115270764372086774e+02 1.160477394784840897e+02
2.550000000000000000e+02 2.107863650949131795e+02 1.155309481186246074e+02
2.550000000000000000e+02 2.104326825643450718e+02 1.152353703641153828e+02
2.550000000000000000e+02 2.103518290211443684e+02 1.150844338985340869e+02
2.550000000000000000e+02 2.104515469837195099e+02 1.151430411065324648e+02
2.550000000000000000e+02 2.106509406876984372e+02 1.154931390596500762e+02
2.550000000000000000e+02 2.116101803688441407e+02 1.163362620752550214e+02
2.550000000000000000e+02 2.119179051543605965e+02 1.164917964264000574e+02
2.550000000000000000e+02 2.121410989326487879e+02 1.168701150104708546e+02
2.550000000000000000e+02 2.121943820509356158e+02 1.167512117476187257e+02
2.550000000000000000e+02 2.120423900560697064e+02 1.164807513679659507e+02
2.550000000000000000e+02 2.119029335269877663e+02 1.163381704722015826e+02
2.550000000000000000e+02 2.118547042829156339e+02 1.162649758494899714e+02
2.550000000000000000e+02 2.117577391407147331e+02 1.161384643315544167e+02
2.550000000000000000e+02 2.117184818955617231e+02 1.161522326555427895e+02
2.550000000000000000e+02 2.117494384584205989e+02 1.162051357832871759e+02
2.550000000000000000e+02 2.118019151523339758e+02 1.162430757278930002e+02
2.550000000000000000e+02 2.115836865838005849e+02 1.161224793960683712e+02
2.550000000000000000e+02 2.109660626224413988e+02 1.157383216239951338e+02
2.550000000000000000e+02 2.105929836857393695e+02 1.155507920691751735e+02
2.550000000000000000e+02 2.104433645207052734e+02 1.154571412889279145e+02
2.550000000000000000e+02 2.104671265959602806e+02 1.154913531041005257e+02
2.550000000000000000e+02 2.108330659325812348e+02 1.158946539552793382e+02
2.550000000000000000e+02 2.126441641896912813e+02 1.174193111193676913e+02
2.550000000000000000e+02 2.129480764034317417e+02 1.174666072755522492e+02
2.550000000000000000e+02 2.131030576572316306e+02 1.176173030804566650e+02
2.550000000000000000e+02 2.132263350334391703e+02 1.176293023373640523e+02
2.550000000000000000e+02 2.133897858542187294e+02 1.178158228061879385e+02
2.550000000000000000e+02 2.128810249611565268e+02 1.172749273795852218e+02
2.550000000000000000e+02 2.127240044247787694e+02 1.169112384313990418e+02
2.550000000000000000e+02 2.126364714922650876e+02 1.167932091467945668e+02
2.550000000000000000e+02 2.121651987772748669e+02 1.164407890292508228e+02
2.550000000000000000e+02 2.124901033574275573e+02 1.167135335742754876e+02
2.550000000000000000e+02 2.126577762953455419e+02 1.168413497264068042e+02
2.550000000000000000e+02 2.116911056880362025e+02 1.162902029993920081e+02
2.550000000000000000e+02 2.107112874079578546e+02 1.156381772275889972e+02
2.550000000000000000e+02 2.104785938661082128e+02 1.152843258123353394e+02
2.550000000000000000e+02 2.104175336080524232e+02 1.153239883807336383e+02
2.550000000000000000e+02 2.105310030061474151e+02 1.154304828413159498e+02
2.550000000000000000e+02 2.110267893332432720e+02 1.160220774505167896e+02
2.550000000000000000e+02 2.112743278389515638e+02 1.162751511517935512e+02
2.550000000000000000e+02 2.126700246571640776e+02 1.173893974194420053e+02
2.550000000000000000e+02 2.122111100790380362e+02 1.168046933054110639e+02
2.550000000000000000e+02 2.120961122745389389e+02 1.166821083564142469e+02
2.550000000000000000e+02 2.120059447409308859e+02 1.166007819360940374e+02
2.550000000000000000e+02 2.119568330743768172e+02 1.165953227386340672e+02
2.550000000000000000e+02 2.117022183003445264e+02 1.162162103965412427e+02
2.550000000000000000e+02 2.115582525501587554e+02 1.161337440045936660e+02
2.550000000000000000e+02 2.115890613389177872e+02 1.160485923461460516e+02
2.550000000000000000e+02 2.115187293116260321e+02 1.160450795446868852e+02
2.550000000000000000e+02 2.114879331892184098e+02 1.159292373167601227e+02
2.550000000000000000e+02 2.112470529622373761e+02 1.158451031885428648e+02
2.550000000000000000e+02 2.108991589542660279e+02 1.155745119232587967e+02
2.550000000000000000e+02 2.095950483010200571e+02 1.147731836452070553e+02
2.550000000000000000e+02 2.091157704519354184e+02 1.145172726812132709e+02
2.550000000000000000e+02 2.089924930757279071e+02 1.144492079308248265e+02
2.550000000000000000e+02 2.089459526785111052e+02 1.144283886712152878e+02
2.550000000000000000e+02 2.103285947105316609e+02 1.159098577990947803e+02
2.550000000000000000e+02 2.110059067418766574e+02 1.164315890360062156e+02
2.550000000000000000e+02 2.115159722691346360e+02 1.168027975748159122e+02
2.550000000000000000e+02 2.118676830709991350e+02 1.169842472809565663e+02
2.550000000000000000e+02 2.127312706883739679e+02 1.177898314530838348e+02
2.550000000000000000e+02 2.123310984259947247e+02 1.174129188340201324e+02
2.550000000000000000e+02 2.123219195433358095e+02 1.174555284401810411e+02
2.550000000000000000e+02 2.122424804093764692e+02 1.172910558670539700e+02
2.550000000000000000e+02 2.124310106059582495e+02 1.173416241640208000e+02
2.550000000000000000e+02 2.126021752347497227e+02 1.175028625954198418e+02
2.550000000000000000e+02 2.128329646017699019e+02 1.176214407552523085e+02
2.550000000000000000e+02 2.129809455853543341e+02 1.176314513949875078e+02
2.550000000000000000e+02 2.130681491927311981e+02 1.177630590083091278e+02
2.550000000000000000e+02 2.126886821927987512e+02 1.173674212997365345e+02
2.550000000000000000e+02 2.126508435790042597e+02 1.173253816793893094e+02
2.550000000000000000e+02 2.120724093089238806e+02 1.167973003783016992e+02
2.550000000000000000e+02 2.109052768019996051e+02 1.161537990610011519e+02
2.550000000000000000e+02 2.101326124772005812e+02 1.155058265216510165e+02
2.550000000000000000e+02 2.099101660136458918e+02 1.152627085725866323e+02
2.550000000000000000e+02 2.097958944132946044e+02 1.152353830304667923e+02
2.550000000000000000e+02 2.098675141863135991e+02 1.154141305816388581e+02
2.550000000000000000e+02 2.104272740322907396e+02 1.160265528946835047e+02
2.550000000000000000e+02 2.109327247855164558e+02 1.164803798216577775e+02
2.550000000000000000e+02 2.119871309869621143e+02 1.173348645544821949e+02
2.550000000000000000e+02 2.121041089643991029e+02 1.174046983719516248e+02
2.550000000000000000e+02 2.121189497061406541e+02 1.173957390393839120e+02
2.550000000000000000e+02 2.121740736674998402e+02 1.173650695804904416e+02
2.550000000000000000e+02 2.122486067013443289e+02 1.174798942781868476e+02
2.550000000000000000e+02 2.124535651557116864e+02 1.176595538066608100e+02
2.550000000000000000e+02 2.127061026481118802e+02 1.178376764844963844e+02
2.550000000000000000e+02 2.128150881578058602e+02 1.178464036006214997e+02
2.550000000000000000e+02 2.129921510842396799e+02 1.179714922650814088e+02
2.550000000000000000e+02 2.129265351617915201e+02 1.178215353306762125e+02
2.550000000000000000e+02 2.129497145848814341e+02 1.177249375126663580e+02
2.550000000000000000e+02 2.127850435722488669e+02 1.175210683645207013e+02
2.550000000000000000e+02 2.128000616429102081e+02 1.174559464297777538e+02
2.550000000000000000e+02 2.127542601161926541e+02 1.174658219617645045e+02
2.550000000000000000e+02 2.126935334053908093e+02 1.173985425251638191e+02
2.550000000000000000e+02 2.113147841653718899e+02 1.164207888603661445e+02
2.550000000000000000e+02 2.105262109031953059e+02 1.158793572248868458e+02
2.550000000000000000e+02 2.102002550158751717e+02 1.156408033844491001e+02
2.550000000000000000e+02 2.100188981963115680e+02 1.155509440653921445e+02
2.550000000000000000e+02 2.098317908532054332e+02 1.154141854691616516e+02
2.550000000000000000e+02 2.104295581976626295e+02 1.159983111531446269e+02
2.550000000000000000e+02 2.112238059852732590e+02 1.167066768560426908e+02
2.550000000000000000e+02 2.124324799027224344e+02 1.177235695467135059e+02
2.550000000000000000e+02 2.127368312166452711e+02 1.178483415523880353e+02
2.550000000000000000e+02 2.128128419914881988e+02 1.179152789975005078e+02
2.550000000000000000e+02 2.128559793622914356e+02 1.180227403229075236e+02
2.550000000000000000e+02 2.126797481929338574e+02 1.177079646017699162e+02
2.550000000000000000e+02 2.127670109099506988e+02 1.178101525028710341e+02
2.550000000000000000e+02 2.128276827332297501e+02 1.177035102681888787e+02
2.550000000000000000e+02 2.130609631493616121e+02 1.179415236776329152e+02
2.550000000000000000e+02 2.132460269877727512e+02 1.180046443288522653e+02
2.550000000000000000e+02 2.133322637303249394e+02 1.179275738026075828e+02
2.550000000000000000e+02 2.127307513679659507e+02 1.173763679659528520e+02
2.550000000000000000e+02 2.120611362561643034e+02 1.168100765047625487e+02
2.550000000000000000e+02 2.119401261568600887e+02 1.167353830304667923e+02
2.550000000000000000e+02 2.118630302979125872e+02 1.166388189893940392e+02
2.550000000000000000e+02 2.118390782273863522e+02 1.165874400459366313e+02
2.550000000000000000e+02 2.115019759508207926e+02 1.163393864419374495e+02
2.550000000000000000e+02 2.103966214618658341e+02 1.156896026143349303e+02
2.550000000000000000e+02 2.100781556103492562e+02 1.154608905289468339e+02
2.550000000000000000e+02 2.100164113693170407e+02 1.154117408633385082e+02
2.550000000000000000e+02 2.100361708775248246e+02 1.154227901438897561e+02
2.550000000000000000e+02 2.110648728298317849e+02 1.165110619469026574e+02
2.550000000000000000e+02 2.116465454637573487e+02 1.171222218469229261e+02
2.550000000000000000e+02 2.120988819833817445e+02 1.172814674390326246e+02
2.550000000000000000e+02 2.129802784908464446e+02 1.181249240018915145e+02
2.550000000000000000e+02 2.127105527595757621e+02 1.177110425251638191e+02
2.550000000000000000e+02 2.126668074039046132e+02 1.176821970208741419e+02
2.550000000000000000e+02 2.126628597243801835e+02 1.175626984395055104e+02
2.550000000000000000e+02 2.127661580422887369e+02 1.175360315476592632e+02
2.550000000000000000e+02 2.128965707964601677e+02 1.177031007228264485e+02
2.550000000000000000e+02 2.132509204215361649e+02 1.179745828548267212e+02
2.550000000000000000e+02 2.135041587853813496e+02 1.181600520164831494e+02
2.550000000000000000e+02 2.134348738431399113e+02 1.179894658177396423e+02
2.550000000000000000e+02 2.133036124434236172e+02 1.177546949942579175e+02
2.550000000000000000e+02 2.132410828886036711e+02 1.176131527393095979e+02
2.550000000000000000e+02 2.121874324461257970e+02 1.167475511720597154e+02
2.550000000000000000e+02 2.121141533810714179e+02 1.166266086266297322e+02
2.550000000000000000e+02 2.119836477403229082e+02 1.164906522326555489e+02
2.550000000000000000e+02 2.112007067824089575e+02 1.160004982098223394e+02
2.550000000000000000e+02 2.099294357562656330e+02 1.150332829494021496e+02
2.550000000000000000e+02 2.094297144159967559e+02 1.146616353104100483e+02
2.550000000000000000e+02 2.092575111463892483e+02 1.146445695129365703e+02
2.550000000000000000e+02 2.093147081672634044e+02 1.146750954198473238e+02
2.550000000000000000e+02 2.105968384786867489e+02 1.159976102816996502e+02
2.550000000000000000e+02 2.119978931635479285e+02 1.171712195163142667e+02
2.550000000000000000e+02 2.122334535229345533e+02 1.171675927176923580e+02
2.550000000000000000e+02 2.123579806458150472e+02 1.172635994393028369e+02
2.550000000000000000e+02 2.124750008444234197e+02 1.174446860433695861e+02
2.550000000000000000e+02 2.125816979666283828e+02 1.175054549753428290e+02
2.550000000000000000e+02 2.128458251705735336e+02 1.176278077078970483e+02
2.550000000000000000e+02 2.131984690603256070e+02 1.178814176180503921e+02
2.550000000000000000e+02 2.131158886712152878e+02 1.176619224143754678e+02
2.550000000000000000e+02 2.132007194487603954e+02 1.176563956630412804e+02
2.550000000000000000e+02 2.131975950820779531e+02 1.174806711477403240e+02
2.550000000000000000e+02 2.132152055326623099e+02 1.175947400864689598e+02
2.550000000000000000e+02 2.132569749375126662e+02 1.175828801594271482e+02
2.550000000000000000e+02 2.125250835979193482e+02 1.168922769033304121e+02
2.550000000000000000e+02 2.122283912044855754e+02 1.165178384449098132e+02
2.550000000000000000e+02 2.120102006350064130e+02 1.163273576302100878e+02
2.550000000000000000e+02 2.113858592852800200e+02 1.159835421873944483e+02
2.550000000000000000e+02 2.105192992974397157e+02 1.154590243531716567e+02
2.550000000000000000e+02 2.100908092954130950e+02 1.151849920624197807e+02
2.550000000000000000e+02 2.100046232182665733e+02 1.150743134837532864e+02
2.550000000000000000e+02 2.099885327298520679e+02 1.150626393298655614e+02
2.550000000000000000e+02 2.115355080051340906e+02 1.167450770114165977e+02
2.550000000000000000e+02 2.118893636425048896e+02 1.168231355130716764e+02
2.550000000000000000e+02 2.121431508815780660e+02 1.170190459704113977e+02
2.550000000000000000e+02 2.128980738701614541e+02 1.176425682294129587e+02
2.550000000000000000e+02 2.124329654461933501e+02 1.172115660676889775e+02
2.550000000000000000e+02 2.123900391812470332e+02 1.170848138890765426e+02
2.550000000000000000e+02 2.119662990610011377e+02 1.167135462406268971e+02
2.550000000000000000e+02 2.120975857934202509e+02 1.166874620009457573e+02
2.550000000000000000e+02 2.121532881848274030e+02 1.167407324528811756e+02
2.550000000000000000e+02 2.122243421941498411e+02 1.168094558535431986e+02
2.550000000000000000e+02 2.122757506924272093e+02 1.168897562993987691e+02
2.550000000000000000e+02 2.123184405188137589e+02 1.168783861379450144e+02
2.550000000000000000e+02 2.124677261365939387e+02 1.169262565020603972e+02
2.550000000000000000e+02 2.125709991217996446e+02 1.170393247990272272e+02
2.550000000000000000e+02 2.126297456596635698e+02 1.170969820306694658e+02
2.550000000000000000e+02 2.123835455650881556e+02 1.168580102006350074e+02
2.550000000000000000e+02 2.100054887522799447e+02 1.152651362899412248e+02
2.550000000000000000e+02 2.099127457272174695e+02 1.151426780044585598e+02
2.550000000000000000e+02 2.099537044855772479e+02 1.151452070526244711e+02
2.550000000000000000e+02 2.100256704722015684e+02 1.152198034182260358e+02
2.550000000000000000e+02 2.116675336080524232e+02 1.167472725123285784e+02
2.550000000000000000e+02 2.124869958792136799e+02 1.173412906167668694e+02
2.550000000000000000e+02 2.129482875092886616e+02 1.176663218604336976e+02
2.550000000000000000e+02 2.130922321488887405e+02 1.177321193339188028e+02
2.550000000000000000e+02 2.132025898466526996e+02 1.177489486928325277e+02
2.550000000000000000e+02 2.129335354320070337e+02 1.174810891373370225e+02
2.550000000000000000e+02 2.128038235492805654e+02 1.173153203742484578e+02
2.550000000000000000e+02 2.128739909140039117e+02 1.172530061474025587e+02
2.550000000000000000e+02 2.128658506721610593e+02 1.172441734783489835e+02
2.550000000000000000e+02 2.130039730122272488e+02 1.173762835236100841e+02
2.550000000000000000e+02 2.131816650341147010e+02 1.174835464095115896e+02
2.550000000000000000e+02 2.126218418563804562e+02 1.168831402418428667e+02
2.550000000000000000e+02 2.124539958116598086e+02 1.167433712760926880e+02
2.550000000000000000e+02 2.122090539079916311e+02 1.163737122542727889e+02
2.550000000000000000e+02 2.118741344659866286e+02 1.161664316354792987e+02
2.550000000000000000e+02 2.109093806998581329e+02 1.156382912247517396e+02
2.550000000000000000e+02 2.102349734851043763e+02 1.151875506654056665e+02
2.550000000000000000e+02 2.099497272512328720e+02 1.150594178544889559e+02
2.550000000000000000e+02 2.099960565425927257e+02 1.149950854556508801e+02
2.550000000000000000e+02 2.103227892994663364e+02 1.153060021617239812e+02
2.550000000000000000e+02 2.118615905559683767e+02 1.166332204620684934e+02
2.550000000000000000e+02 2.124013924542322513e+02 1.171384347767344423e+02
2.550000000000000000e+02 2.135028414848341640e+02 1.180723839762210332e+02
2.550000000000000000e+02 2.136164924339661013e+02 1.180396119029926325e+02
2.550000000000000000e+02 2.132844102546781073e+02 1.176823659055596778e+02
2.550000000000000000e+02 2.130078446936431931e+02 1.172741293994460534e+02
2.550000000000000000e+02 2.121941582787272864e+02 1.166084788556373724e+02
2.550000000000000000e+02 2.122772242113085213e+02 1.167102445450246506e+02
2.550000000000000000e+02 2.124922355265824478e+02 1.167725038843477705e+02
2.550000000000000000e+02 2.127011585489427716e+02 1.169770781260555310e+02
2.550000000000000000e+02 2.129552117813956613e+02 1.171567672093494537e+02
2.550000000000000000e+02 2.128650611362561733e+02 1.168390486725663777e+02
2.550000000000000000e+02 2.127964855096939800e+02 1.168777063770857296e+02
2.550000000000000000e+02 2.125541190974802532e+02 1.165807859893264862e+02
2.550000000000000000e+02 2.103428232452881161e+02 1.152564176180503921e+02
2.550000000000000000e+02 2.097751933729649352e+02 1.148303468891440957e+02
2.550000000000000000e+02 2.096037331959738026e+02 1.146839871985408337e+02
2.550000000000000000e+02 2.096079722015807647e+02 1.146713630682969693e+02
2.550000000000000000e+02 2.103589432885225960e+02 1.153960430318178680e+02
2.550000000000000000e+02 2.122251443964061366e+02 1.169453066945889361e+02
2.550000000000000000e+02 2.124679330203337031e+02 1.170006333175707596e+02
2.550000000000000000e+02 2.128982047557927331e+02 1.174590201310545154e+02
2.550000000000000000e+02 2.128196733770181766e+02 1.172537576842531877e+02
2.550000000000000000e+02 2.127630885631290880e+02 1.172557631898939405e+02
2.550000000000000000e+02 2.126512446801324074e+02 1.170876722623792432e+02
2.550000000000000000e+02 2.115457339728433510e+02 1.161430242180638999e+02
2.550000000000000000e+02 2.118121115652232618e+02 1.163366547321488866e+02
2.550000000000000000e+02 2.120000886644598950e+02 1.163763215226643268e+02
2.550000000000000000e+02 2.122083699250152051e+02 1.165728484091062569e+02
2.550000000000000000e+02 2.125242645071944878e+02 1.168072603526312179e+02
2.550000000000000000e+02 2.127978281429439846e+02 1.169760648179423157e+02
2.550000000000000000e+02 2.126664696345335415e+02 1.167098772208336186e+02
2.550000000000000000e+02 2.117511610822130592e+02 1.161505606971559814e+02
2.550000000000000000e+02 2.107897596770924906e+02 1.156233491521988839e+02
2.550000000000000000e+02 2.101842447476862787e+02 1.151528870836992553e+02
2.550000000000000000e+02 2.100201521651016776e+02 1.149705887320137805e+02
2.550000000000000000e+02 2.101050969398094992e+02 1.150049609876376451e+02
2.550000000000000000e+02 2.106313331757076242e+02 1.155408320948456407e+02
2.550000000000000000e+02 2.121524648719854156e+02 1.167626579071809800e+02
2.550000000000000000e+02 2.126208412146186504e+02 1.172511061946902657e+02
2.550000000000000000e+02 2.129734217726136478e+02 1.174754568330743751e+02
2.550000000000000000e+02 2.131124518678646211e+02 1.175161158211173387e+02
2.550000000000000000e+02 2.130702138080118857e+02 1.173754813213537744e+02
2.550000000000000000e+02 2.131294627778153199e+02 1.174416587853813354e+02
2.550000000000000000e+02 2.124423765452948771e+02 1.167362063433087940e+02
2.550000000000000000e+02 2.124221990474903805e+02 1.165286681753698588e+02
2.550000000000000000e+02 2.124620980544484325e+02 1.166017023576302165e+02
2.550000000000000000e+02 2.123147081672634044e+02 1.163212060055394232e+02
2.550000000000000000e+02 2.122534241369992571e+02 1.163183729649395417e+02
2.550000000000000000e+02 2.122368185502938616e+02 1.163715083091265257e+02
2.550000000000000000e+02 2.122718494561913190e+02 1.163009187326893255e+02
2.550000000000000000e+02 2.114315594811862411e+02 1.158419661555090130e+02
2.550000000000000000e+02 2.103662222184692325e+02 1.153058163885698804e+02
2.550000000000000000e+02 2.100426602715665751e+02 1.149469322096872190e+02
2.550000000000000000e+02 2.100865365128690030e+02 1.149974793960683712e+02
2.550000000000000000e+02 2.102171097074917157e+02 1.150283726271701710e+02
2.550000000000000000e+02 2.119629002567047280e+02 1.167123851584138379e+02
2.550000000000000000e+02 2.122332593055461700e+02 1.168833471255826453e+02
2.550000000000000000e+02 2.125953860703911289e+02 1.170821792879821714e+02
2.550000000000000000e+02 2.129613802945349050e+02 1.173900518475984569e+02
2.550000000000000000e+02 2.131748378707018787e+02 1.175284528473957977e+02
2.550000000000000000e+02 2.131294458893467549e+02 1.174723704654461898e+02
2.550000000000000000e+02 2.131122660947105203e+02 1.174226930351955644e+02
2.550000000000000000e+02 2.126214196446666165e+02 1.168242543741133517e+02
2.550000000000000000e+02 2.125821328446936320e+02 1.167210151658447614e+02
2.550000000000000000e+02 2.122415304330203298e+02 1.162831393974194469e+02
2.550000000000000000e+02 2.121818972505573129e+02 1.162446336891170660e+02
2.550000000000000000e+02 2.120410136458826003e+02 1.161023821184895013e+02
2.550000000000000000e+02 2.119954443356076581e+02 1.160433569208944107e+02
2.550000000000000000e+02 2.114471939809498053e+02 1.157765824495034792e+02
2.550000000000000000e+02 2.105661014659190755e+02 1.152796857056002153e+02
2.550000000000000000e+02 2.100969693643180563e+02 1.149188804634195833e+02
2.550000000000000000e+02 2.098745017901776748e+02 1.147626959062352228e+02
2.550000000000000000e+02 2.100354911166655540e+02 1.149084265013848523e+02
2.550000000000000000e+02 2.120182902114436274e+02 1.166857689319732430e+02
2.550000000000000000e+02 2.127141246706748632e+02 1.171861109234614560e+02
2.550000000000000000e+02 2.141211578734040302e+02 1.183344676754711884e+02
2.550000000000000000e+02 2.141768855975140298e+02 1.181684413632371786e+02
2.550000000000000000e+02 2.133769083969465612e+02 1.175187208673917496e+02
2.550000000000000000e+02 2.119188382422481993e+02 1.164321168006485152e+02
2.550000000000000000e+02 2.102756409173816223e+02 1.149940721475376648e+02
2.550000000000000000e+02 2.101980510707288943e+02 1.148747551172059786e+02
2.550000000000000000e+02 2.104392732891981268e+02 1.149807851449030665e+02
2.550000000000000000e+02 2.116231676011619243e+02 1.161143644869283236e+02
2.550000000000000000e+02 2.132410406674322871e+02 1.172149690941025426e+02
2.550000000000000000e+02 2.136371174761872567e+02 1.175722108694183561e+02
2.550000000000000000e+02 2.137045573532392098e+02 1.176381603391204465e+02
2.550000000000000000e+02 2.135484065729919507e+02 1.173536191988110460e+02
2.550000000000000000e+02 2.118945104032966356e+02 1.162679988853610809e+02
2.550000000000000000e+02 2.112664704789569612e+02 1.157808003445247635e+02
2.550000000000000000e+02 2.110156640545835387e+02 1.155198439505505661e+02
2.550000000000000000e+02 2.105502854151185659e+02 1.152852884550429025e+02
2.550000000000000000e+02 2.101639448084847572e+02 1.149507405593460732e+02
2.550000000000000000e+02 2.101982832871715061e+02 1.149300817401878021e+02
2.550000000000000000e+02 2.109917035398230212e+02 1.156739765588056486e+02
2.550000000000000000e+02 2.127775493143281835e+02 1.171169821995541440e+02
2.550000000000000000e+02 2.130405196581774021e+02 1.173066270350604583e+02
2.550000000000000000e+02 2.131003723907316214e+02 1.172900045598865120e+02
2.550000000000000000e+02 2.128588630682969551e+02 1.170494916570965387e+02
2.550000000000000000e+02 2.129685030061474151e+02 1.171558805647503902e+02
2.550000000000000000e+02 2.125352251232858123e+02 1.167106625346213633e+02
2.550000000000000000e+02 2.125300825846112218e+02 1.165950947443085823e+02
2.550000000000000000e+02 2.125935663379044911e+02 1.165794982435992750e+02
2.550000000000000000e+02 2.123760597514017547e+02 1.162511779706816242e+02
2.550000000000000000e+02 2.123368869485915127e+02 1.162330524218063914e+02
2.550000000000000000e+02 2.123969001215969854e+02 1.163265723164223431e+02
2.550000000000000000e+02 2.117389042761602411e+02 1.158720867391744918e+02
2.550000000000000000e+02 2.106514853408093018e+02 1.152004830102006281e+02
2.550000000000000000e+02 2.103809742957508604e+02 1.151194394717286968e+02
2.550000000000000000e+02 2.104625455988650913e+02 1.150809337634263301e+02
2.550000000000000000e+02 2.106831512193474225e+02 1.152457525501587554e+02
2.550000000000000000e+02 2.114523407417415513e+02 1.159160305343511510e+02
2.550000000000000000e+02 2.132634558873201343e+02 1.173370220563399329e+02
2.550000000000000000e+02 2.134028026413564874e+02 1.172368945484023470e+02
2.550000000000000000e+02 2.135043656691211140e+02 1.174009153549956039e+02
2.550000000000000000e+02 2.135158582719718936e+02 1.174494570357360033e+02
2.550000000000000000e+02 2.121298765452948771e+02 1.162402089103560030e+02
2.550000000000000000e+02 2.120592489698034058e+02 1.160985526582449552e+02
2.550000000000000000e+02 2.121401953995811596e+02 1.161091248395595557e+02
2.550000000000000000e+02 2.118916942511652906e+02 1.158087549820982218e+02
2.550000000000000000e+02 2.121087237384313937e+02 1.161038176383165563e+02
2.550000000000000000e+02 2.122790354995609050e+02 1.162587186718908328e+02
2.550000000000000000e+02 2.122993565493481185e+02 1.162694681821252516e+02
2.550000000000000000e+02 2.114950643450652024e+02 1.156812850435722453e+02
2.550000000000000000e+02 2.113346407822738513e+02 1.156003343916773645e+02
2.550000000000000000e+02 2.107244899682496850e+02 1.152508739782476539e+02
2.550000000000000000e+02 2.105516956022428019e+02 1.151286690197932785e+02
2.550000000000000000e+02 2.106243835708977770e+02 1.151641559143416913e+02
2.550000000000000000e+02 2.108551433830980102e+02 1.154748826251435503e+02
2.550000000000000000e+02 2.113810967371478853e+02 1.158070661352428630e+02
2.550000000000000000e+02 2.130475917043842458e+02 1.172177134702425150e+02
2.550000000000000000e+02 2.131230029385935154e+02 1.171140056069715598e+02
2.550000000000000000e+02 2.130964331554414741e+02 1.171255615415794153e+02
2.550000000000000000e+02 2.120008908667162189e+02 1.163091687495777933e+02
2.550000000000000000e+02 2.119794087347159461e+02 1.161838858677295150e+02
2.550000000000000000e+02 2.118971703370938258e+02 1.159490601567249826e+02
2.550000000000000000e+02 2.119336325407012112e+02 1.159725013510774829e+02
2.550000000000000000e+02 2.120807564345065259e+02 1.161609091062622383e+02
2.550000000000000000e+02 2.123071885766398736e+02 1.162671966831047712e+02
2.550000000000000000e+02 2.123859521718570420e+02 1.162901861109234574e+02
2.550000000000000000e+02 2.123672819698709588e+02 1.162539519016415568e+02
2.550000000000000000e+02 2.119667972708234913e+02 1.159612536310207389e+02
2.550000000000000000e+02 2.113242881510504674e+02 1.158112798081469919e+02
2.550000000000000000e+02 2.110176568938728678e+02 1.155795742417077605e+02
2.550000000000000000e+02 2.109613971830034416e+02 1.153811474025535375e+02
2.550000000000000000e+02 2.110512902789974987e+02 1.154904537931500386e+02
2.550000000000000000e+02 2.114447071539552780e+02 1.159228196987097164e+02
2.550000000000000000e+02 2.120800428967101254e+02 1.163846433155441531e+02
2.550000000000000000e+02 2.122391027156657515e+02 1.163498024049179236e+02
2.550000000000000000e+02 2.122406522326555489e+02 1.162829958454367301e+02
2.550000000000000000e+02 2.122117307302573863e+02 1.163187656218334070e+02
2.550000000000000000e+02 2.121293150037154760e+02 1.161966957711274802e+02
2.550000000000000000e+02 2.122233668850908543e+02 1.161897292778490822e+02
2.550000000000000000e+02 2.123261754374113366e+02 1.162968908329392690e+02
2.550000000000000000e+02 2.125008022022562955e+02 1.164907746740525596e+02
2.550000000000000000e+02 2.127500126663514095e+02 1.165173571235560388e+02
2.550000000000000000e+02 2.130150771803012901e+02 1.167545641086266244e+02
2.550000000000000000e+02 2.131198405728568446e+02 1.168309548740120221e+02
2.550000000000000000e+02 2.124005269202188799e+02 1.163030129027899733e+02
2.550000000000000000e+02 2.114466113287847122e+02 1.156271026143349303e+02
2.550000000000000000e+02 2.099751655069918286e+02 1.146330515773829575e+02
2.550000000000000000e+02 2.097929769303519549e+02 1.143619621022765642e+02
2.550000000000000000e+02 2.096756231844896377e+02 1.142816532121867255e+02
2.550000000000000000e+02 2.098250607984867884e+02 1.145299939201513268e+02
2.550000000000000000e+02 2.105886813483753315e+02 1.152403440181044374e+02
2.550000000000000000e+02 2.109069403161521450e+02 1.155083091265284025e+02
2.550000000000000000e+02 2.120860847463351888e+02 1.165096855367155371e+02
2.550000000000000000e+02 2.121030534351145036e+02 1.164458175707626850e+02
2.550000000000000000e+02 2.121297667702492618e+02 1.163882490035803556e+02
2.550000000000000000e+02 2.121580591771938202e+02 1.163962034722691357e+02
2.550000000000000000e+02 2.121841265284064093e+02 1.165314589947983563e+02
2.550000000000000000e+02 2.123843646558130160e+02 1.165536799972978486e+02
2.550000000000000000e+02 2.125021912787948395e+02 1.166258233128419874e+02
2.550000000000000000e+02 2.126773204755792790e+02 1.167760377963926288e+02
2.550000000000000000e+02 2.129384330878876028e+02 1.169644413294602430e+02
2.550000000000000000e+02 2.131600857934202509e+02 1.171020485712355566e+02
2.550000000000000000e+02 2.122923562791326049e+02 1.163112966966155568e+02
2.550000000000000000e+02 2.113929355536039907e+02 1.157294214010673556e+02
2.550000000000000000e+02 2.100455059785178662e+02 1.148122551172059786e+02
2.550000000000000000e+02 2.098206486860771349e+02 1.145161031547659292e+02
2.550000000000000000e+02 2.098162619063703289e+02 1.144907915625211103e+02
2.550000000000000000e+02 2.100483136864149287e+02 1.148724751739512300e+02
2.550000000000000000e+02 2.112219398094980818e+02 1.158996276092683928e+02
2.550000000000000000e+02 2.115805242180639141e+02 1.161934447409308859e+02
2.550000000000000000e+02 2.123915253664797547e+02 1.169686423360129766e+02
2.550000000000000000e+02 2.124208479700060934e+02 1.168193187191785398e+02
2.550000000000000000e+02 2.117771313247314708e+02 1.162724025535364518e+02
2.550000000000000000e+02 2.116473349996622346e+02 1.161422431263932964e+02
2.550000000000000000e+02 2.116875844423427679e+02 1.161652916638519173e+02
2.550000000000000000e+02 2.118204122475173961e+02 1.162643129770992374e+02
2.550000000000000000e+02 2.119890478281429580e+02 1.163558062554887584e+02
2.550000000000000000e+02 2.121901134905086792e+02 1.164293597581571333e+02
2.550000000000000000e+02 2.123549407214753728e+02 1.165509947307978109e+02
2.550000000000000000e+02 2.124408143619536702e+02 1.166316033912044787e+02
2.550000000000000000e+02 2.125412923056137231e+02 1.165931567925420467e+02
2.550000000000000000e+02 2.126793808687428111e+02 1.166646330135783245e+02
2.550000000000000000e+02 2.124916106532459708e+02 1.164464171113963431e+02
2.550000000000000000e+02 2.115465277308653640e+02 1.159932150577585617e+02
2.550000000000000000e+02 2.107429110653245914e+02 1.153899969600756634e+02
