2.550000000000000000e+02 1.966116863905325545e+02 6.202896362687086906e+01
2.550000000000000000e+02 1.966928602506091295e+02 6.206710755308040461e+01
2.550000000000000000e+02 1.967816698572920302e+02 6.211527584406543667e+01
2.550000000000000000e+02 1.977861294813783388e+02 6.296850417681865508e+01
2.550000000000000000e+02 1.986430864949530246e+02 6.304685868430212281e+01
2.550000000000000000e+02 1.990123651235642228e+02 6.285837539157675025e+01
2.550000000000000000e+02 1.995566959624086394e+02 6.256753393665158569e+01
2.550000000000000000e+02 1.998197659241211284e+02 6.249090671771666905e+01
2.550000000000000000e+02 1.999908545074834763e+02 6.243822659241211426e+01
2.550000000000000000e+02 2.003226244343891267e+02 6.234890358510268271e+01
2.550000000000000000e+02 2.001937347720153184e+02 6.215398973198747257e+01
2.550000000000000000e+02 2.002683562478245847e+02 6.222768882701009119e+01
2.550000000000000000e+02 2.002961973546815102e+02 6.223457622694048297e+01
2.550000000000000000e+02 2.003032326836059838e+02 6.220138792203271549e+01
2.550000000000000000e+02 2.003810607379046189e+02 6.214646275670031628e+01
2.550000000000000000e+02 2.004488513748694629e+02 6.213184389140271691e+01
2.550000000000000000e+02 2.004487730595196524e+02 6.213197006613296480e+01
2.550000000000000000e+02 2.004241689871214760e+02 6.206137747998607779e+01
2.550000000000000000e+02 2.004664766794291779e+02 6.205347633136094743e+01
2.550000000000000000e+02 2.007639053254438011e+02 6.217286808214409888e+01
2.550000000000000000e+02 2.010496040723981821e+02 6.225016098155238353e+01
2.550000000000000000e+02 2.010051209537069212e+02 6.226455795335886023e+01
2.550000000000000000e+02 2.009303210929342072e+02 6.205943699965192906e+01
2.550000000000000000e+02 2.009128785241907451e+02 6.213747824573616185e+01
2.550000000000000000e+02 2.002671336581969967e+02 6.159835972850678587e+01
2.550000000000000000e+02 2.005174121127741103e+02 6.183448050817960251e+01
2.550000000000000000e+02 2.005502349460494145e+02 6.185727897667943154e+01
2.550000000000000000e+02 2.008173599025408862e+02 6.202121910894535262e+01
2.550000000000000000e+02 2.005205273233553669e+02 6.160228854855551361e+01
2.550000000000000000e+02 2.010131395753567745e+02 6.206032457361642685e+01
2.550000000000000000e+02 2.009811695092238040e+02 6.198461538461538112e+01
2.550000000000000000e+02 2.012180995475113150e+02 6.204015837104072517e+01
2.550000000000000000e+02 2.010016054646710870e+02 6.174728941872606924e+01
2.550000000000000000e+02 2.012070962408632226e+02 6.174740689175078501e+01
2.550000000000000000e+02 2.011938696484510842e+02 6.163522885485555491e+01
2.550000000000000000e+02 2.012673599025409032e+02 6.163053863557257017e+01
2.550000000000000000e+02 2.010954664114166235e+02 6.145948920988513464e+01
2.550000000000000000e+02 2.009759702401670722e+02 6.134858597285067816e+01
2.550000000000000000e+02 2.003642055342847073e+02 6.093788722589627582e+01
2.550000000000000000e+02 2.003877044900800684e+02 6.093404107205012110e+01
2.550000000000000000e+02 2.003208101287852401e+02 6.086843021232161277e+01
2.550000000000000000e+02 2.000626783849634478e+02 6.072410807518273401e+01
2.550000000000000000e+02 2.001502131917855820e+02 6.068567699269056703e+01
2.550000000000000000e+02 2.001245127044900869e+02 6.077381656804733723e+01
2.550000000000000000e+02 2.001093978419770281e+02 6.078546815175774753e+01
2.550000000000000000e+02 2.000778585102680154e+02 6.076270884093282376e+01
2.550000000000000000e+02 1.999126131221719334e+02 6.054377392969021798e+01
2.550000000000000000e+02 1.998805995475113093e+02 6.051379220327184072e+01
2.550000000000000000e+02 1.999402671423599145e+02 6.052786721197355035e+01
2.550000000000000000e+02 1.999061477549599601e+02 6.034858162199790854e+01
2.550000000000000000e+02 1.998106856943961134e+02 6.035360250609119248e+01
2.550000000000000000e+02 1.997924730247128480e+02 6.025151409676296765e+01
2.550000000000000000e+02 1.998944613644274284e+02 6.028165680473372845e+01
2.550000000000000000e+02 2.002148103028193589e+02 6.041513226592412167e+01
2.550000000000000000e+02 2.002926644622345975e+02 6.058208318830490668e+01
2.550000000000000000e+02 2.001132788026453113e+02 6.033193525931082490e+01
2.550000000000000000e+02 1.986922119735468186e+02 5.930837104072398347e+01
2.550000000000000000e+02 1.985343325791855307e+02 5.915349808562478273e+01
2.550000000000000000e+02 1.983944961712495569e+02 5.897065784893839435e+01
2.550000000000000000e+02 1.983824617124956546e+02 5.906881308736512182e+01
2.550000000000000000e+02 1.985823703445875310e+02 5.929679342151061405e+01
2.550000000000000000e+02 1.989849112426035447e+02 5.938224416985729448e+01
2.550000000000000000e+02 1.989787373825269867e+02 5.936587191089453341e+01
2.550000000000000000e+02 2.000079533588583445e+02 6.017930299338670608e+01
2.550000000000000000e+02 1.999865471632439835e+02 6.001907848938392220e+01
2.550000000000000000e+02 2.000060694396101724e+02 6.014457448659937455e+01
2.550000000000000000e+02 2.002843064740689272e+02 6.025429864253393930e+01
2.550000000000000000e+02 1.997201270449008064e+02 5.994594935607378972e+01
2.550000000000000000e+02 1.998311782109293517e+02 5.997473024712843426e+01
2.550000000000000000e+02 1.997452967281587064e+02 5.978093021232161419e+01
2.550000000000000000e+02 2.000949356073790568e+02 6.001182126696832597e+01
2.550000000000000000e+02 2.005513966237382419e+02 6.020332840236686422e+01
2.550000000000000000e+02 2.006596545422902977e+02 6.025961973546814932e+01
2.550000000000000000e+02 2.005417986425339336e+02 6.020786634180299046e+01
2.550000000000000000e+02 2.001687869822485197e+02 5.994389140271493233e+01
2.550000000000000000e+02 2.004513226592412138e+02 5.997838496345283943e+01
2.550000000000000000e+02 2.006452358162199801e+02 6.016327445179255307e+01
2.550000000000000000e+02 2.005341280891054510e+02 5.992587887225896282e+01
2.550000000000000000e+02 2.005406108597285026e+02 5.979318656456665337e+01
2.550000000000000000e+02 2.007026061608075054e+02 5.992925513400626869e+01
2.550000000000000000e+02 2.008508962756700384e+02 5.994699791159067104e+01
2.550000000000000000e+02 2.010676862164984300e+02 5.998068656456665337e+01
2.550000000000000000e+02 2.012733162199791082e+02 6.009018012530455621e+01
2.550000000000000000e+02 2.013870127044900755e+02 6.014927340758788432e+01
2.550000000000000000e+02 2.013567003132613991e+02 6.010258875739644679e+01
2.550000000000000000e+02 2.014910415941524491e+02 6.006773407587887448e+01
2.550000000000000000e+02 2.011390053950574384e+02 5.974215106160807665e+01
2.550000000000000000e+02 2.007617124956491352e+02 5.941638966237382391e+01
2.550000000000000000e+02 2.000449791159067274e+02 5.895141402714931900e+01
2.550000000000000000e+02 2.002340454229028808e+02 5.901346153846154152e+01
2.550000000000000000e+02 1.996851070309780596e+02 5.877512182387747686e+01
2.550000000000000000e+02 2.000216367908109873e+02 5.881042899408284086e+01
2.550000000000000000e+02 2.005386529759832968e+02 5.909038461538461462e+01
2.550000000000000000e+02 2.006126696832579057e+02 5.912017055342847272e+01
2.550000000000000000e+02 2.009089714584058584e+02 5.922237643578141331e+01
2.550000000000000000e+02 2.008684824225548198e+02 5.920452488687782733e+01
2.550000000000000000e+02 2.007656369648451005e+02 5.914161155586494800e+01
2.550000000000000000e+02 2.006935650887573956e+02 5.914049338670379541e+01
2.550000000000000000e+02 2.009960842325095598e+02 5.915278019491820061e+01
2.550000000000000000e+02 2.009937652279846816e+02 5.908577706230421001e+01
2.550000000000000000e+02 2.016690175774451745e+02 5.934268621649843567e+01
2.550000000000000000e+02 2.021971284371736886e+02 5.969061085972850833e+01
2.550000000000000000e+02 2.023792986425339393e+02 5.974177688827010257e+01
2.550000000000000000e+02 2.023833449356073686e+02 5.974584928646014959e+01
2.550000000000000000e+02 2.010244561434041088e+02 5.879176383571179798e+01
2.550000000000000000e+02 2.007666246084232569e+02 5.857784545770971363e+01
2.550000000000000000e+02 2.010330708318830375e+02 5.869077619213366148e+01
2.550000000000000000e+02 2.010021623738252572e+02 5.862889836407936173e+01
2.550000000000000000e+02 2.006137095370692691e+02 5.837638792203271976e+01
2.550000000000000000e+02 2.002511268708666989e+02 5.808739122868082205e+01
2.550000000000000000e+02 2.000228028193525915e+02 5.789369996519317851e+01
2.550000000000000000e+02 1.997817003132614104e+02 5.779206404455273116e+01
2.550000000000000000e+02 1.996072746258266761e+02 5.769414375217542812e+01
2.550000000000000000e+02 1.996238426731639493e+02 5.753394535328924775e+01
2.550000000000000000e+02 1.999187478245736145e+02 5.770135746606334948e+01
2.550000000000000000e+02 1.999827706230421143e+02 5.770406804733728023e+01
2.550000000000000000e+02 1.999672989906021598e+02 5.754396971806473715e+01
2.550000000000000000e+02 2.003221414897319903e+02 5.803197876783849551e+01
2.550000000000000000e+02 1.999555647406891694e+02 5.763644709363035190e+01
2.550000000000000000e+02 1.998777845457709645e+02 5.742811956143403762e+01
2.550000000000000000e+02 2.015132701009397920e+02 5.877091890010441944e+01
2.550000000000000000e+02 2.015373825269752786e+02 5.866582405151410029e+01
2.550000000000000000e+02 2.015532805429864140e+02 5.864976070309780454e+01
2.550000000000000000e+02 2.013585407239818892e+02 5.849629742429516455e+01
2.550000000000000000e+02 2.005144404803341445e+02 5.776105986773407608e+01
2.550000000000000000e+02 2.004102723633832284e+02 5.750681778628611340e+01
2.550000000000000000e+02 2.000037025757048355e+02 5.732079707622693832e+01
2.550000000000000000e+02 2.006621127741037185e+02 5.777644448311868786e+01
2.550000000000000000e+02 2.000732683605986892e+02 5.739022363383222824e+01
2.550000000000000000e+02 2.001406152105812737e+02 5.722883310128785439e+01
2.550000000000000000e+02 2.008571832579185639e+02 5.804195092238078502e+01
2.550000000000000000e+02 2.009423686042464396e+02 5.796081186912634564e+01
2.550000000000000000e+02 2.009496388792203163e+02 5.792389923424991593e+01
2.550000000000000000e+02 2.010543726070309845e+02 5.789702401670727738e+01
2.550000000000000000e+02 2.009639053254437897e+02 5.801271754263835589e+01
2.550000000000000000e+02 2.011293508527671463e+02 5.797568743473721042e+01
2.550000000000000000e+02 2.016940915419422140e+02 5.829617995127044594e+01
2.550000000000000000e+02 2.017370779672815786e+02 5.824447876783849409e+01
2.550000000000000000e+02 2.022358597285067958e+02 5.853207883745213991e+01
2.550000000000000000e+02 2.027162069265576179e+02 5.873523320570831885e+01
2.550000000000000000e+02 2.029924338670379313e+02 5.874650191437521585e+01
2.550000000000000000e+02 2.028592151061608035e+02 5.850398103028193475e+01
2.550000000000000000e+02 2.026516881308736515e+02 5.841292638357118250e+01
2.550000000000000000e+02 2.014682648799164610e+02 5.761407065784894144e+01
2.550000000000000000e+02 2.008837582666202479e+02 5.711310476853463314e+01
2.550000000000000000e+02 2.009455621301775068e+02 5.713941002436477845e+01
2.550000000000000000e+02 2.008975113122172047e+02 5.707489122868081921e+01
2.550000000000000000e+02 2.007788896623738140e+02 5.697296815175774753e+01
2.550000000000000000e+02 2.007137138879220402e+02 5.673307953358858668e+01
2.550000000000000000e+02 2.006163679081099929e+02 5.676968760877132070e+01
2.550000000000000000e+02 2.009138096066829178e+02 5.682811956143404331e+01
2.550000000000000000e+02 2.010212408632091865e+02 5.690617821092934037e+01
2.550000000000000000e+02 2.009528498085624904e+02 5.686703358858336088e+01
2.550000000000000000e+02 2.009891663766098020e+02 5.690057431256526144e+01
2.550000000000000000e+02 2.012033197006613250e+02 5.709433083884441373e+01
2.550000000000000000e+02 2.017565088757396552e+02 5.739138096066829320e+01
2.550000000000000000e+02 2.020261399234249780e+02 5.751771667246780595e+01
2.550000000000000000e+02 2.020961233901844878e+02 5.748219195962408889e+01
2.550000000000000000e+02 2.022129742429516170e+02 5.732041855203620173e+01
2.550000000000000000e+02 2.014763183083884428e+02 5.672496954403062830e+01
2.550000000000000000e+02 2.014570788374521442e+02 5.674106769926905969e+01
2.550000000000000000e+02 2.011638705186216498e+02 5.649973024712843994e+01
2.550000000000000000e+02 2.006584363035154865e+02 5.619097198050818065e+01
2.550000000000000000e+02 2.005650539505743097e+02 5.608276192133658355e+01
2.550000000000000000e+02 2.000777932474765066e+02 5.590767055342847414e+01
2.550000000000000000e+02 1.998421293073442371e+02 5.557127567003132640e+01
2.550000000000000000e+02 1.998439262095370736e+02 5.551307866341802821e+01
2.550000000000000000e+02 1.998000696136442684e+02 5.542652714932126656e+01
2.550000000000000000e+02 1.998991472328576435e+02 5.548163940132265992e+01
2.550000000000000000e+02 2.007984467455621314e+02 5.623504611903933181e+01
2.550000000000000000e+02 2.011174382178907081e+02 5.644207274625826898e+01
2.550000000000000000e+02 2.011086364427427782e+02 5.637960320222763499e+01
2.550000000000000000e+02 2.011134397841977091e+02 5.636600243647755093e+01
2.550000000000000000e+02 2.009897319874695540e+02 5.639814218586842998e+01
2.550000000000000000e+02 2.011267359902540761e+02 5.638877479986076935e+01
2.550000000000000000e+02 2.014147972502610457e+02 5.667168029933866791e+01
2.550000000000000000e+02 2.015815436825617724e+02 5.671282196310476564e+01
2.550000000000000000e+02 2.016565132265924092e+02 5.676995301079011824e+01
2.550000000000000000e+02 2.015915071353985297e+02 5.669453097807170394e+01
2.550000000000000000e+02 2.019238035154890269e+02 5.693429342151061689e+01
2.550000000000000000e+02 2.014848198746954324e+02 5.662279846849982334e+01
2.550000000000000000e+02 2.007747955099199544e+02 5.604234249912983046e+01
2.550000000000000000e+02 1.999278498085624847e+02 5.537660981552384243e+01
2.550000000000000000e+02 1.991759006265228038e+02 5.494678471980508050e+01
2.550000000000000000e+02 1.989055777932474882e+02 5.479243386703794272e+01
2.550000000000000000e+02 1.975551644622345862e+02 5.413644709363035190e+01
2.550000000000000000e+02 1.981035024364775552e+02 5.460089192481726172e+01
2.550000000000000000e+02 1.985642882004872831e+02 5.497204577097110700e+01
2.550000000000000000e+02 1.995686869126348881e+02 5.592187173686042456e+01
2.550000000000000000e+02 2.000680255830142755e+02 5.622600504698920787e+01
2.550000000000000000e+02 2.000868734772015216e+02 5.615980682213714203e+01
2.550000000000000000e+02 2.011512747998607722e+02 5.712450400278454765e+01
2.550000000000000000e+02 2.009636529759832797e+02 5.701968760877132070e+01
2.550000000000000000e+02 2.007919335189697279e+02 5.699174208144796694e+01
2.550000000000000000e+02 2.006189262095370793e+02 5.682862426035502779e+01
2.550000000000000000e+02 2.005610076575008804e+02 5.688789592760181080e+01
2.550000000000000000e+02 2.005700574312565152e+02 5.685650017403411027e+01
2.550000000000000000e+02 2.011517490428123835e+02 5.704745910198398917e+01
2.550000000000000000e+02 2.011332318134354296e+02 5.705858858336233652e+01
2.550000000000000000e+02 2.009833884441350449e+02 5.688251827358162416e+01
2.550000000000000000e+02 2.008225852767142499e+02 5.676162547859380680e+01
2.550000000000000000e+02 2.011592020536025132e+02 5.697037504350852544e+01
2.550000000000000000e+02 2.013475678733031771e+02 5.705672206752523579e+01
2.550000000000000000e+02 2.012620779672815843e+02 5.705043073442394785e+01
2.550000000000000000e+02 2.013049295161851830e+02 5.709205534284719619e+01
2.550000000000000000e+02 2.012548468499825844e+02 5.697271145144448212e+01
2.550000000000000000e+02 2.011564871214758057e+02 5.690365036547163413e+01
2.550000000000000000e+02 2.008812304211625417e+02 5.679108945353289073e+01
2.550000000000000000e+02 2.007109380438566006e+02 5.671627218934911241e+01
2.550000000000000000e+02 2.007145666550644023e+02 5.658647754959972076e+01
2.550000000000000000e+02 2.004783588583362359e+02 5.647206752523494799e+01
2.550000000000000000e+02 2.003579533588583388e+02 5.645938914027149025e+01
2.550000000000000000e+02 2.004163069961712438e+02 5.643820918900104289e+01
2.550000000000000000e+02 2.001886660285416042e+02 5.631886964845109844e+01
2.550000000000000000e+02 2.003275670031326001e+02 5.638696049425687562e+01
2.550000000000000000e+02 2.006830403759136914e+02 5.643041681169508905e+01
2.550000000000000000e+02 2.006723372781065109e+02 5.641741646362687135e+01
2.550000000000000000e+02 2.006601505395057359e+02 5.641490167072745976e+01
2.550000000000000000e+02 2.008082231117298875e+02 5.658136529759833167e+01
2.550000000000000000e+02 2.009288156978767859e+02 5.663051688130873629e+01
2.550000000000000000e+02 2.010791246084232569e+02 5.658500261051165836e+01
2.550000000000000000e+02 2.012972502610511754e+02 5.673653411068569596e+01
2.550000000000000000e+02 2.012495910198398974e+02 5.674486164288200740e+01
2.550000000000000000e+02 2.010160502958579798e+02 5.658784371736860663e+01
2.550000000000000000e+02 2.012884049773755635e+02 5.671260006961364297e+01
2.550000000000000000e+02 2.013303776540201966e+02 5.672950313261399202e+01
2.550000000000000000e+02 2.011620736164288132e+02 5.668889227288548227e+01
2.550000000000000000e+02 2.009865167072746317e+02 5.654551427079707793e+01
2.550000000000000000e+02 2.009123694744169768e+02 5.643557692307692264e+01
2.550000000000000000e+02 2.010762530455969284e+02 5.648383223111729734e+01
2.550000000000000000e+02 2.009927601809954751e+02 5.652937695788374839e+01
2.550000000000000000e+02 2.011654063696484513e+02 5.666351374869474711e+01
2.550000000000000000e+02 2.011044683257918564e+02 5.667792377305951845e+01
2.550000000000000000e+02 2.009249347372085026e+02 5.653424121127741131e+01
2.550000000000000000e+02 2.007903541594152443e+02 5.620406804733728023e+01
2.550000000000000000e+02 2.005499825965889329e+02 5.619267751479289785e+01
2.550000000000000000e+02 2.004165245388095968e+02 5.607975548207448924e+01
2.550000000000000000e+02 2.002202314653672204e+02 5.590835363731291352e+01
2.550000000000000000e+02 2.001947311172989998e+02 5.592205447267664198e+01
2.550000000000000000e+02 2.001303776540201795e+02 5.606993125652628152e+01
2.550000000000000000e+02 2.000957318134354352e+02 5.610490776192133922e+01
2.550000000000000000e+02 2.002159589279498846e+02 5.628422380786633994e+01
2.550000000000000000e+02 2.003433170901496680e+02 5.634837713191785724e+01
2.550000000000000000e+02 2.002260137486947542e+02 5.620258440654368570e+01
2.550000000000000000e+02 2.001604420466411511e+02 5.611012878524190484e+01
2.550000000000000000e+02 2.001287808910546460e+02 5.618491994430908676e+01
2.550000000000000000e+02 2.000535372432997008e+02 5.613990602158023080e+01
2.550000000000000000e+02 1.997509528367559994e+02 5.600495562130177518e+01
2.550000000000000000e+02 1.994551992690567488e+02 5.590020449008005698e+01
2.550000000000000000e+02 1.994401844761573273e+02 5.587803254437869782e+01
2.550000000000000000e+02 1.983906674208144807e+02 5.534634528367560335e+01
2.550000000000000000e+02 1.982192003132614104e+02 5.525213626870866790e+01
2.550000000000000000e+02 1.980692742777584385e+02 5.517482161503654936e+01
2.550000000000000000e+02 1.987179646710755208e+02 5.565328924469196181e+01
2.550000000000000000e+02 1.996031543682561846e+02 5.635655238426731728e+01
2.550000000000000000e+02 2.005562304211625531e+02 5.697927253741733722e+01
2.550000000000000000e+02 2.016244474416985781e+02 5.787162373825269412e+01
2.550000000000000000e+02 2.015011573268360507e+02 5.778406282631395641e+01
2.550000000000000000e+02 2.005954838148277020e+02 5.712770187956839862e+01
2.550000000000000000e+02 2.005285851026801254e+02 5.698402801949182361e+01
2.550000000000000000e+02 1.998133788722589657e+02 5.661218238774799971e+01
2.550000000000000000e+02 1.995995344587539080e+02 5.662037939436129363e+01
2.550000000000000000e+02 1.995923512008353669e+02 5.658407152801949280e+01
2.550000000000000000e+02 1.994147667942916939e+02 5.634920814479637841e+01
2.550000000000000000e+02 1.997184780717020658e+02 5.680024799860773044e+01
2.550000000000000000e+02 1.999359032370344664e+02 5.699195092238078786e+01
2.550000000000000000e+02 1.999769535328924519e+02 5.703039940828402621e+01
2.550000000000000000e+02 1.999956491472328537e+02 5.692498694744169541e+01
2.550000000000000000e+02 2.001313348416289557e+02 5.705471632439958540e+01
2.550000000000000000e+02 2.002260572572224078e+02 5.728081273929690553e+01
2.550000000000000000e+02 2.003716411416637584e+02 5.721510180995475281e+01
2.550000000000000000e+02 2.004225200139227354e+02 5.713546815175774185e+01
2.550000000000000000e+02 2.007691394013226613e+02 5.747956839540550078e+01
2.550000000000000000e+02 2.008437521754263742e+02 5.749701531500173957e+01
2.550000000000000000e+02 2.008907631395753697e+02 5.746903933170901269e+01
2.550000000000000000e+02 2.008618256178210970e+02 5.738736512356421571e+01
2.550000000000000000e+02 2.008485120083536515e+02 5.737237208492864937e+01
2.550000000000000000e+02 2.009741298294465821e+02 5.730157065784894144e+01
2.550000000000000000e+02 2.010550339366515971e+02 5.736072485207100868e+01
2.550000000000000000e+02 2.011504263835711868e+02 5.730261921336582276e+01
2.550000000000000000e+02 2.012921032022276506e+02 5.751339627567003276e+01
2.550000000000000000e+02 2.013104463974939051e+02 5.749015837104072091e+01
2.550000000000000000e+02 2.011331143404107138e+02 5.735388096066829178e+01
2.550000000000000000e+02 2.009780194918203904e+02 5.726651583710407323e+01
2.550000000000000000e+02 1.992488948833971563e+02 5.605630438565958684e+01
2.550000000000000000e+02 1.992234510964148910e+02 5.602215889314305741e+01
2.550000000000000000e+02 1.998444048033414617e+02 5.653657326836059838e+01
2.550000000000000000e+02 1.997949008005569169e+02 5.652478245736164553e+01
2.550000000000000000e+02 1.997983597285067958e+02 5.653909241211277248e+01
2.550000000000000000e+02 2.000009571876087762e+02 5.648353637312913378e+01
2.550000000000000000e+02 2.001047206752523380e+02 5.647935085276714062e+01
2.550000000000000000e+02 2.000747737556561106e+02 5.648579446571527996e+01
2.550000000000000000e+02 2.002249434389140390e+02 5.650392882004872774e+01
