2.550000000000000000e+02 1.877255574922930634e+02 4.524720173442046445e+01
2.550000000000000000e+02 1.877301060243740949e+02 4.524022587801434980e+01
2.550000000000000000e+02 1.974816690195626450e+02 5.327282549194733008e+01
2.550000000000000000e+02 1.974882379210003194e+02 5.305794606586187712e+01
2.550000000000000000e+02 1.979693343225100080e+02 5.276912328214584136e+01
2.550000000000000000e+02 1.982444034688409431e+02 5.244161096545564504e+01
2.550000000000000000e+02 1.986876278486847696e+02 5.193745498285747431e+01
2.550000000000000000e+02 1.989048625716672802e+02 5.176094456769137508e+01
2.550000000000000000e+02 1.990730394134086225e+02 5.164717364372352648e+01
2.550000000000000000e+02 1.992302104641447329e+02 5.147504609755394966e+01
2.550000000000000000e+02 1.993628777838600854e+02 5.154199199055000236e+01
2.550000000000000000e+02 1.994084207266126896e+02 5.156294837073957638e+01
2.550000000000000000e+02 1.995444013080180810e+02 5.164267553084214768e+01
2.550000000000000000e+02 1.996199328704370544e+02 5.155988000230487955e+01
2.550000000000000000e+02 1.996544304070990279e+02 5.158512921720591038e+01
2.550000000000000000e+02 1.997740859719381206e+02 5.162245022904722447e+01
2.550000000000000000e+02 1.997769922786597192e+02 5.150825794462531348e+01
2.550000000000000000e+02 1.998989455184534165e+02 5.138623267740355516e+01
2.550000000000000000e+02 1.996622201734420514e+02 5.106047062721484053e+01
2.550000000000000000e+02 1.996002945921806884e+02 5.088711501339709997e+01
2.550000000000000000e+02 1.993195100694344433e+02 5.073660289838370119e+01
2.550000000000000000e+02 1.991699235068714131e+02 5.048896539802356642e+01
2.550000000000000000e+02 1.991609200783658480e+02 5.056911751995159676e+01
2.550000000000000000e+02 1.991589933446656460e+02 5.049043475755567556e+01
2.550000000000000000e+02 1.989967371575095854e+02 5.032650753406897337e+01
2.550000000000000000e+02 1.989870170560949703e+02 5.029229810711919413e+01
2.550000000000000000e+02 1.990305072171482834e+02 5.029826918090408583e+01
2.550000000000000000e+02 1.990579928836901047e+02 5.025219683655536329e+01
2.550000000000000000e+02 1.989348691981906825e+02 5.014938848713590147e+01
2.550000000000000000e+02 1.988622007260364626e+02 5.005367123800743201e+01
2.550000000000000000e+02 1.988752953124549947e+02 5.000404434008470389e+01
2.550000000000000000e+02 1.988579907228672710e+02 4.998935794750641293e+01
2.549999855945143850e+02 1.988351508254343116e+02 4.990867642398225001e+01
2.550000000000000000e+02 1.988108775821833092e+02 4.994426157480768325e+01
2.550000000000000000e+02 1.988615488778126803e+02 4.991922123944798528e+01
2.550000000000000000e+02 1.989375774294851453e+02 4.985199443948255293e+01
2.550000000000000000e+02 1.989968560027658668e+02 4.980974315019159349e+01
2.550000000000000000e+02 1.990258002247255718e+02 4.986533752052781665e+01
2.550000000000000000e+02 1.990847654786942940e+02 4.980985839407646409e+01
2.550000000000000000e+02 1.990962322452389799e+02 4.979867613587254027e+01
2.550000000000000000e+02 1.990997003658993378e+02 4.980276729378547174e+01
2.550000000000000000e+02 1.991432337434094961e+02 4.982472485522487204e+01
2.549999963986286105e+02 1.991608444495663832e+02 4.971278342792935234e+01
2.550000000000000000e+02 1.991103280129073028e+02 4.965665965599700371e+01
2.550000000000000000e+02 1.991776196375579957e+02 4.963896251692644768e+01
2.550000000000000000e+02 1.992510516004494434e+02 4.965221556368665290e+01
2.550000000000000000e+02 1.992550491227059126e+02 4.952938719064219697e+01
2.550000000000000000e+02 1.992595796479299395e+02 4.950391829208562910e+01
2.550000000000000000e+02 1.992905298337607007e+02 4.943449465556484057e+01
2.550000000000000000e+02 1.993342468812123798e+02 4.948206156904549147e+01
2.550000000000000000e+02 1.994241587196404453e+02 4.947286006511279766e+01
2.550000000000000000e+02 1.995476101299374818e+02 4.945899478521420889e+01
2.550000000000000000e+02 1.996142210953931340e+02 4.947234867037367678e+01
2.550000000000000000e+02 1.996795103575441601e+02 4.942363291941571646e+01
2.550000000000000000e+02 1.993629318044311276e+02 4.909238237921000092e+01
2.550000000000000000e+02 1.989421799821371906e+02 4.872647224062923499e+01
2.550000000000000000e+02 1.989449890518309303e+02 4.869201792042409949e+01
2.550000000000000000e+02 1.989771384943386465e+02 4.855094139848453949e+01
2.550000000000000000e+02 1.990310834365726578e+02 4.854066668587397970e+01
2.550000000000000000e+02 1.990948061021637159e+02 4.857304301478002628e+01
2.550000000000000000e+02 1.990934843988590899e+02 4.863121956841165172e+01
2.550000000000000000e+02 1.991467378777838633e+02 4.859475928433547409e+01
2.550000000000000000e+02 1.991949998559451558e+02 4.862683669941513642e+01
2.550000000000000000e+02 1.992261265089746303e+02 4.859273171223601651e+01
2.550000000000000000e+02 1.992419617390302164e+02 4.857594211875882451e+01
2.550000000000000000e+02 1.988811871560690179e+02 4.823783096603186493e+01
2.550000000000000000e+02 1.987736682128554548e+02 4.814061194502866670e+01
2.549999855945143850e+02 1.987546241608804678e+02 4.809413264571148972e+01
2.550000000000000000e+02 1.986927489988187574e+02 4.812708519404188934e+01
2.550000000000000000e+02 1.983626004782621237e+02 4.802195756143939320e+01
2.549999855945143850e+02 1.982677007404419669e+02 4.788750036013713895e+01
2.550000000000000000e+02 1.982603287331816091e+02 4.773340127920712206e+01
2.549999891958858029e+02 1.982055266645538723e+02 4.777024330865193491e+01
2.550000000000000000e+02 1.981267394623872633e+02 4.765108833443775183e+01
2.550000000000000000e+02 1.981288606701431831e+02 4.755369284623584747e+01
2.550000000000000000e+02 1.981038131320406706e+02 4.747292128842663317e+01
2.550000000000000000e+02 1.982052025411276475e+02 4.762247183727563282e+01
2.550000000000000000e+02 1.983054827278227492e+02 4.757855671439683931e+01
2.550000000000000000e+02 1.981952879656573145e+02 4.760678066207611892e+01
2.550000000000000000e+02 1.980736840588896257e+02 4.755322826932496127e+01
2.550000000000000000e+02 1.979213208389754755e+02 4.762272033190238574e+01
2.550000000000000000e+02 1.977063765882047903e+02 4.760089602120487484e+01
2.550000000000000000e+02 1.973954701950502795e+02 4.753205940822265063e+01
2.550000000000000000e+02 1.970385094644040578e+02 4.738182459880722774e+01
2.550000000000000000e+02 1.976277982655795427e+02 4.793493402287591465e+01
2.550000000000000000e+02 1.978846192630153666e+02 4.807411622345789226e+01
2.550000000000000000e+02 1.985302623238929414e+02 4.836714540897173720e+01
2.549999819931429954e+02 1.993954846005358945e+02 4.890645437782707461e+01
2.550000000000000000e+02 1.994951633582068098e+02 4.884155046241608744e+01
2.550000000000000000e+02 1.996168428937739350e+02 4.890417110835806369e+01
2.550000000000000000e+02 1.989666801117865589e+02 4.858936082860353167e+01
2.550000000000000000e+02 1.986507209945547174e+02 4.834688409346279059e+01
2.550000000000000000e+02 1.986154959808695253e+02 4.827559854792705352e+01
2.550000000000000000e+02 1.986476094096632039e+02 4.827450373102077208e+01
2.550000000000000000e+02 1.984789067676971399e+02 4.803853827537525945e+01
2.550000000000000000e+02 1.984316207611858545e+02 4.796957921576536421e+01
2.550000000000000000e+02 1.985596315076781195e+02 4.791466190325275676e+01
2.550000000000000000e+02 1.986361750554611092e+02 4.803969791696678016e+01
2.550000000000000000e+02 1.987156393154513125e+02 4.814687112852574558e+01
2.550000000000000000e+02 1.988228161283816746e+02 4.824540104871935142e+01
2.550000000000000000e+02 1.989665396583018833e+02 4.823246132127113839e+01
2.550000000000000000e+02 1.986886254285631992e+02 4.804126091215535155e+01
2.550000000000000000e+02 1.983183288196145213e+02 4.778298496067302636e+01
2.550000000000000000e+02 1.981662429052983327e+02 4.758475467458008268e+01
2.550000000000000000e+02 1.981616727649889071e+02 4.753311821141490867e+01
2.550000000000000000e+02 1.981788729148059645e+02 4.759475928433547409e+01
2.550000000000000000e+02 1.981074469157855447e+02 4.750029891382638425e+01
2.550000000000000000e+02 1.979503334869918376e+02 4.741623930392693609e+01
2.550000000000000000e+02 1.979134806534328277e+02 4.740250007202742921e+01
2.549999675876573804e+02 1.978787058111728925e+02 4.734077256619320906e+01
2.549999819931429954e+02 1.977981395315336215e+02 4.726592166296926223e+01
2.550000000000000000e+02 1.977410902071508758e+02 4.717357529747327760e+01
2.550000000000000000e+02 1.976870516292604236e+02 4.707940663804777159e+01
2.550000000000000000e+02 1.971869796018323768e+02 4.685819960240859672e+01
2.550000000000000000e+02 1.972519447405572066e+02 4.699386686450200301e+01
2.550000000000000000e+02 1.973366958137658855e+02 4.708449177446771472e+01
2.550000000000000000e+02 1.974127315681811581e+02 4.710324411535913214e+01
2.550000000000000000e+02 1.976385987784148313e+02 4.721146532599613721e+01
2.550000000000000000e+02 1.978314702238612597e+02 4.726067806620761047e+01
2.550000000000000000e+02 1.980348108559739444e+02 4.736009032239476824e+01
2.550000000000000000e+02 1.983827033334293617e+02 4.782946065861879958e+01
2.550000000000000000e+02 1.982120415454205045e+02 4.769332161687170668e+01
2.550000000000000000e+02 1.981316805439511484e+02 4.762752456135296342e+01
2.549999891958858029e+02 1.980211796652165219e+02 4.754118528335590099e+01
2.550000000000000000e+02 1.972432834423348424e+02 4.692903857789045929e+01
2.550000000000000000e+02 1.975477433806793499e+02 4.726494569131925516e+01
2.550000000000000000e+02 1.976433597914085567e+02 4.731214886628828253e+01
2.550000000000000000e+02 1.976641577112564505e+02 4.734450358696591366e+01
2.550000000000000000e+02 1.977219921346048466e+02 4.737760379152381063e+01
2.550000000000000000e+02 1.977309559480250130e+02 4.726112103489008831e+01
2.550000000000000000e+02 1.975962178397533648e+02 4.712659900890258768e+01
2.550000000000000000e+02 1.975487445619291691e+02 4.705814414128900580e+01
2.550000000000000000e+02 1.974959736667723007e+02 4.700914028061885830e+01
2.550000000000000000e+02 1.973135101846783357e+02 4.683980739865740617e+01
2.550000000000000000e+02 1.972879044340084818e+02 4.681258823359935661e+01
2.550000000000000000e+02 1.973372288167334148e+02 4.695764066956697036e+01
2.550000000000000000e+02 1.973275699386326210e+02 4.701668515370653267e+01
2.550000000000000000e+02 1.972178649629778988e+02 4.698968207093260929e+01
2.550000000000000000e+02 1.973230394134086225e+02 4.710926560834365517e+01
2.550000000000000000e+02 1.973303754069549711e+02 4.712264830447434605e+01
2.550000000000000000e+02 1.974244144170099844e+02 4.710569304791264500e+01
2.550000000000000000e+02 1.975235385634849763e+02 4.717930868074562767e+01
2.550000000000000000e+02 1.975530013829266238e+02 4.725854245296608980e+01
2.550000000000000000e+02 1.976252160822841404e+02 4.723892218156674261e+01
2.550000000000000000e+02 1.976184310985623256e+02 4.727339090725748605e+01
2.550000000000000000e+02 1.975920474516696004e+02 4.720110418047192269e+01
2.550000000000000000e+02 1.975701943300008736e+02 4.721862125097236884e+01
2.550000000000000000e+02 1.974624917168457614e+02 4.714897793079605037e+01
2.550000000000000000e+02 1.973575801665274128e+02 4.711300023048777064e+01
2.550000000000000000e+02 1.972184411824022447e+02 4.698479500993978775e+01
2.550000000000000000e+02 1.971414438618225802e+02 4.693472154196317803e+01
2.550000000000000000e+02 1.970232252441729770e+02 4.683521565011956511e+01
2.550000000000000000e+02 1.970481791466190202e+02 4.684105347316258161e+01
2.550000000000000000e+02 1.970391252989138309e+02 4.693301089054712349e+01
2.550000000000000000e+02 1.969873519836353637e+02 4.685867498343369419e+01
2.549999927972571925e+02 1.971569405629663834e+02 4.679987179117807727e+01
2.550000000000000000e+02 1.971810805554755177e+02 4.688774885476389187e+01
2.550000000000000000e+02 1.971159821660088198e+02 4.687024618974905366e+01
2.550000000000000000e+02 1.971481856290875498e+02 4.686420668990751892e+01
2.550000000000000000e+02 1.971477966809761142e+02 4.687110691751419012e+01
2.549999603849145728e+02 1.969497608689388812e+02 4.677984456481028275e+01
2.550000000000000000e+02 1.968140179780460528e+02 4.661133639689993657e+01
2.550000000000000000e+02 1.967284097784436199e+02 4.650926992998933684e+01
2.550000000000000000e+02 1.967215383618081717e+02 4.651073568815004933e+01
2.550000000000000000e+02 1.966932315825866624e+02 4.641963179578783638e+01
2.550000000000000000e+02 1.965745159756835392e+02 4.630371085309285917e+01
2.550000000000000000e+02 1.965455069290385666e+02 4.623654167506986568e+01
2.550000000000000000e+02 1.963804488749315738e+02 4.616650580541070070e+01
2.550000000000000000e+02 1.962923125126048092e+02 4.614911478290932934e+01
2.550000000000000000e+02 1.962676971390705489e+02 4.614676308738367538e+01
2.549999963986286105e+02 1.962401466478434884e+02 4.613025800224725259e+01
2.550000000000000000e+02 1.962867195828171418e+02 4.615318433259385245e+01
2.550000000000000000e+02 1.964990024201215704e+02 4.632679564378115344e+01
2.550000000000000000e+02 1.965195122302572770e+02 4.622936054049382193e+01
2.550000000000000000e+02 1.964332485810596722e+02 4.617746477858768372e+01
2.550000000000000000e+02 1.963643831571062321e+02 4.607466003053963277e+01
2.550000000000000000e+02 1.964695972226223830e+02 4.613663603100060584e+01
2.550000000000000000e+02 1.968042510588032030e+02 4.647732576565155682e+01
2.550000000000000000e+02 1.968902013886888085e+02 4.653842303149038884e+01
2.550000000000000000e+02 1.969620343426776969e+02 4.654383949407934296e+01
2.550000000000000000e+02 1.970621236566884704e+02 4.664412688351724512e+01
2.550000000000000000e+02 1.970946836555360164e+02 4.664401524100377117e+01
2.550000000000000000e+02 1.971268042870725310e+02 4.661244922066322971e+01
2.550000000000000000e+02 1.971857515341842202e+02 4.671566812642254263e+01
2.550000000000000000e+02 1.972110799792561124e+02 4.679115647238468512e+01
2.550000000000000000e+02 1.971693977066466914e+02 4.670613169494943406e+01
2.550000000000000000e+02 1.969793605404938148e+02 4.651583523005560750e+01
2.550000000000000000e+02 1.967927734881442916e+02 4.650081390993690178e+01
2.550000000000000000e+02 1.967415511826903582e+02 4.634110389236221295e+01
2.550000000000000000e+02 1.966305173009882026e+02 4.628028753349275348e+01
2.550000000000000000e+02 1.966199220663228573e+02 4.635235457662277980e+01
2.550000000000000000e+02 1.966489383157106090e+02 4.635687789910397782e+01
2.550000000000000000e+02 1.965854533406321139e+02 4.635297761387536042e+01
2.550000000000000000e+02 1.966026354835921381e+02 4.626528422023106657e+01
2.550000000000000000e+02 1.965476173326802893e+02 4.617018640698378107e+01
2.550000000000000000e+02 1.966312951972111023e+02 4.626529142297386699e+01
2.550000000000000000e+02 1.966552227088075142e+02 4.633196001037195089e+01
2.550000000000000000e+02 1.966825030971793922e+02 4.616548661730386982e+01
2.550000000000000000e+02 1.966057722780834922e+02 4.621724192572531820e+01
2.550000000000000000e+02 1.965939381716557648e+02 4.620444625313319165e+01
2.550000000000000000e+02 1.965510026217983750e+02 4.614800916188884372e+01
2.550000000000000000e+02 1.964835453340632228e+02 4.615568008297559999e+01
2.550000000000000000e+02 1.964597582759514864e+02 4.606600953643147278e+01
2.550000000000000000e+02 1.965026434066092236e+02 4.601170445705724887e+01
2.550000000000000000e+02 1.964801456394594936e+02 4.597991515168976662e+01
2.550000000000000000e+02 1.964781792906738929e+02 4.592624031231093085e+01
2.550000000000000000e+02 1.964833652654930916e+02 4.594266976864790308e+01
2.550000000000000000e+02 1.964979400155579299e+02 4.592024402892621282e+01
2.550000000000000000e+02 1.964665540637874983e+02 4.577410758016652892e+01
2.550000000000000000e+02 1.964779343974185508e+02 4.575707309343398066e+01
2.550000000000000000e+02 1.964544246449047762e+02 4.577662493877668481e+01
2.550000000000000000e+02 1.964220843297127601e+02 4.568320176323143755e+01
2.549999963986286105e+02 1.964471390705580802e+02 4.564163833587830510e+01
2.550000000000000000e+02 1.963775965887810173e+02 4.566442421274020802e+01
2.550000000000000000e+02 1.964063535394278119e+02 4.568129303638825434e+01
2.550000000000000000e+02 1.964477837160390550e+02 4.567834351320983188e+01
2.550000000000000000e+02 1.964796198392347719e+02 4.571606067590538203e+01
2.550000000000000000e+02 1.964018554265464331e+02 4.555124391368232750e+01
2.550000000000000000e+02 1.963883322769310666e+02 4.550576939698637347e+01
2.550000000000000000e+02 1.963087095565991547e+02 4.552850125327724840e+01
2.550000000000000000e+02 1.964266256590509556e+02 4.549436025238410508e+01
2.550000000000000000e+02 1.964308824800484103e+02 4.559959952750007517e+01
2.550000000000000000e+02 1.962870473076147277e+02 4.549680918493762505e+01
2.550000000000000000e+02 1.963735666541819000e+02 4.554417802299115436e+01
2.550000000000000000e+02 1.963787778386009393e+02 4.549945619291826659e+01
2.550000000000000000e+02 1.963817129562937680e+02 4.549939136823302022e+01
2.549999819931429954e+02 1.963159195021464143e+02 4.539608963093145633e+01
2.550000000000000000e+02 1.963169675012244682e+02 4.539173917427756777e+01
2.550000000000000000e+02 1.962175876573799371e+02 4.538832147281684826e+01
2.550000000000000000e+02 1.960787655939381580e+02 4.530445993834452167e+01
2.549999819931429954e+02 1.957766609524907153e+02 4.512845731654613957e+01
2.550000000000000000e+02 1.955402381226771240e+02 4.494628914690714083e+01
2.550000000000000000e+02 1.951594795298049405e+02 4.475910066553343825e+01
2.550000000000000000e+02 1.941356636607220025e+02 4.420146791898354621e+01
2.550000000000000000e+02 1.922299331585467712e+02 4.328584805093779408e+01
2.550000000000000000e+02 1.920801809328992533e+02 4.317407228672678343e+01
2.550000000000000000e+02 1.919868009738108299e+02 4.318616209052407129e+01
2.550000000000000000e+02 1.925205638307067204e+02 4.369935391397044100e+01
2.550000000000000000e+02 1.929806174191132015e+02 4.397767870004897617e+01
2.550000000000000000e+02 1.938767934829583055e+02 4.480257281972975392e+01
2.549999783917715774e+02 1.945942550923391536e+02 4.513437797113140704e+01
2.550000000000000000e+02 1.948832975597107406e+02 4.552557693969863806e+01
2.550000000000000000e+02 1.950649759428390269e+02 4.568167118038549290e+01
2.550000000000000000e+02 1.951767120919646175e+02 4.577690944711746113e+01
2.549999891958858029e+02 1.948085150825434368e+02 4.536655118269036535e+01
2.550000000000000000e+02 1.951216399204817264e+02 4.562023898700625324e+01
2.550000000000000000e+02 1.952695878590567418e+02 4.574653908208245667e+01
2.550000000000000000e+02 1.954024604569420092e+02 4.582118830850787816e+01
2.550000000000000000e+02 1.953504170388083878e+02 4.585102206920394963e+01
2.550000000000000000e+02 1.952679636405543135e+02 4.583030337952692435e+01
2.550000000000000000e+02 1.950886837707799089e+02 4.567856679823676558e+01
2.550000000000000000e+02 1.949746175343570940e+02 4.559520945576075235e+01
2.550000000000000000e+02 1.950996823590423332e+02 4.559154686104468368e+01
2.550000000000000000e+02 1.957663790371373409e+02 4.601897922728975487e+01
2.550000000000000000e+02 1.963355541790313623e+02 4.628718776109942468e+01
2.550000000000000000e+02 1.974297624535423097e+02 4.688319311994007421e+01
2.550000000000000000e+02 1.976619860843009064e+02 4.711345760465585641e+01
2.550000000000000000e+02 1.977135217090668107e+02 4.694971044973926411e+01
2.550000000000000000e+02 1.971057398657408726e+02 4.642751519778731506e+01
2.550000000000000000e+02 1.963645812325333395e+02 4.597725373822351713e+01
2.550000000000000000e+02 1.962167305309862115e+02 4.589803437148866294e+01
2.550000000000000000e+02 1.962817316834250505e+02 4.600663732749431034e+01
2.550000000000000000e+02 1.961035682387853285e+02 4.594618470713647440e+01
2.550000000000000000e+02 1.959433468264715259e+02 4.596177144256532898e+01
2.550000000000000000e+02 1.958286431473104869e+02 4.590065616986948527e+01
2.550000000000000000e+02 1.957736790169696519e+02 4.593831931199400742e+01
2.549999819931429954e+02 1.956904117087786972e+02 4.595072603647469123e+01
2.550000000000000000e+02 1.958120840416030433e+02 4.600108401279207015e+01
2.550000000000000000e+02 1.957201590365611139e+02 4.601176928174248815e+01
2.550000000000000000e+02 1.957402150739001456e+02 4.600719914143305544e+01
2.550000000000000000e+02 1.957157473565933969e+02 4.600612953412659323e+01
2.550000000000000000e+02 1.956865690454925186e+02 4.596743279840963226e+01
2.550000000000000000e+02 1.954571292748278495e+02 4.581051024230026769e+01
2.550000000000000000e+02 1.953963705379008218e+02 4.570025785819240127e+01
2.549999891958858029e+02 1.954801672476879162e+02 4.583578466680111774e+01
2.550000000000000000e+02 1.953455443833011600e+02 4.579227649889077867e+01
2.549999855945143850e+02 1.952656011409144696e+02 4.565918781872137089e+01
2.550000000000000000e+02 1.952208036820421171e+02 4.566854778299576623e+01
2.550000000000000000e+02 1.952663610302803363e+02 4.573845400328445265e+01
2.550000000000000000e+02 1.951270023624996384e+02 4.561447679276268730e+01
2.550000000000000000e+02 1.949921238007433146e+02 4.555440231640208282e+01
2.550000000000000000e+02 1.948827897663430235e+02 4.547979630643349225e+01
2.550000000000000000e+02 1.949167362931804348e+02 4.554776138753637582e+01
2.550000000000000000e+02 1.948420330461839853e+02 4.539971621193350160e+01
2.550000000000000000e+02 1.947170546544124079e+02 4.529303998962804911e+01
2.550000000000000000e+02 1.946955832781123092e+02 4.525314399723414738e+01
2.550000000000000000e+02 1.946998869169379702e+02 4.529668817885850984e+01
2.550000000000000000e+02 1.949471030568440426e+02 4.544058817597741040e+01
2.550000000000000000e+02 1.945840127920712348e+02 4.527887579590308320e+01
2.550000000000000000e+02 1.942977073669653407e+02 4.501299734939064479e+01
2.550000000000000000e+02 1.940487445619291691e+02 4.484115431156184428e+01
2.550000000000000000e+02 1.937161615143046447e+02 4.480032916534616305e+01
2.550000000000000000e+02 1.938408553977354529e+02 4.477796464893831541e+01
